600 1000 50 10 3000
199 731
300 593
202 385
947 474
972 270
982 439
920 8
346 359
27 422
930 996
530 259
837 222
854 925
512 478
207 470
394 277
150 602
428 417
821 780
497 614
98 965
418 233
377 322
310 287
999 275
77 409
415 862
313 460
83 589
892 365
291 865
710 706
487 841
203 666
84 848
325 141
936 139
825 986
796 281
893 974
101 838
409 257
838 405
209 692
165 371
588 371
442 845
103 11
463 48
812 504
931 119
130 606
86 620
598 610
30 394
272 494
261 641
275 69
615 252
450 5
575 269
113 444
406 829
57 169
258 389
440 497
327 62
722 685
365 903
31 550
254 277
620 781
758 930
130 397
196 323
499 12
541 633
423 862
21 403
319 67
686 829
850 937
822 861
424 492
288 437
380 298
653 58
995 531
344 119
641 99
120 664
386 320
689 385
787 100
395 836
758 235
737 289
719 867
768 220
700 86
102 885
937 573
582 731
216 170
751 477
461 200
118 774
318 265
503 480
235 115
66 925
714 461
729 966
697 762
602 240
 3 442
668 842
221 805
31 517
860 699
382 858
487 493
999 117
503 536
898 297
946 541
908 883
343 435
117 662
49 145
760 148
271 651
919 991
426 201
789 952
660 614
97 457
259 973
932 166
940 351
587 530
313 877
20 929
901 105
74 557
402 433
104 444
45 404
507 547
845 527
925 346
451 773
901 286
941 241
453 811
285 226
353 417
333 61
967 441
797 250
283 612
795 423
248 431
359 467
796 716
665 656
91 741
596 722
180 415
768 462
374 925
97 765
703 64
80 15
650 149
514 259
657 544
46 833
666 210
203 39
396 848
529 187
906 974
978 817
362 538
869 128
506 510
918 925
171 623
23 145
261 68
794 163
684 454
822 364
117 673
157 985
682 625
312 811
852 670
959 584
568 491
111 684
966 496
158 946
552 98
955 752
631 249
239 388
682 412
798 945
268 418
241 803
910 798
353 200
156 44
 6 675
672 795
760 157
570 758
384 911
596 477
793 283
402 688
103 721
672 529
37 431
667 71
780 490
841 387
529 542
928 273
35 203
802 425
233 597
921 341
512 942
430 365
922 588
871 937
594 64
185 822
981 619
139 791
162 604
141 837
12 747
809 608
536 498
376 287
856 323
839 953
736 754
582 54
197 764
617 235
328 352
606 759
496 773
948 132
276 824
596 118
637 260
610 137
424 373
694 37
382 632
605 63
378 244
949 153
34 476
262 900
974 90
401 272
916 658
340 68
247 667
466 584
344 624
576 248
546 79
797 954
865 241
746 742
720 103
866 451
587 310
658 895
294 309
559 89
385 177
301 115
731 785
208 379
344 72
71 990
984 624
807 35
265 263
226 17
618 188
946 896
310 920
307 347
350 73
892 946
865 872
502 896
382 597
21 217
928 153
536 893
307 672
220 232
931 881
203 105
176 455
810 34
440 676
947 133
662 28
443 936
775 46
585 316
306 469
477 42
62 741
771 94
523 763
949 628
995 587
971 398
288 367
243 506
 8 17
625 270
40 867
473 242
660 907
50 629
275 249
523 544
248 720
981 165
754 295
483 507
583 288
829 339
993 447
87 866
745 273
723 252
406 225
836 544
112 288
442 617
710 657
239 44
569 976
494 962
736 599
316 755
744 478
984 373
851 572
510 119
257 430
691 436
316 646
845 324
966 691
486 634
181 48
415 690
303 57
869 460
429 643
110 65
549 296
938 709
337 306
478 645
734 727
804 621
682 579
841 334
643 532
119 432
647 554
274 267
301 356
571 435
859 433
196 904
185 642
790 770
13 264
183 522
279 134
953 924
453 538
545 359
493 826
276 789
958 710
536 282
680 965
924 46
647 63
847 619
853 120
118 474
376 196
633 883
521 59
215 592
340 326
390 333
81 54
312 830
101 446
785 235
437 825
265 871
571 952
780 234
250 976
918 372
927 290
206 857
174 722
832 917
380 205
550 534
89 480
263 531
154 221
87 758
694 697
638 990
594 78
230 623
788 846
348 15
163 667
474 350
883 373
162 750
929 743
284 605
676 96
579 506
712 920
183 256
643 207
132 95
731 801
43 417
993 601
834 745
71 140
810 421
900 672
278 626
739 960
59 47
700 481
895 176
714 471
166 213
331 725
463 940
10 484
851 663
572 213
904 693
721 469
 2 539
61 854
637 609
450 986
165 24
433 401
849 234
77 580
418 694
796 553
584 88
218 846
872 722
109 581
333 681
614 27
271 587
929 485
577 110
453 54
258 418
512 374
757 730
153 974
506 322
142 596
558 283
542 939
855 17
979 293
251 665
153 687
28 673
626 908
945 200
554 628
779 972
280 620
522 234
597 839
758 649
840 401
499 520
499 203
680 176
486 625
790 838
701 483
132 818
337 230
514 546
82 804
39 502
982 60
705 580
227 224
223 206
635 756
58 919
447 944
196 912
388 315
826 982
276 994
15 196
736 572
491 492
407 240
35 492
322 583
678 700
679 841
904 972
10 834
815 580
97 499
639 130
936 750
108 534
825 807
744 91
952 882
15 210
730 306
474 765
109 689
615 821
572 115
579 984
583 608
715 764
844 530
303 453
663 755
788 137
961 648
248 115
711 297
368 436
771 850
999 135
663 868
418 996
703 840
102 735
484 456
881 181
414 932
883 355
160 261
556 766
694 358
601 976
168 801
434 729
372 832
962 549
727 432
665 693
612 601
 0 103
677 553
753 943
116 267
506 616
853 622
859 633
523 136
62 633
167 932
939 596
833 475
36 354
469 477
552 683
147 290
176 718
903 993
99 523
665 876
117 240
842 842
612 160
42 89
492 604
943 7
505 517
137 512
942 883
880 644
791 93
753 537
575 712
447 571
523 640
439 252
402 894
402 907
291 213
792 632
383 653
757 337
256 902
15 682
93 719
787 682
909 507
75 747
558 949
950 78
502 915
901 873
996 903
335 534
511 310
978 898
691 844
407 872
818 239
432 822
94 451
780 259
307 527
873 841
587 100
327 376
121 125
474 852
736 620
50 64
67 224
602 72
481 194
308 930
989 742
526 687
625 690
501 423
540 955
652 735
455 829
342 675
515 686
353 353
554 524
11 974
259 442
61 493
499 870
725 46
607 579
903 211
127 388
385 667
972 324
518 364
474 175
612 670
510 564
547 988
873 533
72 264
716 601
926 243
169 688
65 278
658 33
476 705
732 129
876 128
185 511
718 51
462 180
129 944
258 251
394 184
792 681
291 857
311 840
30 199
523 465
903 592
905 866
957 664
479 578
96 399
411 148
170 557
470 48
80 19
534 304
635 145
952 998
12 532
306 60
146 274
222 645
487 197
390 66
254 842
613 939
 4 960
444 562
280 648
460 715
69 955
194 112
566 589
388 131
672 351
730 643
193 511
185 590
849 688
803 576
57 846
735 67
765 274
782 47
758 363
273 973
829 633
549 133
607 663
398 185
979 916
340 439
113 935
788 409
923 165
212 906
957 339
696 994
370 625
213 441
392 503
129 520
986 840
98 213
691 845
899 382
916 855
390 78
588 364
117 919
974 629
960 647
530 729
529 49
160 853
755 834
247 552
736 656
233 516
743 257
98 445
19 884
628 930
842 889
718 176
796 876
175 644
883 889
324 502
31 906
649 937
631 342
426 661
546 949
496 971
666 116
12 912
174 604
415 212
449 121
141 215
215 106
671 69
350 327
754 372
711 173
190 90
276 280
756 349
417 872
764 400
225 846
774 735
382 156
544 512
648 790
204 962
195 13
120 170
189 441
680 859
962 284
857 827
252 338
216 57
388 421
807 764
821 273
350 767
277 65
118 225
762 702
415 614
270 139
884 108
987 558
759 256
659 431
539 951
995 577
824 780
450 356
850 14
382 514
102 11
600 515
222 857
926 13
727 988
205 401
261 251
506 183
205 909
507 562
600 859
488 54
779 427
672 656
247 788
818 579
183 605
395 137
660 227
264 573
587 511
332 804
813 976
 6 736
530 527
722 254
380 792
552 752
89 438
593 1
446 582
810 431
402 295
506 164
727 825
541 505
216 386
944 500
194 780
695 578
184 0
982 302
777 337
145 87
984 519
773 184
209 881
147 400
739 817
135 349
349 238
515 711
532 897
475 846
131 193
621 357
834 962
46 269
569 195
377 600
226 536
653 47
570 227
298 306
390 832
666 360
786 105
835 714
859 170
326 221
301 777
777 761
495 504
428 70
977 735
600 819
722 442
452 869
848 871
225 298
576 820
135 478
203 738
927 977
611 811
422 577
477 369
234 671
873 945
553 978
647 46
731 229
548 166
535 985
698 154
207 256
36 132
591 847
969 644
496 289
220 837
86 93
198 610
50 603
15 571
420 77
856 735
933 350
75 723
 9 284
92 770
651 189
837 891
62 834
766 581
168 676
232 531
673 727
396 494
437 463
19 204
369 448
609 33
149 460
490 957
914 604
612 734
99 213
746 898
520 905
131 199
573 6
551 180
151 527
734 809
769 51
154 246
407 273
550 998
282 912
943 866
291 159
354 262
693 79
166 475
 2 144
45 537
662 232
456 536
534 658
708 598
985 810
325 867
730 637
914 292
363 416
478 183
505 616
587 401
32 712
437 56
140 238
811 23
31 972
681 580
793 69
417 766
544 170
232 610
304 831
392 541
11 99
246 813
253 903
473 915
221 652
823 104
173 340
814 851
332 868
252 52
453 903
644 973
768 388
543 566
567 753
505 587
486 950
379 259
501 250
26 108
63 933
902 939
988 516
985 895
502 566
615 445
802 188
212 300
999 261
902 626
412 74
637 429
747 301
928 649
768 600
891 162
583 871
274 567
767 911
317 142
984 763
585 991
845 572
265 719
465 947
454 991
28 369
238 545
786 317
589 439
411 548
102 867
301 524
219 881
671 775
351 872
189 446
525 804
125 701
907 439
574 867
100 513
82 512
269 908
213 838
721 431
568 829
701 635
27 977
686 847
30 985
775 120
286 828
855 43
978 189
330 547
309 357
65 609
763 710
827 745
539 301
950 299
942 286
809 108
36 554
45 655
383 869
283 523
 0 217
809 737
759 857
818 545
647 421
684 407
609 424
733 122
788 611
215 806
34 62
357 259
374 141
356 881
450 708
60 116
681 379
 3 801
544 374
420 46
708 10
839 306
298 798
987 592
699 704
126 563
676 644
48 370
523 416
586 160
791 973
106 628
672 330
812 167
824 758
467 185
382 291
581 593
590 101
310 238
680 371
705 482
310 180
683 872
904 234
821 96
687 169
540 785
785 372
308 271
664 488
268 466
207 485
480 55
914 477
276 32
720 428
573 16
469 284
535 497
941 278
277 251
361 645
 8 968
810 74
613 441
576 691
792 473
584 172
519 168
172 168
996 677
618 829
83 75
178 398
677 66
22 869
59 746
233 180
434 119
74 631
275 811
139 782
 7 935
886 928
554 873
754 545
22 444
699 381
447 802
957 577
426 637
733 733
486 606
944 533
410 757
964 796
794 487
833 16
407 984
382 428
388 823
294 541
843 666
351 946
593 518
238 312
310 743
276 985
485 47
83 136
826 504
624 755
886 243
908 8
112 818
967 46
372 603
765 430
454 888
515 302
543 478
145 740
751 435
519 556
207 290
261 424
340 263
231 947
897 492
180 541
740 83
547 37
289 470
313 320
669 729
998 253
663 858
931 461
423 760
880 588
559 794
98 385
490 804
221 143
632 472
740 395
528 507
716 938
40 803
829 23
850 273
695 20
10 663
260 37
430 337
133 78
649 348
834 688
100 959
669 433
956 338
551 468
661 597
959 402
446 402
17 779
938 695
99 337
88 413
272 356
443 783
395 505
493 79
609 318
783 989
67 892
256 41
953 876
444 926
805 321
637 825
368 538
168 971
690 465
182 750
495 507
390 680
354 809
963 664
602 570
199 551
115 212
57 79
116 509
199 590
740 876
692 318
731 726
370 424
536 921
318 24
894 626
351 370
46 128
799 445
181 211
951 560
18 827
64 357
942 629
964 79
772 55
400 463
975 367
659 886
289 488
603 329
319 511
809 170
37 431
301 640
729 700
436 863
888 823
738 108
631 917
814 514
963 501
730 860
193 921
316 399
144 470
72 159
292 873
544 186
995 250
145 841
317 657
472 828
678 773
123 874
501 808
567 533
151 820
571 875
388 230
925 761
445 898
942 785
109 604
167 570
480 1
344 369
483 280
225 515
612 869
92 947
230 995
460 727
375 690
272 603
554 485
543 187
929 103
671 645
304 581
775 164
335 311
424 670
484 440
785 991
257 183
330 791
611 782
694 660
102 576
64 486
816 798
862 306
601 789
92 644
346 75
255 905
325 551
965 771
419 122
544 518
71 243
233 473
109 140
526 914
815 418
507 341
58 889
629 591
850 719
998 530
900 536
563 758
44 895
974 237
311 596
244 456
414 965
236 541
858 384
312 197
915 498
806 10
958 258
154 39
923 712
708 671
712 496
278 481
580 107
465 637
394 422
282 88
344 518
105 88
932 717
576 7
470 946
88 679
613 876
871 684
275 524
954 268
321 589
283 476
79 614
915 639
567 786
344 91
751 666
282 658
421 753
624 735
847 320
111 694
120 143
508 114
778 354
24 407
897 549
937 709
 8 494
833 976
187 550
655 653
456 972
43 98
741 648
822 79
174 327
244 693
944 673
560 107
165 866
741 326
165 577
926 459
547 831
527 87
56 748
245 742
374 812
172 66
623 249
339 417
143 188
588 737
749 760
213 200
229 368
484 149
376 725
754 911
328 959
796 697
243 141
490 722
25 618
936 688
72 510
850 748
417 828
689 135
539 181
847 891
400 898
685 623
577 103
900 115
753 68
930 25
201 574
957 50
499 316
527 839
225 296
980 513
746 27
224 453
829 720
634 813
199 725
800 148
585 121
471 839
372 633
888 171
455 278
991 846
304 107
777 755
934 368
59 12
588 659
578 799
897 144
425 888
813 419
279 439
790 237
996 357
953 380
905 288
889 819
599 973
633 791
939 816
774 495
396 266
605 501
263 217
500 807
168 954
785 327
864 704
958 717
623 415
107 246
959 124
887 538
10 619
46 894
962 973
186 46
490 532
594 542
256 710
567 945
634 325
18 697
923 860
159 1
216 131
429 338
952 169
729 311
912 709
959 154
560 473
856 289
884 440
698 106
268 627
411 710
663 0
967 907
267 783
882 411
764 192
164 845
20 868
784 373
852 939
232 343
138 821
170 429
182 91
572 857
897 971
 2 157 477
 2 465 476
 2 354 943
 2 126 973
 3 587 663
 3 38 148
 3 509 585
 3 449 382
 3 19 711
 3 127 550
 4 452 210
 4 457 792
 4 362 380
 4 479 836
 5 582 425
 5 91 706
 5 504 454
 5 213 991
 6 484 986
 6 201 98
 6 450 148
 7 534 207
 7 12 506
 7 456 442
 7 35 24
 8 436 457
 8 319 960
 8 553 614
 9 137 210
 9 93 636
 9 184 569
 9 434 882
 9 157 481
 9 420 478
 9 174 909
 9 419 726
 9 4 957
 10 36 369
 11 330 821
 11 256 650
 11 521 435
 11 441 820
 11 503 694
 12 467 878
 12 199 893
 13 525 166
 13 333 831
 13 256 997
 13 452 584
 13 67 769
 14 370 241
 14 521 58
 14 447 893
 14 121 69
 14 208 908
 15 444 616
 15 529 497
 15 238 923
 16 535 336
 17 23 927
 17 197 289
 17 388 419
 17 445 997
 17 110 146
 17 152 731
 17 26 163
 17 133 183
 17 44 592
 18 592 763
 18 47 745
 18 252 60
 18 491 455
 18 532 848
 18 206 305
 19 470 598
 20 220 809
 20 383 489
 20 148 338
 20 537 34
 20 185 913
 20 416 720
 20 204 208
 20 152 889
 21 376 426
 22 225 906
 23 559 465
 23 5 829
 23 399 483
 23 1 899
 23 41 150
 24 199 807
 24 48 344
 24 257 116
 24 410 102
 24 316 750
 24 16 315
 24 154 620
 24 473 853
 24 381 752
 24 6 554
 25 96 933
 25 282 282
 25 309 218
 25 550 579
 25 70 622
 25 285 899
 25 135 608
 25 573 158
 25 479 786
 25 585 16
 25 478 140
 25 309 538
 25 538 372
 25 462 346
 25 534 125
 25 570 616
 25 305 980
 25 196 699
 25 590 615
 26 238 765
 26 455 113
 26 190 185
 27 191 650
 27 196 809
 27 96 485
 27 341 661
 28 562 854
 28 595 684
 29 410 4
 29 347 185
 29 508 894
 29 147 197
 29 285 771
 29 34 86
 29 235 128
 29 552 818
 29 174 78
 29 232 297
 29 42 340
 29 269 967
 29 239 830
 29 203 672
 29 475 41
 30 105 513
 30 566 228
 31 156 65
 32 482 143
 33 255 152
 33 49 25
 33 144 289
 34 319 721
 34 478 553
 34 199 229
 34 578 93
 35 543 468
 35 554 150
 35 7 702
 36 114 516
 36 357 443
 36 30 712
 36 296 8
 36 515 471
 36 25 597
 36 520 419
 37 473 737
 37 345 504
 38 370 400
 38 124 659
 39 223 382
 39 98 784
 39 552 325
 39 438 591
 39 385 670
 39 299 132
 39 153 761
 39 307 801
 39 338 563
 39 477 596
 39 301 972
 40 509 413
 40 597 447
 40 357 690
 40 388 585
 40 333 94
 40 173 968
 40 172 22
 41 161 281
 41 577 392
 41 121 558
 41 483 775
 42 243 733
 42 398 372
 43 595 634
 43 373 84
 43 272 977
 44 249 539
 44 66 374
 44 538 846
 44 357 133
 44 114 108
 44 501 946
 44 8 555
 44 158 160
 44 189 345
 45 422 345
 45 404 968
 45 152 762
 45 46 43
 45 212 269
 45 19 34
 46 559 267
 46 259 395
 46 176 517
 46 124 954
 47 356 122
 47 162 617
 47 284 817
 47 316 327
 47 277 293
 47 588 516
 47 201 940
 47 59 751
 47 434 61
 47 597 337
 47 554 218
 47 364 581
 47 248 656
 48 420 978
 49 467 791
 50 565 657
 50 548 375
 50 187 169
 51 132 836
 51 447 997
 51 390 3
 52 501 737
 52 100 175
 52 365 747
 52 335 18
 52 575 671
 53 340 886
 53 408 774
 53 212 103
 54 149 835
 54 198 794
 55 588 304
 55 292 470
 55 242 379
 55 596 316
 56 360 833
 57 383 406
 57 138 892
 57 579 479
 57 286 838
 57 130 325
 57 317 166
 57 185 287
 58 354 979
 59 132 828
 60 227 202
 61 67 127
 62 518 553
 62 451 781
 62 281 658
 62 362 254
 63 456 715
 64 228 683
 65 442 51
 65 253 866
 65 479 312
 65 432 320
 65 447 669
 65 415 348
 65 448 68
 66 363 848
 67 141 307
 67 506 341
 68 565 385
 68 97 625
 69 95 3
 69 470 68
 69 295 444
 69 390 56
 69 270 673
 70 257 502
 70 569 256
 70 54 446
 71 234 725
 71 60 344
 71 520 112
 71 419 434
 71 474 674
 71 579 741
 72 591 934
 72 275 38
 72 214 427
 72 194 159
 72 109 496
 72 190 583
 72 193 691
 72 488 699
 73 239 338
 73 284 551
 73 502 502
 74 107 892
 75 311 245
 75 385 461
 75 374 677
 75 522 442
 75 542 57
 75 122 226
 75 239 798
 75 525 424
 75 169 500
 76 65 352
 76 353 432
 76 188 328
 76 297 721
 76 44 929
 76 92 10
 77 445 419
 77 164 789
 77 367 291
 77 249 808
 77 290 792
 77 92 474
 77 315 71
 77 336 210
 78 82 28
 78 209 443
 78 344 911
 78 533 662
 78 507 234
 78 544 121
 78 430 904
 78 237 740
 78 344 161
 79 269 273
 80 522 156
 80 243 242
 80 355 608
 80 522 882
 80 513 121
 80 578 22
 80 544 21
 80 69 427
 81 82 959
 81 310 916
 81 86 110
 81 529 6
 82 404 716
 82 589 882
 82 129 198
 83 358 703
 83 314 961
 84 528 596
 84 194 352
 84 409 543
 84 65 92
 84 84 826
 85 424 283
 85 361 974
 86 5 237
 86 308 143
 86 424 443
 86 447 200
 86 65 253
 87 125 380
 87 279 935
 87 277 350
 87 223 985
 87 76 935
 87 181 537
 87 285 257
 88 408 878
 88 211 611
 88 72 65
 88 352 906
 88 433 481
 88 442 185
 89 110 349
 89 531 599
 89 593 924
 89 430 176
 89 254 451
 89 302 367
 89 299 802
 89 152 201
 89 263 440
 89 414 268
 89 405 64
 90 536 443
 91 145 317
 91 254 583
 91 391 433
 92 570 102
 92 596 746
 92 406 36
 93 283 989
 93 289 897
 93 114 466
 93 492 756
 93 110 641
 93 517 910
 93 585 896
 93 447 341
 93 415 135
 93 361 53
 93 226 940
 93 555 48
 94 456 275
 94 505 686
 94 460 823
 94 172 565
 94 342 559
 95 347 218
 96 200 127
 96 236 602
 96 577 361
 96 289 198
 96 171 586
 96 396 64
 96 63 412
 96 376 568
 96 386 80
 96 581 91
 96 305 573
 96 163 944
 96 323 989
 96 62 61
 96 93 94
 96 86 846
 96 414 963
 96 73 369
 96 252 253
 96 233 359
 97 144 995
 97 398 561
 98 4 471
 98 341 717
 98 297 674
 98 27 249
 98 474 886
 98 550 845
 98 429 912
 98 160 58
 98 302 929
 98 411 211
 99 331 653
 99 16 89
 99 233 513
 99 530 789
 99 350 410
 99 183 88
 99 573 358
 99 155 605
 99 426 951
 100 273 216
 100 144 544
 100 135 930
 100 478 588
 100 21 437
 100 514 692
 100 197 979
 100 286 111
 101 265 35
 101 392 750
 101 509 246
 101 361 459
 101 90 39
 101 210 961
 102 588 570
 102 468 727
 102 556 153
 102 245 312
 102 246 465
 102 55 514
 102 160 277
 102 32 715
 102 549 852
 103 96 805
 103 85 991
 103 570 328
 103 407 138
 103 404 502
 104 480 522
 104 576 690
 105 210 241
 105 469 798
 105 375 435
 105 250 395
 105 410 947
 105 471 444
 105 159 678
 105 79 387
 105 76 431
 105 423 155
 105 463 26
 105 566 283
 105 351 499
 105 569 155
 105 428 480
 105 8 747
 105 80 834
 105 436 198
 105 224 992
 105 431 2
 105 451 934
 105 372 301
 105 137 455
 105 513 452
 105 277 405
 105 167 246
 106 173 213
 106 135 154
 106 81 332
 106 424 418
 106 279 16
 106 378 359
 106 188 775
 106 486 65
 106 316 407
 106 423 29
 106 24 979
 107 491 360
 107 141 106
 107 419 423
 107 522 481
 107 451 881
 107 580 350
 107 457 363
 107 296 873
 107 213 966
 108 55 459
 109 197 375
 109 329 960
 109 316 502
 109 55 196
 109 537 600
 110 592 566
 110 94 574
 110 490 412
 111 86 236
 112 58 192
 112 112 847
 112 594 314
 112 207 319
 112 340 590
 112 10 182
 112 470 347
 112 251 244
 112 514 642
 112 176 809
 112 43 460
 113 303 258
 113 126 869
 113 158 175
 113 439 756
 113 347 992
 113 387 438
 113 428 632
 113 113 730
 113 146 332
 113 177 807
 113 30 618
 113 29 177
 113 525 421
 113 291 138
 113 90 561
 113 120 94
 113 368 394
 113 165 979
 114 427 322
 114 340 580
 114 190 607
 114 125 317
 114 117 802
 114 534 329
 114 582 629
 114 558 270
 115 512 325
 115 366 571
 115 552 96
 116 72 951
 116 24 855
 116 175 299
 116 131 444
 116 169 585
 116 461 893
 117 476 514
 117 539 36
 117 244 226
 117 36 536
 117 497 426
 117 174 88
 117 557 42
 117 7 184
 118 56 307
 118 201 965
 118 198 695
 118 186 121
 118 133 805
 119 112 688
 119 239 593
 119 427 426
 119 239 220
 119 347 244
 119 162 59
 120 566 362
 120 301 540
 120 77 585
 121 492 662
 121 507 732
 122 193 689
 122 250 261
 122 198 185
 123 5 338
 123 66 390
 124 568 767
 124 402 106
 124 294 283
 124 273 487
 124 28 748
 124 127 512
 124 394 606
 125 565 532
 126 319 908
 126 273 214
 126 176 259
 126 287 771
 127 91 676
 127 440 561
 127 58 133
 127 305 136
 127 546 643
 128 321 566
 128 33 285
 128 533 685
 128 227 906
 128 317 813
 128 331 84
 129 553 153
 130 371 923
 130 243 562
 130 320 225
 130 515 940
 130 324 933
 130 438 975
 130 28 937
 130 85 663
 131 505 867
 131 556 532
 131 132 446
 131 372 77
 131 579 607
 131 397 658
 132 576 839
 132 195 686
 132 588 390
 132 239 679
 132 562 368
 132 187 732
 132 108 186
 132 80 867
 132 278 827
 132 425 507
 132 396 17
 132 443 579
 132 3 21
 132 281 40
 132 368 384
 133 341 722
 133 400 63
 133 564 467
 133 379 773
 133 184 738
 133 408 127
 133 589 757
 133 498 400
 133 350 923
 133 289 636
 134 306 346
 134 429 275
 134 481 776
 135 354 391
 136 40 894
 136 82 572
 136 327 255
 136 46 680
 136 342 10
 136 534 630
 136 442 105
 136 26 922
 136 68 71
 136 552 554
 136 145 256
 137 387 109
 137 127 499
 138 149 407
 138 3 919
 138 590 343
 138 446 147
 138 438 171
 138 508 266
 139 428 541
 139 413 610
 139 424 818
 139 532 397
 140 359 702
 140 45 46
 140 42 462
 140 584 833
 141 235 91
 141 366 594
 142 143 210
 142 238 883
 143 281 748
 144 383 745
 144 514 709
 144 581 891
 144 504 712
 144 529 6
 144 79 696
 145 416 609
 145 559 137
 146 390 59
 146 458 785
 146 204 217
 146 181 289
 146 52 376
 147 509 106
 147 434 450
 147 585 653
 147 72 96
 147 453 384
 147 110 28
 147 451 454
 148 548 592
 148 510 186
 148 514 355
 148 504 327
 148 1 23
 148 116 250
 149 98 848
 149 161 568
 149 222 984
 150 367 455
 150 465 372
 151 1 403
 151 117 856
 151 519 143
 151 78 716
 151 495 739
 152 592 557
 152 55 299
 152 403 163
 152 158 466
 152 386 765
 152 267 270
 152 83 787
 152 133 747
 152 333 142
 153 490 576
 153 394 124
 154 340 361
 155 268 533
 156 61 72
 156 465 854
 156 263 795
 156 258 402
 156 336 314
 156 48 868
 157 213 712
 158 488 994
 158 128 800
 158 229 501
 158 231 41
 158 205 223
 158 46 988
 158 212 506
 159 247 887
 160 522 769
 160 3 166
 160 547 606
 160 536 163
 161 214 654
 161 30 598
 161 307 633
 162 198 688
 163 550 988
 164 74 119
 164 403 9
 164 111 401
 164 380 43
 164 182 284
 164 546 408
 165 200 67
 165 315 709
 165 258 713
 165 375 76
 166 169 249
 166 293 264
 167 260 377
 167 199 508
 167 337 630
 167 301 716
 167 422 672
 168 245 404
 168 404 737
 168 343 306
 168 323 817
 168 124 602
 169 457 270
 170 370 187
 171 382 804
 171 222 121
 172 291 604
 172 24 119
 172 550 731
 172 285 878
 172 441 845
 172 560 533
 173 28 545
 173 415 211
 174 383 112
 174 511 61
 174 165 468
 174 330 164
 174 322 18
 174 140 185
 174 427 533
 174 129 84
 174 403 712
 174 8 531
 174 486 290
 174 192 124
 174 508 472
 174 73 89
 174 91 585
 174 126 230
 174 405 327
 174 208 309
 174 547 691
 174 176 662
 174 274 60
 174 270 253
 174 274 701
 175 313 653
 175 434 794
 176 598 693
 176 63 694
 177 548 721
 177 147 96
 177 406 857
 177 593 53
 178 387 766
 178 122 750
 178 550 338
 178 280 320
 178 458 64
 178 598 243
 179 75 606
 179 116 632
 179 305 355
 179 536 939
 179 269 702
 179 292 780
 179 89 320
 180 488 466
 180 559 454
 181 336 91
 181 507 302
 181 52 998
 181 496 814
 181 378 998
 181 143 241
 182 545 603
 182 215 321
 183 165 109
 184 414 374
 184 517 258
 184 220 604
 184 36 539
 184 264 349
 184 28 731
 184 153 254
 184 25 60
 185 207 214
 185 464 199
 186 73 596
 186 389 184
 187 92 126
 187 527 585
 187 569 424
 187 222 225
 187 548 338
 187 133 791
 187 530 569
 187 584 413
 187 219 884
 188 370 18
 189 276 959
 189 422 827
 189 507 891
 189 79 185
 190 551 924
 191 195 218
 191 187 797
 191 492 751
 192 134 307
 192 546 770
 192 454 39
 193 268 778
 194 332 984
 194 286 429
 194 451 170
 194 357 598
 194 56 160
 194 401 759
 194 581 459
 195 490 367
 196 54 636
 196 87 164
 196 369 334
 196 406 443
 196 510 923
 196 581 428
 197 510 289
 197 458 681
 197 176 747
 197 84 326
 197 435 75
 197 86 856
 197 225 210
 197 258 985
 198 74 570
 198 548 17
 199 181 40
 200 159 902
 201 245 53
 201 342 208
 201 568 620
 202 186 486
 202 105 997
 202 254 673
 202 146 687
 202 103 43
 202 192 854
 202 16 787
 202 207 955
 203 579 863
 203 594 979
 203 598 323
 203 153 308
 203 587 888
 203 230 958
 204 409 429
 204 502 446
 204 125 950
 204 424 262
 204 541 978
 204 64 509
 205 327 612
 206 285 828
 207 328 714
 207 418 211
 207 324 270
 207 466 277
 207 409 171
 207 346 430
 207 195 278
 208 195 542
 208 589 526
 208 111 17
 208 224 924
 208 289 596
 209 322 167
 209 323 938
 209 26 307
 210 14 116
 210 84 473
 210 598 942
 210 521 767
 210 137 969
 211 75 656
 212 489 197
 212 242 650
 212 568 774
 212 264 767
 212 547 957
 212 265 203
 213 176 427
 213 130 914
 213 369 173
 213 378 376
 213 468 277
 213 432 732
 213 301 610
 213 24 405
 213 473 668
 213 273 260
 213 357 331
 213 392 401
 214 290 334
 214 474 241
 214 278 117
 214 453 242
 215 70 15
 215 249 105
 216 555 966
 216 59 632
 216 475 993
 216 431 724
 216 130 413
 217 546 782
 217 394 898
 217 197 818
 217 167 923
 217 576 840
 217 391 833
 217 598 751
 217 398 255
 217 386 383
 217 575 789
 217 335 36
 218 206 873
 219 24 984
 219 117 674
 219 150 506
 219 53 824
 219 321 581
 219 207 796
 219 263 576
 220 549 135
 221 78 246
 221 386 485
 221 473 342
 221 272 521
 222 471 382
 223 269 25
 223 483 923
 224 115 181
 224 104 920
 224 13 586
 224 120 675
 224 485 985
 224 422 175
 225 453 267
 225 154 603
 225 310 5
 225 208 528
 226 463 935
 226 47 944
 226 540 12
 226 472 217
 226 397 274
 226 319 80
 226 293 229
 226 389 898
 226 187 31
 226 438 991
 226 125 166
 227 322 697
 227 88 853
 227 502 995
 227 532 134
 227 571 66
 227 150 886
 227 250 554
 228 68 988
 228 507 79
 228 343 851
 228 507 761
 228 416 216
 228 467 389
 228 102 512
 228 515 65
 228 360 609
 228 591 550
 228 525 244
 229 377 693
 229 360 709
 229 295 562
 229 549 756
 229 579 632
 229 408 593
 229 423 653
 229 259 770
 229 161 761
 229 265 464
 229 210 902
 229 55 451
 229 573 594
 229 508 592
 229 461 935
 229 190 897
 229 225 857
 229 481 60
 229 460 641
 229 141 431
 229 92 677
 229 307 719
 229 486 750
 229 6 751
 229 509 578
 229 209 697
 230 447 770
 230 170 917
 230 72 349
 230 92 386
 230 102 237
 230 144 569
 230 419 950
 230 421 62
 230 544 719
 230 243 210
 230 387 892
 230 355 658
 230 376 281
 230 353 229
 230 91 376
 230 575 956
 231 422 75
 232 236 22
 232 232 686
 232 189 369
 232 156 725
 232 586 25
 232 463 970
 232 568 259
 232 40 419
 233 518 745
 234 185 602
 235 98 673
 235 253 967
 235 562 490
 236 537 98
 236 187 224
 236 441 984
 236 498 129
 236 450 292
 236 318 13
 237 184 334
 237 163 197
 237 547 263
 237 435 166
 238 263 969
 238 510 290
 238 286 339
 238 453 50
 238 339 701
 238 320 650
 238 578 101
 238 582 584
 239 533 423
 239 570 193
 239 394 736
 239 374 654
 239 82 272
 239 156 129
 240 217 906
 241 120 77
 241 431 28
 241 323 685
 241 489 792
 241 208 460
 242 35 297
 243 22 293
 243 359 628
 243 408 862
 244 427 387
 244 317 486
 244 266 193
 244 470 78
 244 213 451
 244 581 845
 244 535 335
 245 128 531
 245 471 346
 246 252 827
 247 188 526
 247 285 764
 247 179 350
 247 324 632
 247 90 160
 247 578 9
 247 553 490
 247 333 859
 247 38 909
 247 534 783
 247 221 964
 248 404 954
 248 164 664
 249 54 871
 249 156 532
 249 213 870
 250 536 599
 250 460 150
 250 589 177
 250 512 624
 250 134 553
 250 266 630
 250 411 983
 251 269 892
 251 517 537
 251 468 828
 251 506 65
 252 256 837
 252 186 18
 252 29 488
 252 565 254
 252 529 624
 252 215 534
 253 299 276
 253 342 52
 253 487 678
 254 522 179
 254 557 752
 254 272 400
 254 504 595
 254 136 271
 254 448 678
 254 185 845
 254 437 436
 254 49 563
 255 78 833
 255 477 433
 255 294 998
 255 506 724
 255 438 727
 255 574 209
 255 450 314
 255 20 912
 255 345 354
 255 547 938
 255 569 520
 255 43 609
 255 197 671
 255 42 192
 255 73 780
 255 597 880
 255 524 563
 255 556 643
 256 570 77
 257 82 113
 257 354 921
 257 273 281
 257 490 915
 258 252 377
 258 419 237
 259 319 164
 259 549 71
 259 489 73
 259 374 319
 259 44 647
 259 97 342
 260 307 92
 260 365 40
 260 587 566
 260 136 989
 260 341 703
 261 402 61
 261 8 767
 262 575 647
 262 110 713
 263 230 686
 263 438 694
 263 64 38
 263 538 746
 263 578 438
 263 77 674
 263 588 572
 263 338 593
 263 27 785
 264 353 269
 264 294 236
 264 574 256
 264 435 615
 264 27 442
 264 91 81
 264 562 793
 264 23 55
 264 162 75
 265 213 484
 265 314 62
 265 236 33
 265 550 439
 265 171 621
 265 188 372
 265 349 287
 265 437 527
 265 248 505
 265 527 594
 265 42 412
 265 42 603
 266 337 434
 266 177 211
 267 490 204
 267 480 62
 267 108 857
 268 152 576
 268 91 716
 269 419 672
 270 443 359
 271 508 138
 271 37 31
 271 360 969
 271 370 818
 271 530 911
 271 86 262
 271 532 596
 271 93 51
 272 34 726
 273 118 576
 273 95 949
 273 587 246
 273 433 461
 273 302 176
 273 38 342
 273 393 639
 273 405 951
 273 107 119
 273 520 499
 273 365 217
 273 447 242
 274 367 616
 274 180 549
 274 564 503
 275 382 911
 275 482 391
 275 500 27
 276 74 668
 276 253 330
 276 451 614
 276 251 136
 276 86 819
 276 60 779
 276 326 885
 277 103 733
 277 510 608
 277 13 908
 277 194 363
 278 144 858
 279 589 893
 279 117 274
 279 105 841
 279 235 62
 279 294 460
 279 493 545
 279 51 767
 279 456 161
 279 181 260
 279 296 456
 279 435 947
 279 182 613
 279 569 746
 279 406 8
 279 232 502
 279 307 469
 279 162 711
 280 403 573
 281 542 774
 281 221 961
 281 77 675
 281 412 729
 281 75 292
 281 53 907
 281 113 290
 281 32 81
 281 383 328
 281 398 570
 281 372 748
 282 346 21
 282 315 572
 282 336 755
 282 403 288
 283 555 357
 283 43 964
 283 374 359
 283 259 131
 284 78 619
 284 144 831
 285 427 77
 285 561 317
 286 69 281
 286 360 495
 287 574 860
 287 492 190
 287 498 206
 287 294 59
 287 337 332
 287 7 833
 288 144 282
 288 2 655
 288 418 147
 288 185 781
 288 277 449
 288 168 926
 289 38 643
 289 256 645
 289 15 414
 289 79 107
 289 361 154
 289 131 804
 290 297 605
 290 445 87
 290 246 647
 290 542 426
 290 571 142
 290 109 202
 290 142 366
 290 179 500
 290 152 632
 290 40 132
 290 244 847
 290 183 312
 290 156 662
 291 307 341
 291 147 398
 292 198 455
 293 213 707
 293 421 248
 293 236 746
 293 536 744
 294 478 224
 295 591 242
 295 248 726
 295 368 877
 295 431 143
 296 386 572
 296 439 165
 296 389 64
 296 365 738
 296 319 174
 297 115 96
 297 323 864
 297 329 56
 297 217 565
 297 93 756
 297 204 365
 297 75 639
 297 490 836
 297 259 857
 297 122 605
 297 392 946
 297 388 421
 297 111 456
 297 374 125
 297 515 933
 297 93 885
 297 313 334
 298 186 376
 298 72 142
 298 223 403
 299 19 418
 299 397 704
 299 509 360
 299 158 486
 299 587 989
 299 4 824
 299 408 149
 300 198 61
 300 61 614
 301 356 334
 302 236 963
 303 239 147
 303 265 986
 303 256 509
 304 166 188
 304 236 788
 305 120 501
 305 151 290
 305 10 356
 305 167 876
 305 477 762
 305 403 468
 305 571 288
 305 101 930
 305 521 363
 305 504 560
 305 79 3
 306 473 30
 306 38 341
 306 109 348
 306 533 342
 306 124 897
 306 85 977
 306 312 846
 306 45 353
 306 399 307
 307 427 551
 307 59 206
 308 199 188
 308 285 610
 309 498 836
 309 262 939
 310 32 717
 310 403 45
 310 506 660
 310 215 383
 311 462 522
 311 518 572
 311 107 978
 312 114 465
 312 327 104
 312 392 348
 312 393 986
 312 304 621
 312 63 245
 313 250 258
 314 540 17
 314 104 316
 314 577 618
 314 529 106
 314 107 860
 314 123 992
 314 290 959
 315 586 888
 315 411 126
 316 414 413
 316 126 664
 316 419 398
 316 248 260
 316 252 667
 316 86 73
 316 387 954
 316 437 47
 317 566 359
 317 422 112
 317 59 595
 317 273 896
 317 434 681
 317 207 306
 317 78 60
 317 408 103
 318 567 160
 318 93 643
 319 496 639
 319 86 56
 319 212 639
 319 430 721
 319 462 920
 319 354 334
 319 552 595
 319 562 814
 320 156 308
 320 114 388
 320 570 508
 320 265 785
 320 352 909
 320 112 23
 320 429 634
 320 395 878
 320 280 69
 320 45 501
 320 5 753
 320 336 989
 320 108 893
 320 593 380
 321 296 298
 321 473 581
 321 141 281
 321 381 368
 321 94 540
 321 171 998
 321 27 343
 321 545 428
 321 251 172
 321 116 407
 321 296 846
 322 393 480
 323 474 405
 323 323 913
 323 541 939
 323 86 982
 324 354 546
 324 243 924
 324 258 199
 324 242 286
 324 537 342
 324 367 87
 324 393 855
 324 392 198
 324 166 202
 324 197 228
 324 546 783
 324 403 440
 324 39 513
 324 235 285
 325 498 472
 325 232 450
 326 271 110
 327 34 788
 327 91 725
 327 89 226
 327 446 587
 327 243 527
 327 489 987
 327 1 822
 327 320 652
 328 76 852
 328 280 425
 329 329 468
 329 116 33
 329 140 82
 329 577 641
 329 17 612
 329 64 125
 329 442 16
 329 592 983
 330 292 526
 331 250 403
 332 277 63
 332 103 807
 332 328 110
 333 452 289
 333 515 998
 333 164 725
 334 445 687
 334 527 720
 335 444 172
 336 233 372
 337 589 933
 337 518 402
 338 275 298
 338 180 517
 338 428 563
 339 372 250
 339 409 930
 339 436 340
 339 530 525
 339 410 557
 340 62 692
 341 25 217
 341 90 4
 341 435 215
 341 318 949
 341 321 11
 341 271 240
 341 345 536
 341 576 776
 341 328 227
 341 413 785
 342 109 222
 342 449 163
 342 399 927
 343 451 970
 344 261 67
 344 114 304
 345 228 102
 345 328 49
 345 135 244
 345 231 877
 345 572 59
 345 200 756
 345 207 840
 345 364 219
 346 103 563
 346 401 659
 347 189 25
 347 437 298
 347 124 806
 347 384 98
 347 32 713
 347 504 279
 347 403 927
 347 410 961
 347 566 318
 347 387 669
 347 494 960
 347 490 902
 347 578 113
 347 47 511
 347 594 387
 347 48 716
 347 383 273
 347 221 199
 347 100 416
 347 407 339
 347 308 572
 347 15 395
 347 228 221
 347 315 674
 347 557 993
 347 173 725
 347 293 334
 347 393 793
 347 147 102
 348 563 746
 348 505 452
 348 461 162
 349 133 707
 349 99 17
 349 293 558
 349 16 458
 349 210 712
 350 104 835
 350 425 963
 350 160 54
 350 88 448
 350 184 513
 351 469 458
 351 281 740
 352 47 730
 353 307 969
 354 485 759
 355 101 910
 355 134 109
 355 79 558
 355 195 879
 356 349 395
 356 99 91
 356 306 948
 356 183 224
 356 274 159
 357 119 194
 357 167 627
 357 21 11
 358 273 259
 358 21 382
 358 72 989
 358 336 507
 358 589 274
 358 291 172
 358 213 933
 358 117 145
 358 483 925
 358 66 181
 358 438 22
 358 246 644
 358 340 143
 359 235 604
 359 454 659
 360 269 851
 360 476 434
 361 514 284
 361 468 538
 362 356 448
 362 352 637
 363 288 424
 363 516 485
 363 140 708
 363 148 537
 364 39 626
 364 121 250
 364 577 226
 365 474 626
 365 110 222
 366 516 541
 366 96 977
 366 45 721
 366 386 452
 366 210 656
 366 30 686
 366 340 311
 366 290 474
 366 505 673
 367 486 986
 367 589 394
 367 507 514
 368 448 561
 368 514 308
 368 323 584
 369 287 450
 369 40 806
 370 385 382
 370 118 869
 371 586 758
 371 177 980
 372 104 323
 372 108 223
 372 133 88
 372 310 611
 372 266 262
 372 592 407
 372 260 791
 372 507 12
 372 133 994
 372 390 684
 372 325 687
 372 146 912
 372 540 173
 372 202 866
 373 156 628
 373 270 31
 374 183 436
 374 395 914
 374 148 152
 374 40 683
 374 237 114
 374 480 945
 374 156 469
 374 349 304
 375 158 515
 375 164 343
 375 244 2
 375 210 155
 375 111 622
 375 303 404
 375 16 623
 376 144 321
 376 164 792
 376 592 224
 376 350 919
 376 67 567
 376 102 393
 376 255 245
 377 188 706
 377 132 204
 378 208 817
 379 151 817
 380 332 390
 381 338 301
 382 24 793
 382 181 552
 383 433 357
 383 403 692
 383 324 490
 383 400 623
 384 380 445
 384 575 324
 385 473 104
 386 283 655
 387 490 926
 387 302 362
 387 391 904
 387 102 468
 387 148 746
 387 175 765
 387 592 168
 387 196 110
 387 171 147
 387 340 363
 387 12 948
 387 152 508
 387 370 776
 387 492 678
 388 569 935
 388 514 501
 388 117 388
 388 228 439
 388 309 761
 388 557 888
 388 429 695
 388 81 840
 388 458 862
 388 35 59
 388 37 822
 389 370 854
 389 581 267
 389 44 102
 390 143 820
 390 403 712
 390 361 473
 391 382 587
 391 484 930
 391 584 310
 391 297 195
 391 546 355
 391 138 730
 391 410 415
 391 297 614
 392 384 106
 392 325 789
 393 430 125
 393 592 135
 394 400 417
 394 415 786
 394 2 857
 394 473 597
 394 56 202
 394 570 608
 395 525 307
 395 152 736
 396 99 794
 396 336 150
 396 437 97
 396 483 91
 396 70 956
 396 350 203
 396 401 812
 396 74 901
 396 68 340
 396 164 769
 396 281 838
 396 62 529
 397 98 901
 397 441 173
 397 133 142
 397 136 596
 397 472 232
 397 322 26
 397 11 137
 397 436 379
 398 571 625
 398 312 280
 398 385 331
 399 474 330
 399 59 543
 399 180 612
 399 519 287
 399 320 73
 399 200 944
 399 411 250
 399 258 222
 400 347 972
 400 422 653
 400 347 125
 401 36 643
 401 344 489
 402 348 113
 402 447 412
 402 400 608
 402 309 227
 402 23 431
 403 204 113
 403 217 16
 404 375 495
 404 230 994
 404 256 363
 405 500 855
 405 227 356
 405 162 246
 405 569 933
 405 353 713
 405 275 154
 406 30 669
 406 317 378
 406 573 918
 406 391 290
 406 11 383
 406 262 215
 406 540 145
 406 311 427
 406 400 308
 407 396 5
 407 173 983
 407 203 189
 407 165 752
 407 314 909
 407 41 257
 407 279 977
 408 558 638
 408 581 795
 408 309 510
 408 303 592
 408 365 219
 408 497 596
 408 210 787
 409 40 678
 409 530 753
 409 381 775
 410 507 897
 410 46 501
 410 309 446
 411 22 701
 411 396 377
 411 478 253
 411 177 853
 411 91 997
 411 178 386
 411 349 478
 411 275 831
 411 20 208
 411 104 990
 411 299 734
 411 594 810
 411 593 678
 411 411 222
 411 353 307
 411 451 441
 411 167 330
 411 589 321
 412 336 639
 412 59 305
 413 93 426
 413 246 293
 413 167 985
 413 282 991
 413 575 96
 413 250 656
 413 84 245
 413 34 571
 413 404 100
 413 327 211
 413 446 716
 413 311 1
 413 419 107
 413 539 996
 413 87 809
 413 215 277
 413 134 344
 414 369 232
 414 270 445
 414 262 121
 414 5 705
 414 132 451
 415 476 800
 416 156 352
 416 589 411
 416 585 424
 416 92 689
 416 423 355
 417 564 758
 417 61 66
 417 224 879
 417 231 695
 417 93 693
 417 220 965
 417 541 265
 417 116 237
 417 365 480
 417 149 829
 417 224 859
 417 86 216
 418 117 566
 418 181 885
 418 266 826
 418 111 140
 418 373 196
 418 377 358
 418 171 4
 418 524 730
 418 281 712
 418 544 743
 419 235 410
 419 576 214
 419 204 112
 419 135 366
 419 21 792
 419 214 652
 419 232 329
 419 39 925
 419 534 837
 420 525 267
 420 99 819
 420 268 717
 420 466 74
 420 463 271
 420 505 168
 420 574 658
 420 566 637
 420 282 195
 420 468 810
 420 89 997
 421 228 344
 421 126 458
 421 130 782
 421 529 231
 421 62 725
 421 405 558
 421 284 386
 422 245 651
 422 462 517
 422 164 276
 423 63 847
 423 416 960
 423 57 537
 424 424 728
 424 208 886
 424 308 9
 424 52 65
 424 131 596
 424 250 230
 424 269 49
 425 61 863
 426 113 972
 426 239 253
 426 11 389
 426 215 110
 427 363 49
 427 495 905
 427 230 190
 427 275 169
 428 272 207
 428 347 495
 428 227 383
 428 555 753
 428 415 980
 428 279 385
 428 441 138
 428 144 248
 428 592 530
 428 127 667
 429 534 692
 429 489 254
 429 458 451
 429 237 233
 430 394 17
 431 201 788
 431 150 671
 432 137 912
 432 54 467
 432 439 631
 432 583 571
 432 487 809
 433 397 317
 433 76 526
 433 380 563
 433 233 511
 433 26 927
 433 38 981
 433 376 846
 433 262 429
 433 259 990
 433 88 174
 433 68 229
 434 90 142
 434 78 638
 434 73 429
 434 66 365
 435 328 823
 436 442 394
 436 494 861
 436 286 333
 436 44 896
 436 64 862
 436 430 574
 437 132 11
 437 187 72
 437 554 106
 437 577 556
 437 587 215
 437 381 128
 437 1 825
 437 371 910
 437 108 624
 437 307 623
 437 544 45
 437 246 781
 438 301 112
 439 161 355
 440 469 483
 440 115 977
 440 233 328
 440 390 546
 441 535 792
 441 551 361
 442 334 189
 442 19 38
 443 179 166
 444 423 301
 444 165 751
 444 108 470
 444 92 430
 445 377 295
 445 297 494
 445 459 785
 446 34 723
 446 217 949
 446 406 320
 446 528 562
 447 488 111
 448 311 743
 448 250 894
 448 1 728
 448 401 565
 448 339 353
 449 547 646
 450 209 714
 451 104 67
 452 339 975
 452 141 960
 453 522 34
 453 493 894
 453 262 197
 453 531 254
 453 109 747
 453 560 46
 453 34 133
 453 475 808
 453 145 49
 454 35 170
 454 323 839
 454 225 422
 454 281 836
 454 560 297
 454 240 856
 454 454 745
 454 251 779
 454 393 515
 454 51 384
 454 359 145
 454 480 932
 454 566 880
 454 148 899
 454 556 689
 454 73 156
 455 570 555
 456 1 246
 457 416 304
 457 139 905
 457 363 35
 457 528 572
 457 19 706
 457 433 168
 457 484 452
 457 574 680
 457 370 117
 458 300 894
 458 292 447
 458 550 70
 458 287 638
 458 15 626
 458 20 161
 458 107 366
 458 355 540
 458 189 713
 458 579 974
 458 26 114
 458 453 774
 458 312 122
 458 466 488
 458 398 544
 458 514 934
 459 369 41
 459 400 472
 459 385 432
 459 415 386
 459 382 47
 459 94 394
 459 90 351
 460 172 723
 460 393 12
 460 202 318
 461 151 53
 461 339 573
 462 177 866
 462 47 937
 462 384 847
 462 347 458
 462 413 80
 462 571 599
 462 178 983
 463 94 49
 463 356 196
 463 594 187
 463 65 514
 463 347 49
 463 5 50
 463 55 298
 463 214 656
 463 454 841
 463 258 394
 463 122 789
 463 64 946
 463 206 86
 463 266 275
 463 112 706
 463 157 450
 463 453 290
 463 353 393
 463 380 717
 463 4 279
 463 399 435
 463 491 367
 463 485 887
 464 430 113
 464 87 813
 464 297 708
 464 111 30
 464 48 407
 464 209 307
 464 475 640
 464 450 857
 464 150 13
 464 301 754
 465 487 519
 466 178 745
 467 251 67
 467 360 552
 468 184 443
 468 180 672
 468 529 116
 468 334 472
 468 577 10
 469 529 750
 469 326 239
 469 290 619
 469 128 335
 469 74 223
 470 360 627
 470 188 55
 470 137 682
 471 539 383
 472 311 557
 472 313 985
 472 38 926
 472 582 770
 472 85 541
 472 358 833
 472 510 41
 472 422 264
 472 247 615
 472 577 936
 472 30 333
 472 575 332
 472 519 105
 473 556 379
 473 100 327
 473 549 990
 473 105 83
 473 261 817
 473 469 452
 473 70 397
 473 210 225
 473 220 468
 473 354 670
 473 329 169
 473 21 235
 473 285 690
 473 22 871
 473 559 209
 473 138 133
 473 479 150
 474 54 127
 474 377 471
 474 23 411
 474 241 965
 474 518 137
 474 284 921
 474 483 889
 474 432 106
 474 59 374
 474 527 729
 474 407 265
 474 341 851
 474 389 329
 475 554 290
 476 242 869
 476 109 707
 476 555 499
 476 210 97
 476 155 417
 476 201 47
 476 113 134
 476 337 959
 477 388 724
 477 311 907
 477 297 698
 477 174 268
 477 422 920
 477 218 506
 477 55 842
 478 241 303
 478 147 900
 478 133 452
 478 566 706
 478 158 133
 478 420 179
 478 162 548
 478 23 50
 478 206 974
 478 440 260
 478 519 773
 479 526 383
 479 39 411
 479 581 376
 480 594 630
 480 597 183
 480 447 917
 480 580 815
 480 88 506
 481 463 965
 481 570 958
 481 337 408
 481 12 865
 481 72 204
 482 117 417
 482 131 610
 482 224 57
 482 158 653
 482 525 327
 482 542 963
 482 231 918
 482 343 170
 482 343 729
 482 102 297
 482 62 274
 483 362 725
 483 549 231
 483 64 825
 483 6 285
 483 135 72
 483 478 434
 483 74 700
 483 300 556
 484 512 521
 484 53 158
 484 34 20
 485 346 292
 485 418 457
 485 397 548
 485 409 816
 486 160 873
 487 572 178
 487 301 603
 487 596 899
 488 316 797
 488 440 852
 488 333 318
 488 342 897
 488 594 38
 488 77 153
 488 571 407
 489 248 684
 489 24 515
 489 308 664
 490 43 508
 490 489 218
 490 60 870
 490 447 815
 491 346 177
 491 521 288
 491 305 1
 491 509 656
 491 79 963
 491 338 637
 491 293 381
 491 7 96
 492 116 777
 492 266 447
 492 69 936
 492 63 469
 492 545 92
 492 407 759
 492 319 177
 493 301 979
 493 149 219
 494 18 126
 495 288 594
 495 202 196
 495 532 186
 496 76 374
 496 250 445
 496 120 436
 496 146 230
 496 288 768
 496 428 307
 496 197 917
 496 550 384
 497 311 625
 497 465 11
 497 508 895
 497 9 134
 497 359 18
 497 472 373
 497 596 250
 497 502 537
 497 420 565
 497 458 836
 497 91 792
 498 429 411
 498 552 132
 498 117 523
 498 577 632
 499 528 250
 500 30 121
 500 323 727
 500 485 123
 500 128 42
 500 536 484
 500 257 428
 500 516 298
 500 245 948
 500 289 41
 501 417 788
 501 551 326
 502 113 93
 502 405 283
 502 93 76
 502 306 148
 502 213 746
 502 575 630
 502 201 84
 502 498 445
 502 160 953
 503 349 922
 504 177 580
 504 588 278
 504 63 708
 504 576 484
 504 107 513
 504 494 357
 504 491 797
 504 294 593
 505 14 496
 505 236 596
 505 219 807
 505 390 467
 505 371 702
 505 270 298
 505 229 629
 506 533 339
 506 484 397
 506 200 589
 507 306 568
 507 351 800
 507 493 837
 507 329 178
 507 584 523
 507 330 782
 507 232 554
 508 555 581
 508 44 295
 508 134 667
 509 366 265
 509 283 942
 510 551 859
 510 278 974
 510 399 998
 510 489 458
 510 443 992
 510 417 505
 510 401 367
 510 85 620
 511 531 372
 511 343 733
 511 51 643
 511 520 680
 511 206 284
 511 346 62
 511 518 782
 511 348 117
 511 272 671
 512 570 616
 512 588 140
 512 442 964
 512 214 325
 512 140 218
 512 36 439
 512 121 360
 512 444 14
 512 103 918
 512 411 948
 512 78 745
 512 227 398
 512 236 343
 512 447 638
 512 355 952
 512 79 926
 512 408 350
 512 256 723
 512 468 659
 512 310 847
 513 38 747
 513 117 911
 514 529 174
 514 522 567
 514 88 262
 514 214 10
 514 564 782
 514 262 250
 514 39 893
 515 266 47
 515 333 157
 516 253 39
 517 511 56
 518 313 850
 518 349 27
 519 329 230
 519 129 363
 519 535 504
 519 31 33
 519 182 175
 519 595 431
 519 275 141
 520 584 586
 520 392 611
 521 95 571
 521 108 972
 521 272 120
 521 250 823
 521 459 493
 521 392 325
 521 263 514
 521 300 572
 521 297 190
 521 434 195
 521 394 264
 521 171 124
 521 59 313
 521 131 281
 521 502 407
 522 254 868
 522 480 142
 522 374 371
 523 168 284
 523 19 813
 524 204 349
 524 457 267
 524 39 342
 525 78 873
 525 102 494
 525 359 200
 525 153 582
 526 448 903
 526 447 853
 526 532 895
 526 161 314
 526 524 260
 526 12 193
 526 245 554
 526 302 79
 526 166 349
 526 77 876
 526 394 976
 526 47 198
 527 186 969
 527 516 514
 527 82 727
 527 513 184
 527 154 626
 527 364 738
 528 63 568
 528 324 558
 529 485 639
 529 260 114
 529 478 366
 529 497 74
 529 16 155
 530 295 371
 530 463 421
 530 163 542
 530 121 163
 530 341 902
 530 490 99
 530 285 801
 530 582 467
 530 202 422
 531 534 92
 532 563 967
 532 480 409
 532 541 173
 532 209 389
 533 226 724
 533 556 508
 533 306 567
 533 409 674
 533 460 98
 533 377 421
 533 465 381
 533 487 284
 533 378 223
 534 590 668
 534 257 199
 534 200 9
 534 324 751
 534 423 82
 535 256 46
 535 291 347
 536 309 335
 536 253 675
 536 68 884
 536 528 6
 536 87 267
 536 184 489
 537 318 5
 537 310 404
 538 392 374
 538 476 683
 539 47 558
 540 356 60
 541 343 126
 541 428 961
 541 88 641
 541 295 900
 541 264 508
 541 168 705
 541 146 898
 541 583 814
 542 379 707
 542 376 681
 542 504 229
 542 478 578
 543 469 59
 543 218 176
 544 369 688
 544 559 725
 544 201 288
 545 249 480
 546 485 587
 546 73 703
 546 97 937
 546 455 373
 547 387 495
 547 488 558
 548 335 747
 548 564 656
 548 598 352
 549 550 902
 549 127 946
 550 486 994
 550 230 705
 550 285 419
 550 485 460
 550 492 681
 550 133 95
 550 19 694
 551 324 351
 551 296 8
 551 126 766
 551 136 312
 551 201 316
 551 360 367
 552 315 303
 553 530 85
 553 208 748
 553 219 487
 553 133 752
 553 260 799
 554 399 795
 554 464 799
 554 513 25
 554 174 254
 555 378 40
 556 79 294
 556 293 360
 556 26 781
 557 19 177
 557 216 793
 557 530 990
 558 542 836
 558 315 398
 559 29 741
 559 551 976
 559 134 555
 559 566 180
 559 283 489
 559 379 396
 559 391 230
 559 113 789
 559 171 483
 559 505 172
 559 60 111
 560 422 867
 561 26 448
 561 402 856
 561 413 560
 561 531 196
 561 516 69
 561 239 378
 561 508 551
 561 406 978
 561 434 798
 561 239 538
 561 98 31
 561 345 23
 561 198 515
 561 68 33
 561 400 326
 561 468 502
 562 448 597
 562 46 692
 562 426 20
 563 257 729
 563 89 314
 563 308 147
 563 244 862
 563 28 183
 563 570 548
 563 279 343
 563 182 101
 563 383 360
 563 319 100
 564 205 390
 565 562 119
 565 246 865
 565 52 55
 566 445 836
 566 35 953
 567 565 943
 567 324 422
 567 513 984
 567 95 32
 567 99 716
 567 546 588
 567 98 510
 567 53 272
 567 188 522
 568 67 321
 568 468 204
 568 215 844
 568 355 682
 568 379 411
 569 371 757
 569 586 718
 569 111 420
 569 115 51
 569 317 575
 569 369 747
 569 241 717
 569 326 480
 569 564 216
 569 327 26
 569 93 589
 569 53 632
 570 296 93
 571 270 608
 572 572 724
 572 574 142
 573 106 861
 574 408 163
 574 195 635
 575 323 370
 575 279 943
 575 1 24
 575 81 214
 575 404 753
 575 35 785
 575 527 843
 575 6 752
 575 405 995
 575 227 431
 576 378 146
 576 493 657
 577 118 461
 578 570 728
 578 353 638
 579 127 233
 579 450 128
 579 148 982
 580 591 902
 580 93 588
 581 25 215
 582 442 69
 582 66 311
 583 152 742
 583 353 244
 583 383 373
 583 243 343
 583 592 17
 583 351 398
 583 495 160
 583 125 347
 584 376 62
 584 527 210
 584 313 276
 584 98 743
 584 357 77
 584 34 244
 585 528 488
 585 511 223
 585 481 948
 586 21 539
 586 326 157
 586 538 963
 586 176 143
 586 490 984
 586 473 183
 586 520 475
 586 509 946
 586 382 757
 587 2 907
 587 267 944
 587 137 935
 588 538 213
 588 594 398
 588 354 428
 588 222 811
 589 160 773
 589 425 544
 589 243 62
 589 391 717
 589 473 784
 589 207 649
 590 289 946
 590 583 53
 590 119 530
 590 354 101
 590 260 418
 590 400 858
 590 403 672
 590 333 632
 590 167 719
 590 153 456
 590 502 424
 590 36 99
 590 466 126
 590 384 168
 590 59 272
 590 248 410
 590 416 674
 590 429 748
 590 418 52
 591 384 533
 591 129 225
 591 384 306
 591 574 994
 591 485 562
 591 533 336
 591 150 542
 591 476 42
 591 563 521
 591 197 824
 591 44 450
 591 103 654
 592 68 17
 593 275 862
 593 593 888
 593 373 418
 594 131 769
 594 328 479
 595 333 286
 595 229 837
 595 60 609
 595 413 573
 595 223 573
 596 315 341
 596 457 380
 596 543 829
 596 314 458
 596 98 437
 596 227 398
 596 548 473
 596 365 829
 596 479 54
 597 169 413
 597 490 941
 597 578 437
 598 521 785
 598 395 694
 598 483 909
 598 13 299
 598 595 429
 599 7 911
 599 570 177
 599 510 266
 599 151 563
 599 2 277
 599 193 155
 599 246 219
 599 113 351
 599 430 781
 599 8 441
 599 422 277
 599 354 613
 599 292 837
 599 13 426
 599 74 77
 599 377 731
 599 265 886
 599 484 147
 599 250 745
 599 166 139
 600 303 405
 600 213 579
 601 329 621
 601 142 560
 601 479 725
 601 182 14
 601 420 223
 601 567 136
 601 583 911
 602 581 925
 602 25 649
 602 399 201
 603 177 340
 603 81 823
 603 235 415
 603 386 871
 603 448 295
 603 507 510
 604 315 505
 604 19 961
 604 228 579
 604 380 684
 604 245 602
 604 133 952
 604 542 119
 604 209 565
 604 80 58
 604 33 691
 604 580 470
 604 180 513
 604 404 571
 604 482 976
 604 76 625
 604 407 77
 604 596 989
 604 30 465
 604 324 89
 605 230 798
 606 50 597
 606 457 289
 606 37 815
 606 521 797
 606 275 438
 607 283 601
 607 513 661
 607 465 756
 607 158 648
 607 25 522
 608 250 361
 608 342 979
 608 26 891
 608 337 988
 608 407 459
 609 355 138
 610 251 29
