600 1000 50 10 3000
91 63
50 48
74 99
86 89
9 21
75 7
0 24
45 79
75 20
49 89
31 81
55 92
57 69
0 25
45 62
92 89
25 43
89 99
94 27
89 3
0 16
63 52
40 8
84 68
80 33
57 11
14 12
56 24
34 8
49 31
71 42
72 96
37 13
48 31
40 37
86 92
5 49
45 45
9 29
13 90
62 22
53 29
87 9
53 73
18 2
4 41
96 29
37 85
42 85
16 83
74 55
75 79
56 72
77 66
1 42
8 16
65 13
45 4
23 98
77 93
52 33
34 49
62 23
86 5
61 55
40 35
10 67
67 18
40 96
36 93
38 44
9 55
58 6
59 33
56 36
78 9
70 12
10 32
87 96
89 48
51 29
36 13
49 3
84 89
51 20
34 89
17 96
45 75
2 4
60 11
93 38
20 63
2 82
47 89
30 37
38 34
18 74
47 67
29 31
8 80
4 95
21 21
91 66
48 45
23 8
56 68
98 28
31 0
10 30
89 41
67 79
75 38
5 74
5 34
58 66
66 62
61 88
35 4
6 83
49 81
43 58
49 41
86 32
93 97
15 34
90 34
14 17
72 19
43 30
6 1
96 72
15 9
12 2
13 71
85 14
4 80
72 6
21 59
90 66
8 5
1 50
40 15
67 12
86 10
94 44
64 42
69 31
51 81
34 16
4 71
83 61
52 55
67 25
66 57
92 26
63 93
76 55
60 95
67 98
6 62
43 22
4 12
5 8
45 39
76 50
63 59
11 15
67 30
92 33
87 84
60 2
29 88
9 41
84 77
40 42
91 83
64 47
47 21
7 92
13 84
94 76
95 57
43 62
87 35
48 27
20 60
81 1
48 91
43 32
20 83
26 63
18 42
62 65
64 70
57 77
6 52
53 1
9 96
16 49
31 64
76 3
24 9
5 24
0 48
57 72
83 83
35 1
26 98
66 42
20 75
19 78
27 72
31 89
20 47
90 3
11 18
59 87
27 64
12 80
64 21
52 47
56 88
0 34
38 66
76 58
41 95
88 21
19 19
62 39
67 52
95 30
22 54
18 49
70 30
29 86
3 82
85 59
22 85
94 60
3 70
70 44
18 58
17 89
77 31
81 96
35 76
27 57
30 97
7 52
79 88
38 82
70 23
41 44
8 87
56 63
10 26
7 28
36 77
17 66
8 98
62 96
26 41
53 8
38 60
60 17
99 23
73 93
68 33
80 24
96 90
3 56
70 91
85 40
57 45
90 72
41 17
13 95
77 52
7 38
69 8
40 69
84 14
14 52
99 94
28 48
37 83
4 7
75 89
99 32
86 42
4 28
11 70
75 88
22 82
78 91
43 19
12 27
33 26
31 84
73 59
32 10
43 36
69 70
77 21
2 16
44 74
29 19
62 51
53 41
94 48
60 59
27 45
37 58
29 10
70 14
72 65
2 42
35 32
15 89
48 78
48 92
52 29
63 66
32 68
7 27
17 19
16 75
55 98
38 77
12 10
42 14
4 77
46 71
66 94
49 67
38 53
96 53
20 29
22 79
8 91
99 98
87 67
73 42
65 63
19 77
26 13
44 82
90 42
54 9
89 55
76 27
9 24
81 29
53 55
60 13
46 59
11 33
79 37
28 44
0 99
74 78
13 18
12 67
64 1
22 92
29 83
17 62
64 22
69 25
36 15
36 47
0 15
84 80
60 37
80 86
15 45
52 16
47 17
70 22
61 99
5 78
13 22
53 82
49 83
36 49
51 73
82 11
62 14
97 29
59 53
10 11
21 57
80 91
31 94
42 89
24 7
11 77
89 58
66 90
93 55
92 44
80 74
7 42
88 56
71 99
61 81
10 83
91 43
26 22
37 21
11 61
28 22
91 70
32 57
12 26
12 4
78 78
86 66
65 48
43 28
83 34
23 9
9 12
82 72
25 63
47 16
85 31
74 97
57 38
2 80
83 80
10 21
99 96
31 16
44 27
96 27
61 19
89 22
31 23
47 9
86 46
25 23
77 51
21 35
42 75
7 29
98 58
25 82
75 22
9 71
1 22
43 42
97 26
66 44
90 13
28 67
54 6
28 73
83 35
94 80
16 21
2 25
44 55
47 87
98 44
66 64
40 53
20 30
66 0
50 31
53 56
89 81
82 73
69 84
7 15
64 23
36 18
48 32
74 95
72 24
92 38
40 32
91 60
15 10
61 65
41 66
73 30
48 55
55 17
40 62
84 56
85 72
27 33
4 53
81 76
77 25
66 17
57 10
29 72
20 42
89 61
9 63
43 9
70 99
78 10
61 62
19 99
34 98
32 90
51 65
67 80
90 85
49 0
24 15
73 14
28 34
29 24
43 99
75 73
62 36
35 33
35 21
31 20
11 34
37 30
14 80
16 15
80 63
31 70
70 59
4 99
35 99
51 10
72 13
99 7
46 86
28 29
58 92
63 96
22 29
76 38
44 8
2 41
64 33
12 35
44 16
68 37
42 40
50 93
80 80
77 38
72 92
86 95
21 14
85 17
22 87
72 23
74 69
1 59
98 43
52 0
89 52
1 69
84 30
59 57
23 46
4 96
12 41
66 35
29 77
74 53
22 91
8 23
3 58
19 55
59 8
7 60
29 91
90 88
0 65
86 56
62 99
98 80
86 79
57 60
8 7
0 68
82 3
27 53
58 86
61 17
98 90
61 40
31 13
6 69
70 20
68 20
0 54
99 9
66 83
90 18
43 25
74 22
78 84
60 40
2 58
82 15
50 65
28 56
35 50
28 55
70 80
89 76
5 7
3 47
78 98
72 52
20 51
36 32
43 90
42 77
5 92
95 86
1 30
88 81
37 11
62 47
32 51
76 37
11 31
85 89
81 9
41 53
12 29
85 55
20 27
85 77
71 80
63 72
62 4
54 99
15 68
99 47
19 27
85 30
10 22
71 91
83 12
44 96
42 81
3 14
8 88
91 31
20 55
4 34
11 10
86 26
78 37
73 49
64 10
32 26
84 3
17 68
16 13
16 10
94 19
24 2
60 15
85 32
22 89
67 33
51 53
59 29
79 6
95 63
32 80
66 1
14 16
35 20
88 47
80 10
96 40
22 46
92 53
52 40
16 36
20 82
89 72
17 3
88 13
63 75
34 25
23 22
24 55
84 13
54 80
6 58
88 28
56 32
33 8
72 49
96 44
83 85
16 0
40 56
66 3
84 0
28 59
74 4
14 58
18 20
91 76
30 31
56 86
63 89
46 88
38 94
32 21
79 1
74 19
57 40
22 93
92 2
52 66
58 18
24 28
38 67
4 68
98 60
1 52
2 39
46 34
13 77
87 39
48 97
90 23
24 43
89 83
33 68
72 83
80 79
45 82
31 47
34 86
7 21
77 56
18 8
78 61
31 55
90 17
90 53
21 75
73 94
58 54
25 56
36 56
55 9
38 89
48 98
63 77
54 33
86 84
94 69
91 50
94 81
20 84
87 93
59 60
87 69
25 2
21 81
64 11
22 64
9 85
41 15
71 79
0 17
1 91
20 95
25 40
31 12
85 42
72 25
11 39
37 89
93 10
70 9
74 92
73 83
30 67
99 1
98 51
18 99
42 38
46 19
30 29
23 56
41 35
47 30
24 40
93 46
2 67
38 75
2 68
94 1
21 93
44 47
30 43
18 61
72 50
29 96
58 22
83 5
4 59
97 49
5 99
16 95
27 19
16 73
72 37
66 77
29 63
76 12
6 94
25 30
96 54
78 54
28 13
11 84
72 9
34 29
77 87
73 45
61 46
34 79
75 64
94 51
76 52
45 1
83 94
7 13
48 87
27 60
71 51
33 81
60 10
69 85
55 82
13 58
9 33
60 7
1 45
9 1
32 88
61 56
39 82
13 72
64 25
34 85
11 41
67 94
31 80
5 88
40 14
74 1
73 60
48 26
6 9
28 90
97 41
46 37
24 12
89 96
37 96
99 20
28 4
61 69
18 35
22 44
95 70
70 53
80 98
44 77
66 16
6 80
8 48
28 85
81 99
38 9
3 99
30 74
86 52
18 81
23 40
87 55
84 83
25 3
99 84
83 59
32 63
44 32
80 25
84 18
86 87
69 17
13 55
89 44
72 76
51 15
11 36
98 36
39 49
72 74
8 56
37 52
29 25
88 67
64 9
84 78
17 6
61 58
2 85
86 54
0 97
42 98
85 81
47 58
7 55
14 96
59 55
65 40
32 5
8 97
15 44
75 32
50 36
90 5
74 76
59 74
73 1
73 10
34 72
68 93
80 35
89 39
90 6
80 75
12 40
72 79
84 99
11 87
87 53
92 61
81 51
88 6
4 61
16 90
85 37
83 65
57 14
30 89
89 94
29 13
73 13
64 36
0 52
89 92
65 22
95 53
80 99
66 97
41 52
34 24
69 58
72 31
15 14
25 96
27 99
10 92
35 10
96 77
55 13
51 2
67 32
54 85
29 95
89 15
20 59
73 20
37 97
51 5
11 29
80 11
35 67
74 31
96 81
44 48
83 63
80 37
1 61
33 90
28 5
1 53
25 91
50 29
96 14
58 49
5 90
13 40
57 39
23 54
20 19
2 55
93 84
47 78
26 75
83 28
28 60
19 30
41 67
44 99
16 1
41 29
93 99
68 16
5 40
36 59
96 71
45 41
19 85
67 54
65 47
66 36
77 8
3 74
59 72
75 1
53 21
52 74
37 9
14 25
68 62
48 13
3 7
93 24
80 58
95 48
7 50
22 66
22 50
19 28
71 23
2 60
38 0
31 86
65 86
94 22
13 39
46 93
97 17
18 51
95 92
70 69
97 65
13 99
26 45
20 64
2 63
38 2
48 37
54 92
81 72
44 28
64 14
98 59
55 47
24 68
99 2
66 19
18 16
22 21
79 11
69 69
66 9
54 14
46 8
6 79
32 2
8 96
68 58
55 24
5 80
44 4
34 62
75 53
78 97
74 10
9 95
79 75
56 33
41 54
54 94
98 9
61 43
5 89
1 84
39 75
94 0
22 73
27 31
59 68
85 4
30 73
65 4
96 17
85 94
89 93
47 95
34 48
31 73
75 77
73 97
50 52
28 61
20 66
66 40
37 48
13 3
20 41
56 99
40 97
44 87
44 79
35 75
4 10
52 30
60 55
82 40
68 55
6 34
47 96
34 60
99 38
74 71
80 82
71 20
79 15
60 24
46 47
99 3
58 4
33 70
11 67
10 79
22 69
14 69
65 0
82 16
39 56
87 19
90 58
91 69
26 3
51 45
27 61
1 12
32 93
91 6
14 57
28 31
58 10
47 49
20 8
45 63
77 23
67 23
48 18
79 21
92 62
85 76
55 28
82 70
38 10
53 48
72 1
97 90
88 17
50 33
57 99
3 57
69 75
36 48
48 28
10 85
4 18
40 51
49 93
99 22
46 48
64 34
65 15
68 98
95 77
49 50
34 19
25 70
51 30
10 7
0 23
46 92
27 48
85 78
70 84
27 86
18 44
1 38
94 96
98 1
15 75
24 34
0 75
16 62
38 33
8 65
81 46
95 3
82 74
89 0
71 43
39 65
61 90
8 76
65 84
11 27
80 45
96 18
78 56
35 11
54 83
14 36
57 56
37 28
99 28
46 90
86 59
80 46
88 98
30 51
68 41
30 48
87 26
19 17
35 6
81 89
89 95
26 99
3 15
79 2
45 33
89 77
80 77
75 62
28 43
4 58
44 43
37 15
12 24
13 63
41 91
14 44
58 93
47 5
23 44
39 12
21 71
89 97
33 69
92 37
79 36
32 16
3 45
92 25
40 31
49 54
76 8
99 75
19 4
86 40
75 75
96 34
98 76
22 83
44 26
51 70
95 43
2 44
97 30
4 48
5 70
23 76
26 9
68 54
37 10
15 33
44 65
9 66
48 6
92 28
95 95
51 90
35 43
36 92
65 59
68 91
68 88
45 5
98 12
91 42
78 52
9 78
58 1
7 53
97 58
95 35
63 82
25 11
42 90
70 10
33 38
96 49
43 87
91 21
39 0
0 98
54 59
3 51
69 99
38 84
81 13
34 58
24 76
0 94
85 88
64 81
37 8
81 59
81 33
9 35
92 13
38 13
64 29
97 97
42 83
55 19
13 97
31 75
13 51
56 94
63 38
80 72
25 24
85 16
38 1
45 87
98 39
71 53
58 82
32 1
74 70
6 6
45 19
9 2
65 72
92 97
45 17
85 60
99 34
22 22
88 80
5 0
4 89
1 31
59 7
37 4
6 96
71 98
93 68
68 15
2 53
27 38
36 27
73 58
1 13
13 47
78 6
74 67
11 5
17 69
1 88
68 46
8 36
62 63
41 41
1 77
20 26
87 22
39 30
80 5
77 28
72 7
3 43
15 4
84 35
51 92
23 65
7 64
87 33
49 79
63 81
84 40
9 56
99 44
6 25
41 10
66 53
43 69
97 66
34 5
83 93
66 29
72 53
62 21
54 16
24 18
60 31
43 1
93 12
10 59
65 5
68 7
8 34
36 80
39 98
53 72
40 95
24 17
0 56
85 93
69 47
4 86
53 33
49 21
36 9
42 47
19 51
55 11
46 79
15 28
67 53
73 88
0 78
75 5
11 76
34 12
98 22
74 5
46 16
52 21
63 23
24 71
35 22
2 15
81 18
44 0
71 17
89 23
95 16
92 15
23 42
38 97
0 36
7 54
30 88
72 26
96 30
19 43
46 0
2 90
67 26
85 5
75 85
94 41
41 55
41 74
88 48
28 71
37 53
49 30
60 67
67 91
69 33
44 97
70 38
38 64
94 12
85 35
83 66
97 72
19 46
92 14
72 55
24 73
94 46
58 38
43 81
77 33
45 23
45 30
10 31
8 45
49 5
18 69
4 72
39 24
31 5
36 25
3 95
64 46
76 93
79 73
68 76
55 78
59 64
69 93
78 73
18 67
43 2
60 9
52 63
10 84
13 41
57 81
18 12
59 77
28 83
38 98
28 16
35 97
55 79
6 11
75 45
31 37
29 44
30 38
26 48
78 31
20 16
81 49
47 20
53 3
31 9
16 20
20 91
65 51
95 11
84 73
59 38
59 89
58 50
32 43
7 80
15 60
83 19
86 48
77 3
51 58
49 99
72 80
23 83
70 45
15 80
47 99
75 54
79 90
67 14
9 84
80 90
70 18
90 48
21 42
6 22
93 75
59 65
55 35
80 68
57 27
34 47
61 36
37 94
26 8
0 365 853
1 547 594
1 521 362
1 397 336
2 355 929
2 194 965
2 134 373
2 542 405
3 345 509
3 148 288
4 307 481
4 317 850
5 246 112
5 391 589
5 133 418
6 424 29
6 553 741
7 105 103
7 495 152
7 481 686
7 549 317
7 331 987
8 521 753
9 545 309
10 73 515
10 162 21
11 200 577
12 354 975
12 526 607
12 297 577
13 294 202
14 289 645
15 409 279
16 559 194
17 69 749
17 263 573
18 534 910
19 64 781
19 164 583
19 559 725
20 355 465
21 414 854
21 392 218
21 503 343
21 19 889
21 383 146
22 213 210
22 293 371
22 319 223
22 445 816
22 219 448
22 388 458
22 183 294
23 390 315
24 190 625
24 181 328
24 349 518
24 45 514
25 465 34
25 170 17
25 112 1
25 476 539
26 124 989
27 367 926
28 377 805
28 320 356
29 567 332
29 133 264
29 428 582
30 489 590
30 390 624
31 550 542
32 380 282
32 50 886
32 234 246
33 342 129
34 149 24
35 505 924
36 101 810
37 435 54
38 163 671
38 323 859
39 381 103
39 343 173
40 186 605
40 207 711
40 323 430
41 195 471
41 66 503
42 255 466
42 92 682
43 115 648
44 46 898
45 352 442
45 94 756
45 207 246
45 565 199
45 522 136
45 411 474
45 227 557
46 457 772
46 140 754
47 3 948
47 495 355
47 591 817
48 496 744
49 389 950
50 339 890
51 269 589
52 52 844
52 432 682
52 571 893
53 599 640
54 444 506
54 594 990
54 331 654
55 39 331
55 146 373
55 551 324
55 498 911
56 115 405
56 540 302
57 173 436
57 24 72
58 274 888
59 527 148
59 274 481
60 566 143
61 472 45
61 544 995
62 583 348
63 551 131
63 555 179
64 230 325
65 482 170
66 13 459
66 563 387
67 409 392
67 259 737
68 17 189
68 300 469
69 264 66
69 567 42
70 402 550
70 34 269
70 78 621
71 453 210
71 5 786
72 312 170
73 477 906
73 59 21
73 417 943
74 358 349
75 488 217
76 557 774
77 80 932
77 187 384
78 409 527
78 450 373
78 324 548
78 121 121
78 492 509
79 102 875
79 69 879
80 215 916
80 106 697
81 366 45
82 226 382
83 418 792
83 163 543
84 254 503
85 139 648
86 488 723
87 494 686
87 384 482
88 225 371
89 457 748
89 444 479
90 355 209
90 389 519
91 486 298
92 566 408
93 444 537
94 500 902
94 475 737
94 556 357
94 513 174
95 465 572
96 233 420
96 12 427
97 430 365
98 148 156
98 457 434
98 143 24
98 566 144
99 134 667
99 174 919
100 313 362
101 118 818
101 204 216
102 598 635
102 228 179
103 93 338
103 445 82
104 491 994
104 40 671
104 224 197
104 53 527
104 254 466
105 367 540
106 43 629
107 304 706
108 368 565
108 564 412
108 280 230
109 6 267
109 337 906
109 186 294
109 467 489
110 189 479
111 137 392
112 506 255
113 178 239
114 489 945
115 456 358
116 556 715
117 526 289
117 512 487
117 586 868
117 531 697
117 407 236
117 136 667
117 249 982
118 576 725
118 242 600
119 142 833
120 314 418
120 411 823
121 473 872
122 421 664
122 95 560
122 504 16
123 44 212
124 274 724
124 298 319
125 296 653
125 415 731
125 16 843
125 323 793
126 244 100
126 357 625
127 295 663
127 33 568
128 537 767
128 270 661
128 56 437
128 81 792
129 531 810
129 237 186
129 18 80
130 530 479
130 12 903
130 594 377
131 331 590
132 345 90
133 460 491
133 119 936
134 301 363
135 329 880
135 429 874
135 40 594
136 66 833
136 75 693
137 553 583
137 208 282
138 187 627
139 286 936
140 235 299
141 207 931
142 491 478
142 309 385
143 465 980
143 291 294
143 135 20
143 73 12
143 54 819
143 242 972
143 599 393
143 268 115
143 394 277
144 348 405
145 408 823
145 392 499
146 82 547
147 268 890
147 464 148
147 418 648
148 578 281
149 346 626
149 357 86
150 160 51
151 154 540
152 523 404
152 59 369
153 205 14
153 188 916
154 339 873
154 364 868
155 381 12
155 445 257
156 334 795
157 187 873
157 63 786
158 442 135
159 319 47
159 97 187
160 4 469
160 422 259
161 332 472
162 357 563
162 495 308
162 73 219
163 406 206
164 495 228
165 330 597
165 479 286
166 260 951
166 172 110
167 256 374
167 18 512
167 553 320
168 475 426
169 14 941
170 375 656
171 110 458
171 262 405
172 131 278
172 279 259
172 398 856
172 593 818
172 454 30
173 84 936
174 83 570
174 100 343
174 14 859
175 141 347
176 420 882
176 83 265
177 256 368
177 157 937
178 508 691
179 109 514
179 148 259
179 146 767
179 568 808
180 398 786
180 264 87
181 318 967
182 524 521
182 243 83
183 292 810
184 270 745
185 396 301
186 573 616
187 41 1000
187 163 643
188 133 527
188 465 730
188 111 297
188 451 153
189 552 890
189 157 302
190 43 173
190 459 440
191 76 909
191 405 75
192 516 842
192 110 128
192 251 994
192 540 258
192 429 387
193 178 951
193 251 930
193 26 254
193 596 952
193 550 649
194 195 685
194 189 821
194 587 37
195 566 58
195 453 690
196 155 970
196 223 254
197 349 928
197 41 631
198 464 749
199 143 931
199 69 421
199 588 704
200 134 656
200 513 320
201 599 18
201 337 951
202 491 632
203 533 550
204 233 223
205 67 4
206 185 467
207 206 857
208 543 309
209 435 916
210 508 668
211 196 414
212 519 109
213 143 980
214 173 695
214 286 115
214 157 331
215 325 622
215 195 968
216 579 446
216 283 114
217 260 408
217 218 279
218 9 146
218 41 154
219 425 848
220 67 743
220 180 830
221 404 933
221 181 759
221 576 642
221 22 367
221 568 110
222 460 99
222 35 854
223 13 183
224 574 30
225 255 997
225 561 41
225 47 751
225 234 153
226 256 86
227 196 653
227 144 790
227 480 600
227 559 365
227 330 869
228 347 976
228 336 194
228 62 427
228 564 68
228 162 208
229 214 507
229 309 306
230 307 865
231 252 611
231 289 912
231 207 874
232 328 864
233 425 57
234 98 568
235 218 650
235 365 764
236 565 455
237 373 726
237 258 956
238 283 998
238 270 136
239 492 801
240 84 809
240 285 146
241 29 984
242 321 286
242 364 817
243 54 595
244 416 645
244 252 89
245 432 941
245 269 756
245 445 15
246 405 670
247 179 281
247 321 981
248 29 991
249 482 855
249 366 708
249 369 814
250 191 949
250 496 907
250 332 450
251 242 700
252 10 989
253 241 677
254 565 903
255 383 309
255 446 166
256 420 546
256 62 409
256 27 380
256 87 508
257 423 48
258 573 470
259 146 549
259 362 237
260 257 549
261 409 674
261 255 456
262 391 480
262 332 797
262 227 963
262 562 70
262 380 450
263 356 298
263 180 434
264 340 837
265 344 128
265 487 151
266 32 239
266 186 541
267 474 812
268 143 63
269 46 420
269 452 374
270 594 576
270 261 88
271 223 541
272 25 748
273 161 401
274 314 891
274 132 371
275 149 982
276 526 803
277 3 6
278 600 136
279 435 750
279 382 726
279 6 542
280 289 3
281 171 754
281 475 222
281 532 613
282 370 230
282 249 915
283 321 914
283 104 781
284 269 11
284 253 168
284 574 555
285 349 404
286 462 717
287 498 133
287 449 94
287 145 730
287 285 812
288 389 780
289 250 884
290 589 100
291 324 453
291 387 718
292 552 604
293 428 875
293 371 195
293 550 183
293 285 431
294 223 155
295 143 160
295 122 195
296 251 529
297 165 773
298 153 264
299 76 859
300 272 385
301 202 363
301 365 134
301 92 628
302 359 626
303 147 576
304 75 382
305 47 974
305 240 898
305 142 438
306 263 628
307 297 476
307 590 578
308 305 628
308 420 98
309 581 567
309 350 796
310 63 853
310 350 62
311 62 914
311 161 244
311 582 350
312 465 617
312 427 714
313 531 276
314 245 372
314 158 657
314 479 6
314 560 240
314 120 949
315 298 552
316 257 257
317 44 875
318 27 849
319 246 770
319 93 252
320 85 896
320 499 995
321 402 607
322 383 222
322 45 881
322 442 865
322 454 133
323 595 404
324 550 203
325 546 3
325 471 162
325 142 453
325 23 122
325 160 513
326 60 778
327 277 265
327 149 71
328 457 258
329 525 581
330 98 593
330 429 326
330 489 682
331 514 539
331 442 151
331 501 498
332 469 39
333 284 93
334 520 825
334 570 485
334 43 627
335 491 817
336 4 743
337 351 193
337 588 147
338 160 145
339 62 846
340 377 785
341 58 366
341 520 528
341 522 628
341 56 813
342 44 384
342 381 607
343 108 538
344 421 368
344 224 343
344 351 689
344 10 880
345 301 841
346 21 24
347 340 429
348 16 54
349 290 660
350 216 906
351 35 266
352 197 196
352 48 239
352 116 577
352 513 88
352 588 581
352 365 821
353 155 817
353 223 806
354 461 774
354 280 627
355 310 481
356 142 707
357 252 858
357 126 721
358 305 579
359 411 193
360 329 618
360 435 674
360 132 360
360 32 317
360 95 239
360 36 782
360 250 662
360 188 258
361 217 209
362 247 769
363 138 349
363 463 240
364 172 137
364 445 284
365 88 320
365 278 20
365 557 818
366 122 745
367 446 105
368 391 40
369 511 613
369 42 261
370 553 741
371 256 650
371 584 636
371 590 85
371 521 540
372 513 251
372 514 406
373 325 681
374 138 722
375 549 659
375 473 550
376 453 960
377 249 11
377 223 939
378 492 945
379 256 617
379 500 888
379 491 153
380 268 266
381 372 74
381 162 551
381 262 857
381 316 750
382 482 195
382 169 268
382 459 620
382 431 6
383 87 107
384 545 305
385 112 698
385 287 408
385 545 720
385 357 162
385 207 744
385 253 376
385 543 543
385 172 355
386 270 688
386 41 184
387 414 671
387 585 176
387 572 517
387 327 460
387 515 648
387 92 95
388 331 286
389 367 140
389 63 689
390 375 921
390 150 386
391 279 843
392 52 340
392 520 262
393 561 272
393 125 454
394 70 900
394 212 867
394 357 651
394 585 199
395 77 931
396 97 878
396 27 11
396 221 219
396 413 27
397 187 970
397 389 772
397 156 385
398 185 796
399 33 810
399 359 320
399 231 97
399 168 145
399 320 848
399 564 354
399 391 146
399 368 773
400 195 517
401 249 417
401 207 857
401 412 636
401 100 781
401 65 595
402 159 368
402 438 848
403 450 271
404 593 754
405 306 89
406 467 659
407 486 484
407 591 148
408 173 331
408 191 946
408 358 721
409 65 119
409 477 546
410 180 966
411 281 492
412 182 202
412 52 627
413 532 47
414 148 589
414 550 895
415 147 719
415 213 159
415 310 780
416 161 884
416 313 282
417 348 111
417 543 692
418 322 489
419 535 834
419 383 778
420 469 488
420 33 533
421 424 513
421 3 324
422 139 556
422 303 459
422 148 668
422 525 178
422 269 618
423 585 524
424 218 92
425 342 888
425 359 82
426 330 920
426 184 710
427 84 978
427 236 310
428 161 811
428 598 359
428 85 236
429 527 687
430 599 784
430 172 464
430 265 642
430 348 75
430 121 879
431 201 365
432 162 607
433 550 381
434 333 8
435 300 778
435 331 628
436 588 788
436 530 442
437 55 9
438 137 65
439 469 567
440 559 178
441 155 122
442 534 847
442 74 416
442 212 806
442 177 836
442 448 157
442 464 498
443 504 155
444 150 928
444 37 414
444 239 708
444 109 365
444 592 295
445 220 768
446 229 322
446 296 183
447 462 669
447 241 303
448 353 80
449 593 240
450 313 364
450 360 522
450 417 5
450 193 151
451 359 607
452 84 701
453 33 477
453 389 502
453 68 954
453 166 174
454 178 613
454 434 854
455 57 809
456 358 174
456 468 78
456 589 500
457 399 47
457 502 514
458 431 132
458 380 312
459 1 813
460 157 583
460 119 869
461 461 408
461 347 17
461 71 920
461 436 257
461 16 294
461 302 966
462 180 131
463 451 892
464 60 154
465 395 995
466 206 95
467 346 693
467 249 274
467 480 605
467 577 573
467 295 907
468 446 774
468 333 954
469 432 116
470 369 347
470 375 940
470 67 247
471 390 80
471 216 159
472 198 648
472 144 985
473 414 882
473 113 674
474 376 269
474 252 375
474 3 428
474 162 176
474 569 413
474 442 529
474 325 212
474 272 893
474 519 757
475 84 568
476 260 718
477 444 494
478 112 433
478 63 662
479 280 730
480 177 533
481 430 695
482 15 597
482 296 344
482 19 37
482 63 470
483 16 235
484 462 128
484 281 781
484 94 226
484 386 136
484 273 120
485 259 110
485 131 500
486 404 309
487 598 394
488 304 331
489 421 400
489 157 30
489 396 614
490 98 500
490 421 581
490 525 253
490 562 847
491 1 355
491 199 552
492 21 588
492 306 208
493 222 905
493 569 703
494 538 7
494 458 347
495 132 650
496 526 856
496 3 211
497 583 878
498 520 443
498 284 545
498 411 498
499 315 118
499 230 609
499 451 193
500 88 148
501 322 213
502 63 727
502 504 373
503 220 284
503 588 370
504 114 247
505 174 458
505 458 712
505 299 227
506 297 242
507 389 465
507 109 357
507 479 644
508 51 407
508 154 411
509 14 75
509 42 677
509 17 738
509 229 13
509 513 71
510 191 985
511 339 611
512 263 480
512 217 974
512 76 730
513 576 327
513 541 796
514 449 326
515 358 753
515 487 994
515 480 993
515 446 942
516 371 793
516 186 224
517 172 400
517 587 442
518 349 781
518 82 925
518 467 680
518 350 963
518 531 319
519 433 225
519 468 272
519 335 473
519 319 253
519 171 353
520 383 876
520 374 747
520 193 429
520 116 123
521 229 819
522 476 132
523 393 109
523 523 87
524 341 320
524 322 821
525 24 723
526 234 606
527 158 362
527 232 940
527 296 145
527 432 12
527 420 402
528 250 80
528 455 796
528 309 699
529 215 93
529 322 572
529 192 857
529 53 665
529 228 975
529 26 266
530 65 260
530 81 327
531 430 653
531 172 92
532 117 895
532 269 988
532 196 403
533 25 418
533 445 776
534 452 43
535 270 113
535 285 557
536 24 23
536 350 174
536 406 48
536 29 966
536 48 534
537 103 483
537 555 210
537 501 569
538 490 561
539 65 778
540 567 780
540 133 656
541 233 142
542 509 744
542 437 603
543 527 730
544 198 450
544 339 607
544 472 594
544 481 925
544 161 235
545 203 939
545 575 435
546 114 954
547 584 364
548 399 915
549 196 544
549 592 672
549 583 149
549 118 217
549 305 715
549 541 272
549 255 127
549 216 242
549 217 49
549 154 261
550 45 541
551 82 290
551 302 509
552 226 969
552 543 842
552 13 353
553 341 902
554 126 498
555 523 199
556 422 119
556 124 164
556 315 525
557 395 402
557 14 452
557 430 102
558 575 575
559 171 831
560 336 553
561 369 647
562 388 546
562 244 585
562 428 143
563 60 430
563 223 886
563 583 410
564 320 557
564 453 865
564 348 497
565 216 707
566 15 569
567 283 570
567 231 754
567 292 312
568 399 990
569 460 240
569 264 896
570 398 232
570 70 781
571 408 759
571 64 497
572 257 673
573 404 485
573 313 628
573 323 908
573 278 475
574 13 864
574 470 358
575 29 851
575 428 900
576 313 360
576 155 560
576 563 634
577 424 444
578 176 639
578 583 154
579 580 854
579 531 749
580 221 593
581 480 87
582 127 635
582 391 483
582 150 485
582 516 824
582 302 664
582 324 756
583 235 468
583 477 169
584 228 945
584 574 829
585 115 87
585 403 213
586 560 65
586 93 555
586 182 601
586 240 241
586 81 647
587 36 135
587 433 440
587 501 493
588 250 992
589 365 253
589 309 149
590 284 303
590 17 906
590 255 821
590 72 652
591 285 88
591 276 350
592 128 972
592 58 734
592 526 619
593 182 928
594 78 262
594 117 742
595 310 10
596 367 691
597 148 220
598 332 633
598 114 320
599 504 704
599 328 812
599 167 772
600 374 185
600 306 938
601 211 863
602 306 752
603 295 449
603 78 596
604 395 162
605 199 259
605 518 687
605 44 383
606 413 824
607 92 747
607 309 300
608 275 797
609 403 314
610 30 860
610 484 386
610 222 941
611 580 285
611 452 805
612 337 998
612 186 864
612 549 816
612 65 775
613 316 781
614 468 313
615 472 775
615 479 232
616 285 178
617 10 687
617 195 789
617 397 868
617 37 193
618 90 841
619 251 943
620 438 832
620 571 277
620 360 386
620 107 606
620 241 995
620 280 320
621 254 428
622 584 511
622 187 408
623 442 697
624 204 162
625 193 872
626 258 960
627 170 915
627 425 840
628 589 449
629 343 9
630 221 906
631 71 842
632 78 580
632 386 260
632 501 328
633 250 742
633 116 276
634 370 972
634 423 967
635 538 725
636 600 661
636 421 780
636 546 180
636 457 368
637 68 349
637 156 206
637 184 389
638 274 441
638 478 754
638 354 386
639 166 135
639 543 215
639 78 304
639 446 662
640 457 725
641 467 386
642 234 679
642 234 341
642 210 461
642 529 76
643 548 614
644 349 99
645 139 692
646 49 610
647 353 20
648 23 837
648 536 186
648 97 906
649 162 704
649 312 789
650 579 271
650 44 848
651 537 327
652 212 749
653 550 905
653 559 874
653 124 69
654 570 583
654 25 445
654 212 643
654 518 926
655 547 351
655 279 173
655 214 445
656 559 628
657 229 811
657 256 399
657 409 648
657 361 952
657 564 803
657 466 999
658 52 982
659 356 109
660 284 534
660 297 970
660 261 830
660 126 109
660 95 164
660 93 998
661 78 861
662 413 822
663 248 431
663 398 197
663 471 761
664 120 46
665 570 302
665 425 618
666 322 358
666 39 202
666 521 715
667 235 321
667 96 516
668 504 723
668 130 236
669 533 682
669 595 152
670 256 172
671 231 417
671 533 943
672 88 142
673 116 977
673 73 238
674 594 142
674 114 392
675 47 718
676 427 182
676 493 223
676 548 751
676 15 70
677 383 457
678 366 235
679 479 240
679 103 172
680 281 729
681 45 960
682 200 861
682 517 689
683 278 593
683 19 232
684 243 59
684 339 10
684 298 904
685 71 800
686 83 610
686 302 110
686 39 256
686 595 52
687 186 848
688 133 997
688 595 492
689 378 70
689 33 673
690 46 633
690 279 405
690 463 642
690 10 389
691 52 420
692 54 348
692 212 279
693 389 235
693 587 186
693 393 342
693 268 752
693 521 611
694 119 66
695 389 389
695 330 770
695 295 972
696 37 746
696 552 627
697 93 653
698 557 779
698 14 630
698 467 708
698 392 473
698 557 569
699 307 327
699 281 762
699 388 477
699 539 168
700 506 285
701 167 108
702 419 896
702 205 959
703 452 368
704 119 683
704 525 374
704 61 843
704 155 227
705 434 313
705 105 285
705 324 657
706 330 714
706 512 304
707 563 434
707 379 551
707 346 664
708 325 915
708 68 353
709 547 226
710 526 289
711 224 152
711 554 829
711 314 275
711 9 726
711 427 255
711 59 221
712 282 325
713 477 858
713 542 790
714 522 198
714 219 679
715 198 848
715 275 148
715 569 965
715 98 130
715 596 772
715 194 371
716 144 262
716 440 640
717 341 350
718 269 892
719 410 717
719 296 881
720 73 756
720 84 734
721 160 447
722 539 252
723 99 809
724 460 329
724 350 331
724 241 320
725 216 981
725 109 835
725 456 593
726 449 212
727 137 155
728 477 950
728 514 253
728 28 97
729 445 438
730 129 802
730 350 588
731 385 525
731 549 287
731 147 288
732 518 166
732 122 74
732 345 97
732 520 129
732 301 896
732 83 426
733 545 465
734 165 511
734 40 662
735 31 101
736 327 824
737 69 926
737 53 711
737 107 732
738 453 189
739 535 634
740 300 26
740 365 286
741 220 714
742 210 932
743 73 925
743 356 172
743 195 679
744 565 969
744 153 165
744 328 86
744 223 257
744 288 405
745 213 624
745 178 947
745 167 737
745 21 366
745 195 606
746 242 187
747 565 341
748 562 377
749 15 205
749 243 340
749 122 576
750 399 658
751 64 586
751 181 538
752 148 18
752 151 46
752 474 561
752 457 112
753 403 175
754 289 666
754 32 501
754 527 996
755 140 260
756 342 154
757 548 353
758 221 112
758 175 964
759 474 197
760 49 651
760 357 54
760 568 168
760 333 933
761 334 439
761 338 714
762 12 543
763 54 804
764 250 969
764 424 423
764 1 12
764 177 250
764 498 406
765 428 958
765 232 527
765 30 660
766 370 148
767 93 877
767 494 67
768 593 303
769 81 687
770 322 169
771 272 549
772 493 834
773 29 387
773 165 416
773 515 762
773 574 210
774 127 481
774 540 304
774 258 203
775 594 515
775 414 502
775 227 231
776 26 38
777 356 664
777 523 868
777 383 411
778 8 327
778 598 738
778 74 718
779 181 429
779 570 879
780 330 688
780 161 104
780 103 245
781 25 375
782 193 420
783 170 330
784 452 288
785 398 131
785 505 973
785 472 620
785 188 468
786 304 903
787 413 344
787 15 491
788 230 790
788 395 924
789 447 205
790 600 827
790 131 356
790 475 625
790 366 111
790 230 955
790 75 587
791 61 41
791 294 853
791 50 103
791 459 18
791 334 984
792 488 843
792 152 147
793 100 144
793 484 387
793 171 453
794 570 889
795 15 244
795 474 541
796 171 821
796 256 584
797 511 611
798 554 338
798 37 183
799 44 937
800 246 266
801 436 795
802 163 205
802 104 415
803 94 4
803 415 360
803 314 829
804 395 900
805 445 997
805 89 995
806 74 131
807 467 301
808 277 981
808 261 77
809 440 471
809 503 555
809 558 874
809 101 6
809 280 417
810 274 201
810 499 715
810 588 977
811 339 10
812 299 702
812 287 364
812 196 759
813 369 392
814 497 499
815 130 173
816 555 939
816 146 458
816 1 477
817 51 822
818 418 476
819 49 266
819 226 857
819 517 543
820 410 530
820 190 256
821 62 249
822 563 544
823 478 931
823 359 918
823 298 383
824 232 7
825 398 972
825 176 532
825 381 613
825 338 965
825 211 140
826 144 375
826 147 801
827 265 445
827 387 126
827 263 489
828 74 396
828 79 282
829 11 840
830 89 268
830 282 348
831 517 984
832 491 778
832 536 307
832 236 308
833 44 726
834 219 913
834 599 548
835 200 219
835 276 536
835 154 986
835 71 560
836 442 49
836 494 496
836 184 652
836 34 303
837 479 983
838 369 487
838 343 753
839 365 927
840 80 104
841 441 764
842 119 720
842 473 691
842 574 947
843 383 313
843 413 31
844 132 13
844 447 726
845 551 662
845 259 609
845 477 511
845 386 60
845 417 620
845 410 351
845 309 21
846 489 539
846 52 570
847 574 431
847 45 284
847 592 502
848 284 895
848 593 779
848 342 159
849 445 660
849 87 622
849 511 914
850 433 836
851 586 287
851 234 940
851 318 480
852 342 664
853 51 7
854 159 746
855 142 512
856 522 231
857 558 709
858 284 164
859 471 859
860 33 668
860 334 809
861 182 480
862 105 735
863 548 845
864 130 519
865 153 851
866 65 121
866 597 577
867 442 121
867 359 665
867 8 399
867 166 852
867 311 183
867 372 317
867 409 726
868 477 124
868 558 300
868 332 153
868 230 375
868 143 919
868 245 675
869 157 896
870 391 600
870 7 278
870 569 368
870 78 133
871 208 367
872 308 305
873 486 848
873 170 796
873 177 694
874 160 992
874 26 316
875 436 666
875 298 444
876 174 126
877 377 797
877 99 290
877 142 808
877 60 344
877 70 520
877 349 176
877 426 455
877 557 732
878 299 497
878 328 972
878 190 941
879 197 249
879 172 9
879 444 582
880 312 201
881 184 930
882 386 270
882 152 819
883 135 610
883 315 838
883 394 402
883 103 34
884 96 106
885 270 810
886 135 759
886 207 120
887 133 535
888 30 829
889 3 862
890 599 323
890 274 74
890 544 452
891 274 992
891 17 512
892 558 217
892 245 637
893 144 461
894 323 85
894 292 921
894 561 306
894 291 663
894 330 662
895 264 937
895 142 515
896 488 158
897 40 571
898 440 165
898 486 953
899 189 116
899 578 325
899 393 750
899 261 98
900 266 31
900 432 807
901 33 764
901 12 844
901 542 739
901 583 415
902 580 915
903 217 7
903 529 135
904 344 429
904 509 306
905 135 24
905 136 717
906 127 156
907 155 932
908 296 596
908 565 353
908 254 771
909 503 436
909 119 916
909 584 46
909 49 428
910 374 572
911 328 12
912 548 146
912 169 325
912 336 815
913 414 239
914 364 85
914 238 386
915 215 919
915 79 853
915 483 683
915 572 314
915 307 296
915 275 542
916 445 869
917 519 562
917 281 179
918 100 768
918 210 735
918 277 487
918 225 90
918 304 952
919 575 68
919 28 434
920 318 922
921 412 165
921 449 486
921 30 279
921 9 230
921 460 371
922 74 481
923 69 915
923 547 118
923 481 681
924 93 702
924 494 615
925 466 772
925 27 731
925 411 782
925 266 582
925 39 265
926 234 287
927 329 554
927 42 388
928 424 982
928 28 16
929 457 779
930 24 648
931 500 769
931 268 558
932 41 399
933 74 781
933 384 464
933 159 825
934 576 395
934 473 436
934 307 818
935 368 195
935 388 495
935 570 236
935 530 431
936 174 736
937 401 730
937 63 168
937 567 455
937 311 64
937 414 900
938 503 58
939 20 199
939 20 877
939 77 296
940 357 794
941 104 487
942 15 407
942 587 193
943 268 88
944 370 258
945 541 557
945 341 993
945 282 121
946 212 42
946 556 420
947 520 866
947 586 388
947 349 249
948 211 596
948 167 656
948 191 964
948 317 348
948 217 102
948 284 321
948 444 241
948 56 102
949 505 63
949 473 217
949 521 244
949 302 460
949 340 795
950 22 566
951 373 900
952 251 784
953 513 572
953 256 745
953 320 212
953 181 539
953 218 464
954 466 546
955 67 626
955 216 721
955 311 464
956 104 870
957 364 107
957 263 896
958 108 604
959 159 776
959 21 821
959 337 303
960 157 780
961 246 973
961 490 8
961 213 340
962 86 467
963 167 813
963 255 852
964 255 801
965 450 282
965 94 783
966 59 936
966 448 366
967 280 454
967 432 635
968 282 20
969 194 575
969 299 399
970 92 571
971 163 421
972 376 942
973 12 891
974 102 387
975 305 217
976 164 767
976 376 964
976 450 992
977 307 477
978 476 534
978 588 761
979 571 429
980 142 658
981 131 927
981 497 706
981 522 380
982 93 855
982 585 701
983 393 271
984 500 742
985 467 686
985 31 507
986 71 782
986 518 719
986 429 434
987 223 933
987 488 476
988 249 718
988 249 699
988 487 452
989 116 29
990 504 143
991 411 779
991 288 589
991 104 894
991 390 879
992 496 533
993 368 414
994 490 15
994 305 827
994 334 612
995 278 642
996 388 261
996 335 215
996 218 523
996 512 507
996 25 866
996 318 965
996 54 835
997 466 75
998 89 712
999 458 859
1000 313 307
1001 252 821
1002 370 540
1002 383 584
1002 338 980
1003 313 656
1004 96 24
1004 71 29
1005 532 753
1005 5 678
1006 25 420
1007 546 986
1007 346 596
1007 114 477
1008 468 191
1009 315 93
1010 90 431
1010 400 580
1011 487 389
1012 309 370
1013 313 819
1014 62 204
1015 188 151
1015 252 757
1016 170 184
1017 224 809
1017 230 408
1018 554 373
1018 48 761
1019 371 982
1019 587 546
1019 335 797
1019 546 715
1020 301 550
1020 517 540
1020 282 261
1020 233 881
1021 315 38
1021 92 107
1022 311 32
1022 519 318
1022 306 550
1022 577 934
1022 308 902
1022 205 67
1022 448 742
1022 516 344
1023 356 382
1023 56 385
1024 17 486
1024 55 605
1024 270 309
1024 273 192
1024 219 128
1024 8 789
1025 274 798
1026 287 785
1026 548 420
1026 168 17
1026 12 522
1027 363 554
1027 279 336
1027 258 77
1027 59 324
1028 599 769
1028 402 900
1028 380 726
1029 412 459
1030 424 525
1031 84 451
1032 466 597
1033 487 487
1034 345 539
1035 437 286
1035 553 90
1036 458 766
1037 246 234
1037 563 480
1037 361 190
1037 488 798
1038 451 805
1038 114 321
1038 261 736
1038 101 127
1038 158 917
1038 321 396
1039 409 811
1039 359 202
1039 183 5
1039 361 486
1039 153 434
1040 586 315
1040 168 876
1040 218 151
1041 7 881
1041 361 767
1041 52 699
1041 295 400
1042 168 654
1043 554 395
1044 275 754
1044 438 514
1045 346 368
1045 250 460
1045 415 552
1046 99 610
1047 243 181
1048 157 997
1049 599 577
1050 487 782
1051 363 929
1051 334 584
1052 35 343
1053 526 994
1053 238 190
1053 598 592
1054 185 879
1054 416 500
1054 122 647
1055 519 710
1055 3 663
1055 117 189
1056 367 461
1056 478 350
1056 18 559
1056 134 343
1056 78 798
1056 533 387
1056 20 798
1056 155 927
1057 211 549
1058 476 857
1058 298 260
1058 459 774
1059 12 528
1059 12 314
1060 441 31
1060 33 737
1060 134 557
1060 140 550
1061 39 626
1062 500 634
1063 519 128
1064 297 797
1065 259 702
1066 39 512
1067 563 160
1067 186 971
1068 277 190
1069 540 89
1069 114 765
1070 371 916
1071 390 887
1072 214 55
1072 213 541
1073 525 198
1074 418 973
1074 402 141
1075 458 127
1075 38 282
1075 572 44
1075 191 856
1076 296 168
1077 275 469
1078 137 719
1079 441 201
1080 430 273
1080 112 94
1081 171 445
1082 70 188
1083 83 58
1084 315 444
1085 345 578
1085 549 754
1085 45 663
1085 330 282
1086 31 746
1087 529 700
1087 503 798
1088 99 813
1088 483 320
1088 405 528
1088 263 94
1089 170 873
1090 315 137
1090 39 451
1090 262 591
1091 28 27
1092 438 478
1093 210 155
1094 553 543
1095 431 514
1096 233 730
1096 342 811
1096 69 662
1096 564 837
1097 86 580
1097 232 811
1098 473 725
1099 467 85
1100 136 437
1100 26 486
1100 154 891
1100 115 937
1100 282 723
1100 121 524
1100 502 715
1101 379 139
1102 318 552
1103 279 993
1103 244 5
1104 458 948
1105 147 669
1106 272 778
1106 377 681
1107 81 643
1108 275 801
1108 278 337
1108 485 741
1108 292 107
1109 165 855
1110 225 290
1110 498 563
1110 71 911
1111 276 281
1111 282 182
1112 111 631
1113 377 620
1113 117 910
1113 587 825
1113 508 241
1113 445 178
1113 363 920
1113 42 767
1113 197 321
1113 145 199
1113 529 487
1114 550 811
1115 387 510
1116 441 171
1116 72 983
1116 221 590
1116 483 305
1117 270 453
1118 380 930
1118 523 190
1118 44 123
1118 122 793
1118 489 602
1118 153 585
1119 168 520
1120 11 486
1121 496 981
1122 397 357
1123 310 613
1124 492 110
1125 433 863
1125 203 369
1125 225 968
1125 230 419
1125 82 380
1125 541 95
1125 126 199
1125 523 840
1125 176 490
1125 255 615
1125 171 245
1125 383 982
1126 219 8
1126 420 22
1127 97 954
1128 56 726
1128 165 671
1129 45 447
1130 158 548
1131 577 73
1132 150 503
1133 80 996
1134 114 789
1135 342 368
1135 312 367
1135 592 189
1135 161 472
1136 249 987
1137 230 597
1138 451 590
1138 245 353
1139 18 758
1139 154 713
1139 78 361
1140 295 726
1140 274 737
1140 373 789
1141 276 698
1142 577 861
1142 17 81
1143 445 567
1144 65 387
1144 322 5
1145 303 35
1146 29 414
1147 333 51
1147 570 59
1148 9 364
1148 123 575
1149 348 108
1149 88 500
1150 163 741
1151 63 508
1151 184 450
1151 5 349
1152 120 968
1152 319 469
1152 404 635
1152 156 302
1152 441 445
1152 378 155
1153 404 360
1154 505 52
1154 548 785
1155 220 105
1155 53 960
1155 108 746
1155 468 749
1156 139 107
1157 53 84
1157 303 993
1157 373 878
1158 118 571
1159 479 578
1160 319 393
1160 261 553
1160 197 793
1160 200 822
1160 284 616
1161 127 940
1162 513 574
1162 476 555
1162 466 234
1162 274 775
1162 466 749
1163 76 848
1164 2 180
1165 364 334
1166 66 346
1166 332 202
1167 501 114
1168 598 792
1169 272 64
1169 32 732
1170 330 347
1170 508 981
1170 474 38
1170 320 730
1170 292 504
1171 28 671
1172 464 220
1173 319 121
1174 169 921
1174 101 745
1174 532 209
1175 332 14
1176 538 960
1176 393 999
1177 407 936
1178 279 838
1179 214 296
1179 36 421
1180 519 387
1180 562 550
1181 39 977
1181 245 977
1182 62 9
1182 42 184
1183 63 182
1183 552 24
1183 481 647
1183 525 604
1183 184 162
1184 367 781
1184 239 246
1185 356 398
1185 16 921
1185 554 509
1186 17 207
1186 279 327
1187 39 956
1188 551 680
1189 411 381
1189 471 612
1190 106 691
1191 433 744
1192 584 683
1192 53 470
1192 241 144
1192 121 82
1193 147 401
1194 451 565
1195 222 985
1196 309 7
1197 561 21
1197 569 151
1198 520 364
1198 431 387
1198 90 513
1198 147 959
1199 588 810
1200 99 998
1200 419 994
1201 196 399
1201 352 912
1201 104 558
1201 96 396
1201 10 982
1201 15 187
1201 256 530
1202 205 85
1203 514 966
1204 232 958
1204 470 123
1205 217 835
1205 285 480
1205 496 679
1206 549 698
1207 320 527
1207 64 209
1208 234 352
1208 505 127
1209 76 905
1209 11 394
1210 321 768
1211 216 176
1211 410 63
1211 319 182
1212 309 853
1213 456 219
1213 239 566
1213 45 148
1213 564 425
1213 594 745
1214 127 693
1214 325 138
1214 23 552
1214 518 885
1215 131 657
1215 248 593
1215 108 367
1215 49 788
1216 195 583
1217 518 688
1217 542 640
1218 443 242
1219 158 10
1219 523 936
1219 311 24
1219 242 880
1219 194 359
1220 446 118
1221 352 490
1221 448 509
1221 230 63
1221 217 835
1222 387 269
1222 294 138
1223 502 665
1223 435 169
1224 28 363
1225 580 249
1226 21 866
1227 196 27
1227 404 802
1227 156 250
1227 407 180
1227 594 660
1227 239 622
1228 187 557
1229 554 706
1229 212 95
1230 98 430
1230 174 57
1231 387 790
1232 45 830
1233 268 857
1234 292 11
1234 290 141
1235 285 946
1236 560 984
1236 118 287
1237 347 424
1237 187 514
1237 224 594
1238 94 399
1239 599 692
1240 262 714
1241 189 670
1241 414 228
1241 140 427
1242 176 135
1243 508 630
1244 35 484
1244 243 729
1245 257 619
1246 270 638
1246 315 318
1246 113 581
1246 442 730
1247 389 804
1248 51 688
1248 382 241
1248 305 346
1249 540 56
1249 236 653
1249 379 694
1250 518 996
1251 335 693
1251 128 733
1251 113 412
1251 536 510
1251 222 963
1252 24 653
1253 424 882
1254 516 885
1254 9 914
1254 471 340
1254 448 736
1254 95 176
1254 308 15
1254 292 707
1255 375 864
1256 148 527
1257 305 355
1258 554 431
1259 215 462
1260 292 80
1260 193 28
1261 138 193
1262 520 972
1263 260 94
1263 596 212
1264 148 492
1264 360 704
1265 367 244
1266 18 396
1266 580 53
1266 399 119
1266 32 486
1266 452 423
1267 137 182
1268 277 259
1268 164 932
1268 44 171
1268 3 679
1269 223 491
1270 156 966
1270 519 133
1270 368 173
1271 151 197
1271 145 351
1271 411 388
1271 52 550
1272 281 70
1272 541 821
1273 374 646
1273 431 750
1274 592 777
1275 165 808
1276 201 462
1276 148 103
1277 202 280
1278 185 899
1279 520 389
1280 297 295
1281 244 382
1282 100 203
1283 170 527
1284 401 988
1285 192 454
1286 348 925
1286 185 682
1286 384 269
1287 465 611
1288 266 776
1288 76 712
1289 244 708
1289 55 386
1289 520 787
1290 395 202
1291 382 550
1291 220 877
1292 388 33
1293 5 237
1293 372 620
1294 421 363
1294 127 499
1294 414 932
1294 182 391
1294 183 986
1294 157 832
1294 65 79
1295 99 678
1296 537 39
1296 425 696
1296 323 633
1296 22 579
1297 500 499
1298 440 699
1298 358 165
1298 199 477
1298 70 542
1298 552 508
1299 292 592
1300 400 338
1301 173 744
1302 245 433
1302 393 675
1303 393 460
1303 494 354
1304 293 877
1304 142 433
1304 256 875
1305 135 327
1306 230 251
1306 17 763
1306 375 58
1306 266 110
1307 332 693
1308 123 605
1308 478 425
1309 373 989
1310 106 573
1311 278 982
1311 112 553
1312 15 588
1313 561 162
1314 564 596
1314 282 888
1314 577 32
1315 120 319
1316 458 250
1316 410 897
1317 410 196
1317 298 98
1318 18 636
1319 499 438
1320 565 706
1320 101 849
1320 182 652
1321 90 294
1322 559 643
1323 553 582
1323 261 147
1323 457 35
1323 338 922
1323 29 290
1324 206 636
1324 423 214
1325 369 860
1325 130 587
1325 40 10
1325 53 991
1326 165 604
1327 214 616
1328 423 607
1329 143 93
1329 578 425
1329 152 154
1330 2 520
1330 187 139
1331 487 312
1331 203 52
1331 210 763
1331 211 397
1331 26 789
1331 352 527
1332 501 19
1332 503 315
1332 431 296
1332 582 958
1333 404 150
1334 184 125
1335 510 214
1336 368 38
1336 419 148
1337 14 745
1337 206 210
1338 123 939
1338 451 384
1339 5 653
1340 83 454
1340 520 664
1340 423 174
1340 575 897
1340 400 212
1341 369 581
1342 81 933
1342 372 954
1343 89 538
1344 226 906
1345 153 745
1345 70 102
1346 272 696
1347 467 145
1347 549 292
1347 143 778
1348 401 289
1348 292 857
1348 509 539
1349 336 462
1349 572 70
1350 189 975
1351 525 522
1352 133 376
1353 475 381
1354 176 576
1354 485 894
1355 395 547
1355 33 459
1355 465 760
1355 124 282
1356 462 218
1357 164 210
1357 212 380
1358 157 380
1359 236 962
1360 331 871
1361 101 5
1362 400 427
1362 306 14
1362 576 509
1362 230 668
1362 462 389
1363 274 206
1363 528 684
1364 346 980
1365 180 353
1366 468 778
1367 280 88
1368 597 115
1369 1 314
1370 236 405
1371 284 106
1371 314 642
1371 103 171
1371 542 534
1372 457 624
1372 399 364
1373 123 529
1374 332 848
1375 245 656
1376 226 793
1376 360 491
1376 494 282
1376 348 242
1377 186 221
1378 88 156
1379 15 400
1379 183 244
1379 385 692
1379 370 984
1379 372 147
1380 331 142
1380 534 523
1380 577 247
1381 458 397
1382 181 869
1383 538 532
1383 453 512
1383 387 908
1384 164 911
1385 507 343
1386 362 509
1386 180 712
1387 220 413
1388 68 370
1388 214 775
1388 431 26
1388 181 612
1389 131 579
1390 569 697
1391 21 300
1391 418 229
1392 418 592
1393 311 805
1393 80 442
1394 222 138
1394 53 335
1394 104 158
1395 440 520
1395 206 756
1395 308 215
1395 10 298
1396 454 701
1396 355 107
1396 148 248
1396 530 248
1396 349 11
1397 139 514
1398 252 88
1398 330 988
1398 183 278
1398 314 28
1398 27 459
1398 311 963
1398 469 505
1399 592 352
1399 275 193
1399 322 308
1400 85 688
1401 24 848
1401 395 63
1401 131 913
1401 288 954
1402 181 703
1403 579 360
1403 276 515
1403 233 280
1404 21 538
1404 400 27
1404 539 661
1404 538 580
1404 273 657
1404 195 778
1405 426 915
1406 544 645
1406 432 464
1406 392 735
1407 354 76
1408 103 927
1409 433 786
1410 408 952
1410 535 148
1411 202 473
1412 548 696
1412 365 755
1413 295 44
1414 65 708
1415 95 906
1415 109 448
1415 240 963
1415 393 972
1415 71 989
1416 464 479
1416 468 862
1417 525 470
1417 402 699
1418 583 662
1418 79 220
1418 507 529
1419 31 579
1419 566 737
1419 49 761
1419 175 963
1419 366 444
1420 457 338
1421 151 118
1421 565 956
1422 82 500
1422 447 66
1423 33 627
1423 443 897
1424 151 602
1425 443 978
1425 350 768
1426 43 747
1426 165 585
1427 163 60
1427 15 622
1428 592 475
1429 217 76
1429 517 343
1430 6 368
1431 484 408
1432 427 363
1432 154 457
1433 463 372
1433 96 404
1434 223 150
1435 3 224
1435 220 18
1435 265 248
1436 291 471
1436 190 753
1436 99 46
1437 435 560
1438 129 841
1439 546 114
1440 428 152
1441 156 600
1442 552 323
1442 537 518
1443 198 833
1444 378 918
1444 447 37
1445 511 138
1445 141 331
1445 405 933
1446 220 674
1446 79 311
1447 376 870
1447 137 808
1447 85 616
1447 453 675
1447 334 299
1447 404 339
1447 244 526
1448 344 850
1448 190 364
1449 172 564
1449 150 931
1449 375 898
1449 587 349
1450 334 572
1450 484 261
1450 54 891
1450 305 305
1451 249 370
1451 257 233
1452 286 835
1452 238 143
1453 544 36
1454 552 941
1454 149 795
1454 302 483
1455 511 616
1456 471 444
1456 167 825
1457 238 283
1457 494 454
1457 164 436
1457 574 72
1458 569 251
1459 569 392
1460 149 673
1461 189 321
1462 322 360
1463 254 782
1463 433 798
1464 217 492
1465 67 297
1465 478 880
1466 497 36
1467 451 790
1468 222 854
1469 561 927
1470 439 949
1471 367 236
1471 592 245
1472 578 62
1472 449 290
1473 218 571
1474 375 306
1475 219 913
1476 480 467
1477 148 842
1478 429 165
1478 476 953
1478 242 488
1478 532 449
1479 215 555
1479 514 255
1480 38 683
1480 238 381
1481 313 271
1481 173 490
1482 289 52
1482 317 469
1483 484 4
1484 338 642
1485 550 219
1485 570 272
1486 43 937
1486 599 964
1487 314 715
