600 1000 50 10 3000
14 94
91 39
77 76
83 1
83 66
43 8
78 95
32 54
75 74
62 70
38 30
21 26
11 84
3 31
59 22
10 25
17 1
64 46
29 0
99 13
18 42
21 97
37 53
3 13
79 17
35 18
48 9
96 11
45 52
42 5
74 52
82 43
53 99
41 83
51 40
48 69
83 69
18 72
75 73
37 54
91 25
24 39
34 21
50 79
25 45
36 99
97 19
95 3
18 88
38 69
29 86
90 64
7 61
88 34
34 26
41 77
51 17
16 37
90 19
68 15
16 57
15 13
76 62
68 46
50 58
67 31
96 57
47 4
70 36
90 57
14 31
34 65
1 3
54 91
74 74
7 90
31 74
55 7
36 24
5 38
82 72
22 79
82 69
35 52
5 77
61 19
61 96
36 62
99 42
53 73
17 60
15 48
86 70
8 74
46 13
13 81
38 35
12 20
56 47
24 14
76 86
85 37
82 22
99 33
16 5
58 33
17 73
34 4
95 94
78 42
7 91
23 97
78 35
17 87
34 94
1 10
32 86
0 66
60 99
99 77
56 9
62 74
34 48
78 29
42 56
23 2
0 98
99 30
85 69
17 19
63 70
82 95
57 82
61 17
33 12
46 90
21 61
16 7
9 94
36 52
2 60
54 54
10 5
85 96
74 54
15 89
25 49
84 34
83 97
3 17
61 50
59 34
11 75
41 20
21 78
24 23
90 30
30 0
36 67
48 10
21 64
52 98
65 36
84 49
86 88
66 47
90 77
34 1
4 75
73 25
5 50
0 95
80 30
48 68
97 96
31 71
12 83
21 30
71 6
79 9
94 97
57 36
74 43
37 78
18 62
55 24
64 55
71 97
86 71
65 83
20 96
6 84
31 28
14 3
34 93
12 80
90 21
16 16
64 5
46 83
19 1
59 84
9 30
81 95
2 46
30 22
95 37
6 26
65 21
81 51
66 94
31 9
67 99
25 84
4 24
19 23
77 78
59 86
60 40
33 62
87 64
36 34
53 95
12 70
68 94
73 86
40 4
95 59
55 73
43 11
97 62
34 74
92 94
13 53
86 46
67 25
10 4
59 15
51 72
85 71
18 58
57 58
14 53
17 21
26 13
32 75
75 19
1 68
65 14
73 51
61 40
77 23
96 88
39 47
12 76
18 30
87 76
40 53
81 10
75 59
23 59
34 98
18 95
2 91
47 63
84 76
86 80
16 77
28 29
6 98
11 93
26 52
98 7
62 25
66 85
85 0
35 15
88 54
11 90
97 10
5 81
38 43
14 54
21 42
83 27
92 95
72 19
47 70
26 61
48 45
46 33
97 33
0 85
39 11
27 37
73 84
70 11
28 84
66 1
78 1
28 71
96 52
42 95
74 68
8 22
65 54
55 63
88 56
0 27
19 80
16 93
64 39
4 92
75 22
45 54
24 73
77 20
77 19
68 52
39 76
74 5
83 30
20 23
38 20
2 9
0 19
2 17
10 59
61 85
81 7
39 57
32 68
78 10
87 98
62 27
26 36
84 9
18 4
32 8
76 35
18 77
6 20
46 68
31 7
53 65
66 45
22 99
13 52
61 1
50 23
80 77
11 16
38 82
20 71
90 96
58 8
25 16
81 23
84 12
83 89
29 49
34 52
0 0
56 61
53 7
36 33
36 0
1 74
82 21
97 72
69 7
33 47
75 14
70 59
78 53
49 60
55 35
12 55
35 68
69 88
27 57
73 15
57 74
42 91
47 91
16 17
99 49
16 74
15 86
86 93
40 87
53 47
74 17
2 10
38 23
50 17
81 76
33 90
2 27
34 2
18 50
19 69
51 87
96 66
73 34
11 65
21 17
12 95
34 15
57 24
90 60
42 23
88 27
14 90
6 0
44 76
50 63
46 1
2 94
19 76
28 30
41 49
47 54
96 34
21 6
58 63
18 52
87 6
31 1
48 37
1 93
8 12
56 11
6 75
87 34
57 80
35 57
86 83
91 59
89 1
23 7
6 10
65 37
63 14
27 16
59 93
71 19
5 27
30 63
54 69
97 11
2 84
20 88
67 11
0 57
65 23
16 71
85 34
60 0
48 87
68 59
80 39
78 85
18 61
0 72
82 97
35 84
33 56
25 1
19 25
10 84
0 26
7 37
12 68
37 60
55 57
71 36
96 2
73 14
63 26
38 45
23 73
30 57
10 1
32 20
37 84
98 45
21 11
13 10
23 20
67 47
8 15
49 34
29 12
60 67
9 35
92 91
44 74
98 54
27 82
26 16
61 39
88 26
1 63
47 20
10 55
35 11
41 16
75 1
35 85
37 80
76 81
6 27
88 85
9 14
1 28
91 63
19 31
41 73
47 40
45 57
96 33
21 89
1 96
91 37
81 28
69 10
61 75
89 49
60 98
16 61
78 59
76 50
91 18
75 90
58 20
99 6
53 20
96 55
17 39
44 50
19 13
60 80
40 49
82 0
0 50
13 30
61 90
32 52
60 7
94 70
80 94
29 85
14 77
92 83
16 36
34 87
1 46
19 41
48 1
41 48
3 55
30 65
97 63
69 57
70 64
79 50
10 8
88 24
8 53
17 94
40 70
40 60
12 88
13 5
36 69
12 19
86 61
82 55
70 4
71 50
7 81
10 95
58 48
75 66
53 44
60 46
15 52
58 79
41 23
36 29
44 1
48 30
62 82
86 33
87 9
83 46
91 45
41 1
93 68
19 99
13 79
45 80
83 55
11 24
78 47
54 23
48 54
53 63
37 91
96 24
53 31
70 96
76 63
97 22
31 16
21 96
47 18
76 30
73 39
55 3
39 61
26 39
15 32
2 52
75 98
28 28
29 50
24 58
13 21
80 97
89 53
93 36
71 22
67 44
61 74
47 0
35 26
40 2
58 42
7 33
93 35
14 74
86 38
32 51
12 64
17 42
38 88
32 77
31 32
30 18
58 22
72 68
64 79
53 9
67 67
84 5
58 68
56 70
33 57
51 61
39 67
18 23
96 1
7 26
19 65
48 44
85 65
23 91
26 42
58 10
47 16
79 56
38 12
13 62
14 64
23 53
83 42
29 79
43 36
58 15
2 58
59 39
75 34
30 2
77 41
9 43
32 48
7 97
10 22
13 33
75 96
27 4
28 23
41 38
38 95
96 49
86 72
35 17
74 64
10 38
41 19
34 25
67 41
23 29
63 36
15 91
85 42
47 65
65 40
87 99
56 74
23 92
43 97
8 5
88 49
24 22
27 44
63 50
25 79
38 40
22 75
40 0
62 95
8 49
95 64
75 18
8 70
68 17
27 8
30 45
47 73
76 38
14 98
65 49
20 58
1 82
83 48
26 11
19 34
33 39
3 61
99 22
65 81
26 67
86 3
57 0
53 22
1 73
80 3
7 86
64 91
86 90
54 5
77 87
96 80
2 65
76 74
78 55
41 65
10 50
17 63
89 5
74 96
91 38
39 77
81 45
35 58
85 83
38 85
31 93
51 59
67 81
14 60
98 76
10 16
92 34
87 81
39 13
29 82
3 21
12 84
66 99
42 51
82 81
89 13
74 92
73 41
1 24
16 63
40 8
97 79
41 89
44 70
71 47
91 35
32 10
13 69
55 2
34 81
94 7
74 20
99 27
44 15
90 36
75 40
67 16
29 11
38 52
58 30
88 90
92 74
17 5
43 72
8 78
6 54
37 32
74 88
60 70
3 2
6 30
42 73
98 71
36 37
76 95
19 16
37 11
42 54
16 86
79 76
16 85
83 5
17 9
94 29
80 49
80 74
12 78
98 48
67 26
95 86
42 33
97 36
87 66
22 66
94 90
3 77
96 73
87 42
2 19
91 86
57 23
54 63
70 21
89 65
8 83
50 57
19 90
75 94
56 22
36 12
99 84
85 38
57 70
26 15
93 39
36 47
2 6
69 43
24 29
26 26
38 97
16 14
36 80
37 87
64 74
26 91
13 35
61 91
30 39
97 27
27 73
56 5
0 94
3 16
41 96
26 30
36 91
4 14
34 70
49 47
61 52
28 92
38 56
66 46
13 66
93 16
34 53
63 76
2 41
6 38
32 63
52 18
33 53
65 94
57 71
90 0
34 19
45 73
27 11
19 40
29 64
9 63
91 72
65 50
62 50
68 98
19 86
44 29
29 43
16 33
37 88
25 66
4 34
82 74
58 25
46 24
75 60
74 40
26 94
38 46
80 83
75 89
70 56
85 76
61 72
41 86
91 98
21 25
72 31
50 71
31 81
66 58
28 57
56 8
50 62
38 26
88 99
99 82
37 42
80 10
67 52
42 17
23 49
43 7
83 62
65 11
19 21
71 11
56 21
73 47
8 63
74 97
14 73
79 3
15 11
14 82
15 8
99 91
9 95
98 92
57 63
55 76
36 79
39 92
0 12
27 65
58 93
38 89
96 5
52 10
70 91
58 80
86 56
24 95
71 32
71 59
11 62
3 63
74 95
24 53
60 34
46 51
23 42
56 27
5 48
95 75
39 53
55 77
62 32
72 85
64 95
45 75
57 48
38 83
43 15
88 4
55 25
28 63
52 85
63 47
61 2
53 68
31 15
0 55
0 64
50 97
39 59
46 30
94 41
45 82
45 94
16 52
19 97
68 72
82 31
71 95
86 24
64 17
91 64
73 92
81 75
41 72
87 87
2 81
29 47
64 26
94 32
31 65
29 99
37 64
82 61
59 68
85 23
38 77
40 63
21 73
90 14
45 77
2 48
59 83
47 23
61 41
55 92
59 37
91 96
1 26
9 12
46 95
88 84
24 80
99 97
53 90
11 98
67 65
98 26
49 62
91 57
54 50
46 98
99 99
24 8
11 70
55 99
7 31
31 6
96 92
35 64
9 33
42 10
31 44
72 23
73 99
76 72
98 0
33 9
23 88
61 30
20 92
44 64
1 54
49 43
64 33
87 88
56 88
14 81
87 91
6 37
43 39
47 66
79 60
48 99
4 37
0 33
22 44
49 23
50 99
66 14
54 40
94 21
12 79
71 7
70 70
26 50
1 87
63 53
98 74
73 79
67 57
85 21
49 31
42 22
65 6
54 89
14 24
11 92
18 28
33 82
81 57
84 56
11 51
65 96
72 14
27 15
89 45
73 43
86 87
31 46
43 50
26 76
84 59
43 69
35 27
78 46
78 43
94 50
10 74
17 99
19 91
94 57
30 13
54 62
64 37
26 48
97 12
3 92
34 39
19 12
37 97
7 84
99 17
58 69
68 29
12 62
86 42
28 40
56 39
90 72
77 17
20 26
81 24
18 15
88 37
4 98
27 70
39 65
65 67
58 73
7 48
46 36
17 18
14 99
14 9
73 94
66 11
81 54
53 59
29 54
50 46
21 8
20 80
8 66
16 26
36 30
77 31
14 43
37 58
98 70
13 99
8 18
2 39
76 52
38 50
12 58
30 21
76 99
47 12
43 96
67 36
94 86
27 59
37 35
10 32
38 86
36 76
36 49
34 67
22 62
18 69
75 99
45 70
47 64
58 35
73 5
21 1
64 58
88 46
57 98
30 95
85 66
72 73
67 58
92 89
73 10
10 0
10 7
70 9
72 81
44 45
86 65
98 2
75 87
48 32
97 52
48 64
62 40
6 35
51 68
35 13
76 58
22 0
91 67
84 96
79 12
35 80
44 72
58 76
47 7
80 47
72 43
39 30
30 90
98 18
55 26
26 19
97 24
48 33
20 27
45 55
7 42
79 18
18 78
25 99
94 65
31 76
7 82
94 63
93 42
59 41
27 31
38 80
67 17
98 85
96 76
36 73
25 30
38 9
7 98
91 53
28 58
86 21
0 97
15 27
28 36
52 66
16 19
36 15
57 32
91 93
5 68
76 96
77 35
94 20
40 7
20 68
17 6
56 57
96 84
93 1
3 9
20 39
76 77
23 19
23 80
40 51
76 69
86 22
90 26
47 98
68 89
67 24
46 16
17 16
0 89
19 30
48 42
10 88
93 87
58 31
9 48
10 56
41 30
45 9
55 91
25 68
82 94
84 83
83 91
12 2
21 12
96 31
1 41
72 32
11 82
38 16
3 84
77 58
27 54
48 62
45 32
5 9
86 26
21 35
76 32
85 1
16 48
60 25
9 37
35 37
44 14
99 92
28 96
76 34
5 15
50 74
53 78
79 75
39 14
67 12
88 79
68 25
91 89
5 19
85 33
5 42
48 70
21 50
29 3
16 8
79 7
23 98
20 63
77 9
64 45
58 77
92 15
49 30
72 49
24 93
99 21
24 36
89 55
43 64
53 15
27 30
77 91
46 86
41 91
53 42
21 53
96 93
2 73
39 54
94 58
46 75
39 31
9 18
62 86
10 90
50 8
28 43
99 81
85 20
34 33
66 89
6 5
43 52
15 29
23 14
5 1
56 44
32 17
15 46
4 77
36 54
85 64
49 85
97 34
67 23
80 16
78 48
45 53
6 70
47 39
87 62
37 43
91 74
49 76
90 98
13 40
32 71
72 52
46 45
30 27
61 8
27 6
14 41
9 20
11 8
11 50
22 1
94 13
27 43
89 17
94 55
9 78
26 81
30 72
26 60
51 39
46 87
67 71
85 89
54 99
26 95
68 20
50 78
99 28
11 81
1 90
94 4
29 15
54 58
34 13
36 78
42 8
59 87
44 80
60 94
23 21
92 76
63 86
32 93
53 19
20 7
78 7
21 71
60 57
49 3
51 29
49 95
61 9
42 71
20 65
45 13
93 8
51 25
53 5
45 74
64 23
81 37
94 93
95 95
96 65
46 58
95 8
20 37
31 40
54 76
5 99
37 57
25 90
14 22
16 78
45 49
16 91
43 63
38 91
80 95
91 26
5 87
86 25
76 18
66 83
46 23
82 83
32 59
26 46
81 42
44 93
21 39
8 59
30 88
6 22
66 12
61 53
37 37
71 55
72 17
79 55
53 11
14 79
10 48
73 87
78 69
32 0
8 92
32 18
61 98
30 74
3 67
11 26
75 84
44 54
91 49
17 57
80 79
5 5
18 84
75 50
36 35
94 47
65 39
25 95
13 80
15 25
61 3
52 65
61 32
45 19
89 63
55 16
66 91
52 60
38 78
39 4
18 16
51 31
8 3
56 69
6 4
73 58
70 87
42 15
30 61
0 48
52 4
61 42
83 0
46 53
16 50
16 45
16 25
29 40
85 51
27 79
18 33
63 49
97 98
40 3
10 39
0 450 192
0 64 813
1 20 784
2 521 203
3 144 683
4 529 29
4 83 48
5 513 570
5 416 869
5 506 214
6 105 114
6 522 176
6 200 754
6 515 138
7 483 450
8 248 979
8 147 823
8 535 360
8 382 387
9 226 312
10 22 941
10 523 755
11 463 28
11 573 838
11 63 153
11 463 837
12 546 175
13 406 917
14 438 125
15 386 353
15 331 315
15 105 28
15 364 79
16 594 443
17 5 356
18 269 745
18 86 421
19 233 688
19 90 42
20 159 94
21 456 664
22 144 851
23 579 450
23 156 861
23 239 779
23 337 216
24 562 406
24 560 457
24 226 958
24 64 284
25 371 967
26 180 124
26 154 494
27 326 897
27 267 693
28 228 389
29 544 400
30 53 971
30 291 659
30 321 396
30 179 496
30 46 805
30 162 259
30 194 577
31 51 131
32 161 486
33 90 70
34 277 173
34 402 510
35 572 412
35 66 112
35 151 88
36 430 187
37 331 251
37 363 414
38 546 144
38 480 20
39 293 29
40 497 607
40 442 385
41 552 311
41 328 419
41 368 565
41 202 462
42 444 999
42 81 986
43 244 804
43 363 977
44 329 456
45 136 752
46 542 34
47 457 106
48 404 462
49 367 528
49 597 977
49 7 460
50 364 983
51 487 255
52 100 21
53 151 397
54 430 51
54 347 491
55 443 940
55 506 648
56 527 449
57 532 631
58 19 185
59 545 614
60 529 537
60 186 149
60 447 583
60 82 111
60 597 377
60 526 823
60 228 10
60 74 644
60 104 612
61 332 503
61 20 874
62 191 247
62 481 507
63 597 35
63 381 566
64 122 836
65 500 372
65 175 950
66 438 159
66 469 484
66 597 101
67 145 333
68 19 41
69 216 955
70 535 33
71 333 791
72 472 93
72 437 756
72 414 455
72 502 261
72 401 797
73 24 728
73 568 20
73 52 729
73 59 718
73 581 820
73 553 934
73 369 841
73 527 139
73 534 247
73 228 130
74 360 317
75 381 312
75 471 193
75 264 511
76 173 816
76 450 551
77 374 582
77 458 544
78 235 827
79 319 126
79 108 156
79 204 231
80 128 550
81 126 801
82 465 494
82 233 805
82 235 127
82 548 189
82 135 685
82 278 748
82 205 609
82 420 176
82 247 226
82 485 668
82 413 161
82 316 713
82 40 827
82 57 430
83 504 296
83 348 631
83 370 837
83 182 50
84 578 236
85 319 227
85 35 353
85 389 791
86 162 814
86 515 21
86 489 569
86 585 38
87 537 488
87 316 200
88 188 134
88 457 741
89 193 771
89 537 90
89 409 925
90 182 214
90 541 34
91 580 734
92 47 926
92 112 19
93 566 676
94 531 615
94 582 726
95 374 229
95 470 223
95 519 339
96 529 689
97 186 684
97 215 886
97 416 558
98 183 852
99 372 487
100 352 131
101 537 912
101 207 122
101 467 220
102 466 723
102 303 405
102 63 993
103 289 207
104 147 586
105 488 620
106 148 316
106 244 174
106 85 793
106 478 322
106 569 992
106 252 463
107 579 845
108 437 111
109 127 396
109 378 700
110 401 661
111 258 638
112 512 926
113 464 857
113 248 326
113 87 938
113 43 703
113 495 12
113 239 876
114 225 783
114 203 348
115 496 995
115 77 496
115 104 83
116 501 702
116 100 249
116 293 275
116 516 967
117 345 218
118 48 705
119 144 277
119 208 74
119 5 389
120 500 651
120 592 805
120 476 766
120 520 182
121 575 946
122 113 308
123 437 480
124 187 301
124 371 890
124 76 326
124 370 502
125 132 795
125 414 506
126 196 266
127 545 337
128 315 934
129 117 629
129 104 474
130 447 686
131 352 52
132 145 206
133 227 298
133 32 57
134 226 682
135 576 268
135 600 108
135 8 437
136 111 797
136 327 925
136 258 414
137 250 136
138 338 955
139 469 35
140 14 269
141 377 915
141 323 278
141 388 338
141 450 897
141 116 165
142 346 496
143 246 106
143 370 245
143 416 129
144 143 469
145 436 645
145 517 981
145 416 894
146 457 734
146 235 437
147 502 718
147 5 946
148 53 950
148 85 316
148 11 403
148 269 245
148 80 315
149 302 131
149 553 924
150 146 637
151 308 974
152 504 751
152 599 722
152 572 996
152 31 337
153 272 370
153 362 665
153 564 138
154 537 194
154 476 604
154 424 488
154 201 489
155 563 104
156 86 59
157 188 774
158 191 579
158 50 91
159 64 213
160 374 76
161 263 721
162 174 980
163 232 3
164 123 791
165 418 589
166 384 376
166 180 593
167 22 475
168 423 52
169 381 58
169 592 990
169 485 784
169 542 544
170 538 188
170 121 161
170 434 285
171 299 932
172 175 285
172 577 412
173 317 829
174 509 286
175 168 501
175 485 75
176 396 521
176 22 761
177 556 210
177 392 191
178 390 584
179 194 148
180 294 354
181 374 654
182 167 335
183 297 359
183 20 433
183 386 209
183 362 976
184 286 415
184 65 757
185 347 239
186 396 240
187 563 67
188 139 922
189 154 487
190 1 988
190 302 575
190 143 521
190 253 820
191 480 82
192 454 300
192 497 589
193 499 479
193 296 595
194 550 205
195 420 80
195 247 641
195 561 313
195 351 540
195 66 13
196 504 612
197 574 814
197 413 867
197 425 53
197 495 651
198 6 761
198 136 370
199 228 298
200 19 54
200 44 988
201 147 902
201 55 883
202 149 612
203 347 377
203 171 199
203 363 695
203 221 596
203 190 975
203 31 87
203 251 328
203 520 677
203 469 881
204 331 284
205 599 988
205 63 791
205 329 160
205 327 501
205 258 277
205 547 81
205 49 161
206 229 465
206 445 516
207 401 699
208 269 519
208 356 956
208 251 193
208 64 799
209 479 33
210 367 755
211 85 184
212 554 895
212 171 495
213 435 463
213 49 323
214 191 361
215 121 910
215 227 338
215 319 766
215 498 489
216 245 664
216 262 244
216 489 337
217 595 135
218 231 966
219 197 933
220 188 434
220 5 989
221 527 570
221 265 15
221 521 544
222 393 375
223 365 58
223 593 386
223 358 475
223 168 227
224 321 447
224 366 200
224 294 941
224 528 429
225 571 65
226 186 622
227 514 410
227 4 207
227 30 52
228 116 145
229 509 541
229 527 600
230 29 200
231 536 32
231 420 331
231 4 310
231 18 748
231 246 639
232 352 538
233 396 620
234 145 747
235 380 572
236 48 375
236 345 260
237 278 734
237 528 877
238 599 663
238 247 734
238 456 735
239 86 444
239 66 664
240 211 452
240 298 473
240 299 780
241 86 188
242 511 727
243 127 21
243 360 187
244 193 888
245 578 661
246 488 289
247 196 118
248 250 895
249 377 535
249 210 207
250 368 810
251 503 114
251 306 541
252 154 537
253 468 410
253 389 685
253 518 189
253 454 952
254 41 975
254 386 760
255 324 586
256 282 547
257 249 459
258 411 555
258 209 891
259 187 542
260 508 27
261 243 353
262 180 602
263 481 670
264 581 824
264 581 307
264 481 640
265 287 318
265 319 21
266 459 391
267 114 852
268 485 358
269 92 644
269 203 686
270 173 904
270 50 35
271 228 337
271 251 586
271 151 459
271 402 685
271 504 232
271 14 327
271 344 346
272 485 227
273 99 552
274 223 168
275 418 71
275 94 220
275 318 906
276 583 196
277 374 114
278 330 323
278 138 172
278 514 875
278 98 320
279 88 139
280 292 834
280 552 19
281 278 428
282 63 167
282 29 56
282 70 681
282 182 332
283 350 388
283 102 221
284 162 943
285 281 906
286 543 97
287 503 4
288 118 77
288 202 10
289 497 154
289 49 834
289 38 434
290 106 640
291 510 160
291 402 451
291 301 343
292 152 39
292 409 821
293 173 973
294 481 214
294 109 1000
295 272 703
296 148 44
296 288 525
297 395 837
297 558 779
298 401 377
298 5 338
299 570 444
300 339 881
300 141 811
301 239 960
301 201 51
301 55 137
302 87 406
303 456 432
304 417 284
304 451 605
305 241 652
306 280 226
306 510 482
307 568 486
307 465 371
308 564 250
308 266 539
308 45 752
309 25 188
310 367 637
310 448 195
310 315 942
310 423 395
310 335 805
311 62 215
311 564 602
312 235 505
312 342 736
312 345 277
312 173 492
312 466 776
312 107 285
313 306 415
313 183 771
314 517 117
315 470 263
315 176 834
315 562 804
315 339 415
315 546 665
316 256 897
317 404 359
318 437 111
319 361 20
319 485 554
320 152 526
320 418 77
320 87 749
321 529 809
322 558 113
322 378 625
322 80 408
323 351 816
323 186 841
323 461 606
323 69 137
323 401 220
324 335 634
325 544 357
326 42 717
327 362 541
328 179 856
329 506 623
329 228 777
329 33 301
329 349 690
330 485 405
330 215 65
331 277 369
331 370 626
331 61 566
331 200 683
332 117 773
332 307 664
333 37 145
333 599 558
334 588 435
335 206 200
335 141 113
336 196 695
336 518 723
336 193 833
337 300 749
338 383 504
339 401 304
340 499 184
341 513 307
342 497 113
343 308 209
343 377 461
343 505 198
343 145 68
343 336 346
344 341 236
345 135 106
345 171 794
345 444 638
345 282 514
345 548 290
346 508 258
346 26 25
347 29 793
348 415 633
348 122 447
349 507 647
349 385 147
349 585 252
349 110 670
350 175 57
350 23 6
351 100 486
352 169 679
353 552 856
353 357 812
353 440 384
353 354 107
353 73 544
354 439 35
355 109 717
356 245 157
356 322 641
356 552 268
357 404 64
357 404 662
358 225 415
358 143 875
358 223 355
359 120 165
360 158 593
360 461 91
360 412 928
361 192 176
362 48 974
363 422 421
364 598 708
364 46 620
365 541 778
366 591 254
367 593 990
367 3 61
367 422 735
367 94 475
368 154 495
369 232 7
370 247 453
371 41 500
372 105 57
373 562 155
374 263 564
374 135 975
374 206 445
375 228 876
375 384 881
376 455 82
377 21 715
377 489 148
377 582 255
378 583 121
379 94 96
380 58 297
381 35 694
381 531 767
381 347 71
382 455 74
383 232 117
383 450 283
384 319 500
385 98 493
386 469 971
386 311 310
387 149 690
388 27 866
389 378 74
390 132 280
390 96 591
390 160 118
390 123 767
391 257 6
392 217 373
393 98 375
393 258 785
394 228 595
394 570 124
394 223 187
394 81 953
395 414 757
395 543 426
395 136 701
395 416 471
395 567 506
396 221 349
396 327 355
396 388 108
396 480 586
397 444 304
398 417 639
398 285 66
398 113 237
398 225 58
399 411 178
400 393 858
400 339 134
401 141 459
401 278 669
402 390 956
403 20 794
403 298 575
404 14 258
405 60 653
406 390 15
407 532 692
408 416 486
408 167 628
409 477 724
410 268 195
410 373 280
411 237 48
411 393 73
412 576 360
413 351 445
413 201 906
413 299 118
414 417 426
414 120 434
414 526 619
414 524 443
415 110 511
415 296 11
416 10 977
416 446 498
416 597 561
416 558 340
416 25 711
417 46 392
417 184 780
418 368 731
418 151 302
418 80 711
418 397 700
419 138 214
420 450 993
421 33 900
421 521 556
422 371 185
423 203 390
423 304 340
424 409 520
424 29 735
424 537 285
424 154 205
425 377 109
425 251 636
426 94 27
427 63 606
427 386 452
428 424 897
429 321 538
430 555 806
430 100 593
430 134 709
431 575 98
431 52 747
431 173 213
432 478 1
433 217 899
433 58 482
433 215 711
434 101 952
434 457 137
435 567 488
436 27 629
437 441 808
437 136 483
438 448 780
438 434 535
439 31 465
440 316 295
440 122 649
441 272 515
442 225 689
442 69 724
443 512 412
444 178 332
445 145 550
445 257 151
446 191 209
447 593 94
448 340 625
449 426 791
450 161 718
450 376 158
450 578 651
451 519 425
451 133 723
451 448 360
451 62 683
452 2 186
452 572 665
453 584 77
454 491 55
455 240 122
455 332 480
456 370 4
456 475 476
456 65 315
457 439 530
458 55 442
459 384 635
460 69 290
461 9 800
462 25 270
462 161 929
462 81 134
462 22 38
463 389 955
463 342 142
463 572 457
463 315 243
464 420 322
465 469 283
466 140 983
467 352 178
468 492 188
468 432 335
468 310 873
469 190 631
469 516 926
470 55 558
470 565 171
470 184 837
470 364 493
471 305 598
471 445 106
472 577 811
473 87 353
473 332 298
474 515 350
475 216 882
475 519 962
475 191 69
475 335 934
476 456 462
476 573 113
476 540 297
477 510 684
477 558 860
477 78 572
478 216 183
478 575 796
479 478 833
479 299 42
479 463 437
480 31 859
480 326 586
480 402 325
481 521 26
482 578 884
483 560 495
483 36 286
484 380 438
485 264 512
485 206 147
486 56 742
487 448 270
487 448 70
487 525 866
487 197 112
488 21 444
489 494 97
489 547 211
490 257 898
491 495 638
492 526 438
492 149 897
493 360 15
493 451 477
493 416 524
494 277 748
494 155 39
494 181 968
495 133 133
495 297 152
495 553 852
495 377 796
495 208 315
496 506 408
497 491 90
497 522 156
497 200 605
498 200 491
499 553 271
500 58 645
501 422 271
501 212 264
501 558 542
502 206 288
503 189 954
503 586 101
503 341 523
503 237 293
503 4 107
503 60 563
503 515 68
504 585 772
504 182 61
505 462 50
505 121 265
505 531 524
506 563 384
506 424 914
506 27 40
506 250 485
506 213 956
507 358 786
507 335 561
508 558 734
508 77 861
509 272 479
510 246 232
510 379 148
510 64 680
510 596 69
511 472 28
512 311 638
513 98 368
514 25 515
515 34 572
515 491 616
515 100 214
516 243 221
516 39 367
516 225 103
517 211 139
517 569 745
517 216 442
518 201 344
518 495 86
518 128 831
519 355 840
520 44 661
520 201 719
520 485 820
521 147 115
521 177 129
522 242 569
523 594 288
524 351 867
525 331 261
525 208 573
525 275 28
526 347 770
526 571 813
527 224 910
527 433 83
528 492 606
528 367 961
529 369 345
529 568 372
529 371 566
530 532 404
530 78 673
530 296 198
530 240 650
531 97 740
532 194 555
532 593 482
533 246 352
534 393 185
534 250 858
534 275 770
534 482 223
534 245 539
534 21 859
535 141 61
535 524 967
536 202 10
536 309 411
536 505 708
536 23 157
536 188 978
536 405 881
537 172 192
537 272 948
538 128 778
539 477 354
540 555 627
541 52 792
542 228 527
542 141 225
543 217 535
543 341 836
543 592 167
543 181 754
543 531 368
544 4 82
545 116 331
545 594 52
545 458 573
545 397 50
545 453 422
546 255 946
546 113 433
546 562 396
547 583 501
548 57 911
549 500 801
550 428 235
551 299 413
552 558 723
553 282 638
554 496 353
555 595 903
556 114 651
557 222 285
558 451 106
558 218 237
558 495 207
558 506 121
559 428 792
559 330 204
559 302 363
559 211 819
559 159 787
559 412 504
559 486 835
559 111 998
560 408 715
561 82 519
561 138 746
562 146 493
563 366 403
564 5 93
565 261 236
565 70 817
566 441 134
566 333 218
567 115 363
567 22 301
568 95 685
568 274 505
569 552 682
569 30 161
570 126 15
570 432 149
571 212 367
571 540 14
572 342 603
573 111 996
574 115 855
574 300 514
574 568 598
575 343 710
575 295 988
575 221 402
576 558 33
577 554 809
577 595 447
577 17 942
577 307 217
578 579 887
579 574 275
580 75 502
580 461 731
580 562 504
581 53 884
582 287 745
582 405 310
582 366 78
583 413 749
584 400 851
584 140 659
585 7 556
586 561 843
586 422 161
587 14 680
587 262 819
587 13 911
587 301 879
588 366 199
589 515 661
590 564 63
591 557 254
591 463 632
592 50 771
592 466 78
593 273 485
593 589 993
593 125 220
594 355 396
594 72 108
595 260 376
595 505 117
595 314 980
595 90 527
595 492 454
596 494 428
597 397 545
597 169 747
597 310 440
598 278 460
599 13 309
599 429 374
599 161 314
599 186 270
599 342 751
600 489 578
600 144 363
601 269 858
601 108 316
601 70 959
601 56 785
602 177 310
603 584 882
604 153 416
604 232 458
605 53 61
605 43 522
606 352 309
606 570 60
606 441 381
607 581 18
608 420 79
608 57 824
609 200 196
610 463 629
611 5 998
612 245 197
613 238 44
614 25 982
615 260 295
615 128 348
616 22 826
617 546 897
617 245 390
618 62 794
618 526 639
619 280 195
619 189 727
620 296 889
621 77 689
621 149 654
622 384 643
622 72 370
623 471 319
623 526 809
624 257 95
625 82 925
626 251 839
626 581 478
627 153 83
628 473 212
629 223 86
629 244 940
630 123 737
631 483 741
631 91 441
631 395 855
631 48 380
632 211 325
632 356 669
633 26 937
634 260 809
635 193 559
635 77 1
636 123 416
636 582 875
636 275 343
636 566 400
636 50 57
637 335 78
637 152 463
637 454 136
638 181 695
638 231 79
638 57 705
639 517 627
640 460 813
641 332 995
641 235 179
642 587 669
642 304 10
643 99 311
644 289 224
644 349 914
645 288 724
645 402 998
645 162 462
646 358 518
646 343 486
647 182 697
648 7 878
649 85 536
649 57 988
649 488 707
650 521 729
651 379 85
652 490 430
652 294 64
652 135 103
653 305 938
654 162 678
654 542 138
654 485 691
654 578 248
654 167 128
654 259 978
654 547 512
654 583 143
655 281 257
655 69 926
656 148 664
657 544 818
657 432 759
657 51 807
658 421 851
659 24 633
659 419 334
659 206 817
659 481 696
659 93 135
660 37 632
660 314 159
661 245 283
661 103 603
661 579 261
662 256 699
663 362 299
664 465 464
665 414 948
666 235 768
667 444 731
667 270 205
668 597 89
669 197 355
670 425 990
670 564 334
671 173 513
672 370 731
672 173 613
672 343 300
673 365 761
674 50 32
675 159 562
676 402 199
676 192 906
676 97 948
676 193 314
676 309 202
676 314 537
677 288 863
678 118 32
678 571 50
679 323 259
679 322 638
679 467 525
680 420 212
681 527 43
682 349 628
683 571 480
683 545 948
684 312 384
684 201 463
685 424 241
685 204 442
686 230 587
686 267 752
686 292 194
686 340 295
687 416 513
687 148 779
687 486 232
687 306 456
687 222 91
688 416 641
688 520 365
688 506 495
689 432 699
689 288 706
689 9 417
689 279 405
690 548 290
691 89 944
691 464 541
691 310 210
691 155 194
691 256 808
691 307 910
692 195 176
693 132 424
694 376 135
694 167 626
694 502 201
695 459 169
696 148 412
697 19 679
697 255 452
698 102 984
699 558 844
699 118 121
699 80 624
699 455 145
699 64 665
699 266 311
699 435 409
700 231 995
700 200 581
700 18 747
700 368 238
701 366 669
701 426 842
701 274 799
701 477 678
701 390 321
701 559 416
702 1 38
702 61 966
702 175 497
703 309 21
704 223 221
704 15 621
704 47 184
705 68 804
705 18 483
706 130 496
706 475 670
707 88 68
708 480 994
709 557 452
710 514 733
711 479 16
712 195 93
713 195 194
714 182 942
714 536 646
715 508 872
715 529 99
715 260 431
716 275 146
716 469 37
717 265 743
718 516 475
719 53 767
719 223 25
720 309 441
721 328 96
722 406 290
723 101 679
723 432 562
723 345 81
724 533 627
724 214 181
724 347 898
724 106 448
724 308 390
725 184 54
726 434 789
726 409 706
726 553 277
726 218 338
727 6 727
728 315 887
728 489 486
728 43 742
728 387 671
728 17 399
729 511 591
729 356 516
729 150 842
729 399 538
729 209 422
729 408 168
730 94 290
731 310 705
731 258 915
732 187 83
733 52 979
734 559 615
734 181 364
735 72 86
736 510 51
737 44 467
738 303 436
739 570 764
739 286 836
740 139 667
740 363 59
741 155 351
742 38 749
742 460 577
743 361 697
743 94 620
744 241 604
745 305 399
745 346 590
746 208 370
747 35 490
748 565 259
749 33 769
749 599 270
750 214 154
751 325 104
751 590 23
752 152 548
753 257 14
753 326 898
753 53 87
753 388 729
754 350 6
754 175 983
755 147 343
755 573 393
755 555 355
755 568 732
756 403 187
756 43 360
757 284 625
758 158 193
759 440 56
760 153 899
761 459 825
761 285 221
762 435 884
762 255 443
762 539 751
762 516 528
763 244 764
764 152 276
765 402 135
765 15 754
766 212 503
767 325 554
768 316 871
769 26 771
769 20 730
769 581 114
770 454 777
770 485 539
770 35 32
770 125 556
770 221 283
771 217 2
771 331 182
771 386 397
772 421 478
773 485 197
773 470 702
774 220 270
774 555 816
775 426 749
775 262 127
776 574 93
776 437 906
777 57 811
778 412 58
778 178 18
779 46 302
779 391 969
780 572 328
781 432 147
781 365 791
782 203 133
782 373 81
782 144 454
782 507 318
782 101 487
782 315 605
782 487 980
782 138 180
783 17 769
783 335 472
783 161 67
783 2 292
784 286 883
785 463 76
785 106 913
785 219 229
786 407 706
787 198 106
788 386 181
789 250 197
790 461 718
790 587 983
791 427 796
791 350 301
791 231 637
792 154 222
792 442 531
792 529 171
792 366 999
793 524 266
794 463 357
795 253 962
796 160 465
797 448 124
797 359 694
798 512 481
799 314 555
799 185 600
800 56 288
800 3 229
800 295 64
801 587 155
802 573 821
803 6 158
803 212 145
804 180 295
804 466 507
804 80 336
804 279 115
805 104 101
806 512 493
807 418 498
808 418 566
808 133 463
809 446 914
810 588 796
811 537 23
812 160 748
812 101 175
813 499 303
813 237 916
814 28 61
815 427 706
816 224 239
816 368 637
817 377 53
817 273 216
818 99 164
819 550 615
820 569 876
820 579 767
821 474 159
822 576 215
823 208 953
824 579 677
825 89 330
825 89 180
826 585 889
827 95 779
827 265 777
827 409 14
827 402 149
828 415 939
829 320 653
829 436 810
829 437 965
830 543 565
831 223 755
831 413 166
832 399 466
833 550 975
833 295 702
833 384 73
833 276 436
833 42 220
833 154 943
834 340 596
834 58 767
835 177 432
835 453 66
835 269 787
836 475 118
837 491 8
838 529 363
838 106 206
838 575 827
838 406 199
838 599 268
839 104 60
839 446 648
839 319 837
840 596 407
840 411 726
841 562 479
842 339 628
843 229 458
843 385 436
843 573 203
843 47 246
843 484 909
844 431 47
845 167 975
845 482 343
846 139 242
847 505 998
847 584 56
848 357 878
848 538 604
849 456 948
849 186 817
849 236 889
850 600 207
850 147 820
850 170 258
850 352 564
850 293 695
850 41 808
850 514 115
851 529 429
851 436 210
851 96 500
852 361 620
853 558 269
854 470 738
855 85 740
855 367 311
855 487 424
856 531 180
856 306 307
856 186 606
857 519 434
858 264 962
858 158 932
859 272 237
859 376 864
860 129 485
860 389 330
861 493 805
861 161 93
862 320 706
862 522 232
862 545 253
862 6 139
862 61 128
862 34 161
862 293 981
862 261 905
863 447 945
863 192 144
864 587 640
865 437 953
866 594 160
867 262 573
867 179 62
867 441 980
867 4 286
868 564 768
868 426 972
869 252 281
870 75 596
870 59 504
870 451 367
871 559 407
871 574 118
872 465 613
873 516 770
873 306 902
874 349 849
875 500 142
875 289 678
875 83 782
876 490 486
876 172 306
876 519 274
877 599 123
878 365 45
878 489 572
879 416 180
879 164 759
880 166 451
881 533 420
882 549 581
882 307 278
882 329 693
883 90 388
883 574 717
883 45 482
883 23 959
883 77 331
884 105 265
884 335 79
884 228 306
885 574 791
886 271 139
887 443 962
887 578 970
887 458 864
888 208 238
888 378 311
889 436 414
890 202 955
890 454 600
890 486 144
891 161 931
892 426 591
893 510 104
893 30 481
894 390 629
895 21 688
895 570 124
895 321 314
895 390 530
896 320 110
896 583 285
896 14 854
897 507 246
897 374 907
897 476 296
898 228 981
898 561 265
899 317 205
900 270 259
901 77 739
901 214 247
901 155 327
901 437 97
901 292 326
902 70 582
903 532 696
903 258 890
903 83 112
903 82 989
904 155 161
905 498 389
906 423 579
906 117 893
906 513 611
906 30 855
907 26 43
908 10 722
908 60 596
908 255 636
909 517 856
909 379 943
909 318 210
910 487 554
911 208 259
912 165 178
913 519 420
913 399 100
914 180 466
914 431 978
914 305 892
914 180 561
914 224 90
914 214 477
914 420 468
915 143 20
916 209 479
917 111 17
918 5 711
918 490 397
919 355 427
919 65 649
920 255 34
921 32 10
921 330 668
922 196 4
923 49 635
923 511 803
924 541 478
925 205 95
925 325 357
925 154 467
926 130 712
926 430 444
926 491 660
926 146 237
927 482 89
928 460 971
929 469 861
930 18 757
930 472 668
931 458 212
932 400 433
932 517 40
933 245 174
933 183 805
934 483 68
935 129 370
936 526 925
937 525 969
938 5 882
939 390 260
940 215 505
940 189 825
940 277 684
940 378 985
941 84 628
942 292 352
942 96 727
942 456 512
942 508 375
942 209 611
943 509 636
943 432 566
943 588 249
944 225 345
944 212 508
944 495 678
944 35 563
945 107 998
946 551 966
946 140 611
946 361 114
946 493 109
947 572 35
947 299 552
947 116 228
947 560 254
948 101 838
948 469 61
949 591 725
949 585 14
950 268 997
951 474 54
951 257 336
952 361 861
953 309 363
954 411 840
954 262 127
955 160 31
955 275 325
955 389 898
956 239 982
957 445 882
957 149 172
958 89 237
958 123 405
959 98 28
960 200 674
960 154 942
960 551 32
960 373 838
961 24 158
962 575 665
963 561 959
963 228 547
964 428 270
965 579 710
965 541 480
965 209 253
966 2 823
966 186 472
966 532 100
966 167 11
967 238 913
967 501 865
968 534 796
968 569 583
969 516 169
970 508 429
971 116 799
972 547 299
972 273 421
972 553 591
972 371 571
972 76 729
973 409 44
973 191 856
974 561 182
975 214 648
976 324 232
976 70 40
977 148 676
977 249 616
978 231 613
978 580 784
978 157 180
978 367 24
978 345 474
978 181 772
978 500 953
979 369 51
979 309 976
979 207 511
979 81 601
980 191 561
980 228 321
981 148 306
982 507 315
983 452 592
984 586 76
984 169 593
985 518 391
986 303 701
986 108 657
987 433 774
988 290 450
988 470 841
988 249 516
989 434 738
990 31 869
991 308 904
992 488 709
992 242 872
993 8 274
993 215 859
994 469 178
995 433 441
995 198 482
996 193 304
997 483 703
997 263 948
997 203 387
997 368 699
997 79 802
997 199 40
998 105 247
998 582 986
998 354 959
999 525 774
1000 334 62
1001 234 244
1002 389 707
1002 417 179
1002 300 946
1002 283 526
1002 543 159
1003 21 94
1003 483 753
1003 387 316
1003 574 774
1004 508 361
1005 558 45
1006 554 754
1007 415 393
1007 319 423
1008 53 890
1008 68 659
1009 296 930
1010 485 890
1011 214 75
1011 377 434
1012 418 189
1012 108 170
1012 378 436
1013 157 380
1013 74 334
1013 557 755
1014 343 153
1014 560 776
1015 52 300
1016 378 225
1017 158 640
1017 447 402
1018 322 330
1019 232 205
1019 207 121
1020 53 610
1021 23 355
1021 275 38
1022 41 923
1023 495 675
1024 478 558
1024 588 71
1025 591 376
1026 508 694
1026 315 463
1026 359 430
1027 98 739
1028 82 260
1028 422 819
1029 323 325
1029 1 232
1030 532 236
1031 405 755
1031 168 11
1032 554 163
1033 153 375
1033 354 841
1033 244 298
1033 37 708
1034 544 923
1035 232 360
1036 258 347
1036 551 420
1037 550 511
1038 197 23
1038 558 901
1038 65 455
1038 129 630
1039 95 683
1039 515 491
1040 490 623
1040 409 548
1040 114 9
1040 254 467
1041 466 618
1042 328 372
1043 496 281
1044 454 536
1044 203 464
1045 502 592
1045 595 594
1045 150 669
1045 487 913
1046 342 10
1047 123 260
1048 293 30
1048 521 451
1049 586 106
1049 212 596
1049 507 221
1050 570 895
1051 111 109
1051 274 965
1052 471 327
1052 33 374
1053 442 825
1054 565 871
1055 354 785
1056 141 137
1056 432 763
1057 124 465
1057 344 934
1058 496 339
1059 227 643
1060 281 738
1060 85 882
1060 283 517
1060 522 754
1061 90 504
1062 593 544
1063 65 337
1064 504 387
1065 506 447
1066 433 989
1066 403 152
1066 155 945
1067 118 610
1068 341 661
1068 522 267
1069 23 340
1070 202 214
1071 239 508
1071 503 159
1072 106 579
1072 230 963
1073 225 282
1073 537 1000
1074 249 785
1074 431 927
1075 498 106
1075 120 110
1076 421 939
1076 229 530
1077 131 56
1077 340 529
1078 88 850
1079 324 974
1080 401 785
1081 527 165
1082 448 967
1082 399 944
1082 477 396
1082 41 21
1083 433 157
1084 147 748
1085 266 943
1085 64 260
1085 97 731
1085 188 499
1085 285 573
1086 15 128
1087 15 965
1088 214 967
1088 62 793
1089 377 742
1090 368 80
1091 329 449
1092 222 137
1092 103 255
1093 272 598
1094 417 959
1094 304 206
1094 512 461
1095 484 858
1096 256 738
1096 540 531
1096 406 873
1097 472 315
1098 145 507
1099 50 522
1099 398 450
1100 493 86
1101 474 331
1101 293 877
1102 325 690
1102 97 755
1103 571 516
1104 360 560
1105 149 820
1106 557 725
1107 385 434
1107 12 135
1108 541 761
1108 216 863
1108 41 25
1108 77 281
1109 317 465
1110 386 509
1111 168 658
1112 382 37
1112 91 457
1112 528 901
1112 423 846
1112 141 30
1113 328 210
1114 176 552
1115 546 825
1116 198 897
1116 424 686
1116 397 247
1116 346 469
1116 19 815
1116 491 279
1117 563 826
1118 575 595
1119 342 316
1119 597 485
1119 400 99
1119 477 493
1120 56 304
1120 44 500
1121 445 23
1122 449 288
1123 523 276
1124 3 773
1124 332 719
1125 461 30
1125 230 312
1126 347 859
1126 592 884
1127 97 605
1127 89 708
1128 501 613
1129 146 746
1129 461 14
1129 587 306
1130 309 697
1131 213 2
1131 87 474
1132 137 125
1132 274 906
1132 54 572
1132 209 238
1132 393 804
1132 154 99
1133 200 128
1134 221 528
1134 40 257
1135 543 261
1136 29 391
1137 348 678
1138 242 359
1138 89 307
1138 384 625
1138 245 559
1139 29 698
1139 595 743
1140 442 690
1141 466 160
1141 189 385
1141 196 320
1141 443 450
1141 311 749
1142 43 590
1142 480 744
1142 174 273
1143 109 837
1144 196 909
1144 544 689
1145 114 715
1145 531 277
1145 159 7
1145 483 873
1145 504 599
1145 193 354
1145 310 695
1146 230 105
1147 22 517
1147 335 51
1148 4 16
1148 375 596
1149 576 468
1149 285 384
1149 22 875
1150 15 315
1151 161 809
1152 527 812
1152 260 155
1152 373 265
1152 83 477
1152 542 281
1152 582 266
1152 369 128
1152 386 627
1153 73 531
1153 297 392
1153 144 238
1154 531 428
1155 560 315
1155 93 611
1155 41 46
1155 341 473
1155 74 424
1155 241 413
1155 416 446
1155 168 543
1155 39 55
1155 2 434
1156 600 819
1156 448 457
1157 573 649
1158 87 456
1159 205 381
1160 570 339
1161 254 965
1162 270 909
1162 254 822
1162 153 243
1163 460 139
1164 144 568
1164 540 618
1165 15 261
1166 305 674
1167 526 217
1168 288 578
1169 139 862
1170 399 737
1171 15 301
1171 431 84
1172 454 845
1172 585 594
1172 126 322
1173 225 560
1173 373 848
1174 266 155
1175 491 554
1176 562 863
1177 447 438
1178 402 561
1178 65 668
1178 179 485
1178 27 72
1178 91 674
1179 237 134
1179 480 566
1180 551 98
1180 484 637
1180 589 489
1180 454 459
1181 279 287
1182 187 554
1182 48 125
1182 13 184
1183 490 162
1184 124 556
1185 89 702
1185 522 15
1186 8 977
1187 6 263
1187 197 860
1187 255 125
1188 209 603
1188 272 281
1189 587 292
1190 416 606
1191 410 308
1191 323 866
1191 458 547
1192 45 629
1192 35 289
1193 530 395
1194 280 131
1194 312 311
1195 316 573
1195 575 917
1195 187 787
1195 400 492
1196 419 785
1197 312 110
1197 124 758
1197 119 525
1197 331 165
1198 377 178
1199 86 987
1200 101 714
1200 45 685
1200 280 443
1201 193 478
1202 26 716
1203 550 148
1204 286 228
1205 159 10
1205 517 327
1205 382 838
1205 418 407
1205 278 873
1206 202 39
1207 450 678
1207 7 231
1207 372 339
1208 172 626
1209 269 97
1210 109 623
1211 279 243
1211 117 170
1211 495 752
1211 162 119
1212 442 970
1213 351 334
1214 322 79
1215 420 142
1216 596 57
1217 300 197
1217 292 773
1217 327 410
1218 406 616
1219 191 476
1220 39 498
1220 583 710
1220 295 168
1220 594 482
1220 6 136
1220 185 527
1221 77 634
1221 66 279
1221 350 519
1222 103 158
1223 90 988
1224 168 496
1225 462 951
1225 225 122
1225 369 569
1226 547 230
1227 285 9
1227 363 714
1228 153 236
1229 192 701
1229 298 490
1229 455 588
1229 212 921
1230 65 113
1230 25 828
1230 432 19
1230 227 388
1230 392 989
1230 325 35
1231 320 301
1232 535 346
1233 34 555
1233 509 754
1233 455 202
1233 564 566
1233 584 931
1233 502 446
1234 510 458
1234 310 760
1234 360 458
1234 9 119
1235 76 634
1235 422 304
1236 249 792
1237 343 867
1237 180 167
1237 389 324
1238 330 802
1238 358 238
1238 65 271
1238 172 441
1238 437 150
1238 453 496
1239 251 224
1240 280 527
1240 596 910
1241 430 148
1241 99 506
1242 20 688
1243 108 472
1244 366 456
1244 260 551
1245 569 652
1246 304 806
1246 49 567
1247 449 471
1248 394 961
1248 185 730
1248 72 783
1249 43 153
1250 567 940
1250 78 739
1251 307 503
1252 336 553
1253 228 162
1253 8 578
1254 11 919
1254 576 975
1255 426 518
1255 270 429
1255 560 942
1255 220 102
1255 457 513
1255 369 653
1256 332 74
1256 549 881
1257 175 96
1257 547 211
1257 210 610
1257 563 183
1258 180 56
1259 248 590
1259 458 903
1259 194 179
1260 1 492
1261 530 234
1262 238 700
1262 307 944
1263 323 977
1264 55 357
1264 80 583
1264 277 804
1265 333 833
1266 125 593
1267 11 274
1268 469 68
1269 362 21
1270 528 383
1271 248 216
1272 79 468
1273 327 690
1274 60 942
1275 336 842
1276 323 956
1277 181 238
1277 597 638
1278 481 912
1278 48 931
1278 456 514
1279 283 588
1279 528 53
1280 480 27
1281 349 615
1282 389 958
1282 466 964
1282 396 443
1282 165 687
1283 506 701
1283 304 75
1284 334 58
1285 342 162
1285 29 473
1285 578 39
1285 257 746
1286 372 929
1287 544 473
1288 306 714
1289 43 567
1289 593 973
1289 486 286
1289 572 18
1290 59 806
1291 538 849
1292 298 793
1293 147 362
1294 548 68
1295 63 792
1295 385 523
1296 394 182
1297 291 100
1297 583 394
1297 525 4
1297 163 933
1298 87 88
1299 341 29
1299 318 516
1300 520 460
1301 342 121
1301 213 536
1302 30 431
1302 87 306
1303 267 356
1303 374 586
1303 313 907
1304 516 495
1305 110 381
1305 313 699
1306 131 128
1306 280 242
1306 91 272
1307 487 539
1307 25 927
1307 415 435
1308 50 988
1309 468 14
1310 34 82
1310 60 901
1310 288 933
1311 478 359
1312 538 931
1313 211 448
1314 67 652
1315 267 282
1315 394 10
1315 425 510
1315 244 660
1315 64 8
1316 61 983
1317 100 198
1317 512 835
1318 386 113
1318 185 174
1319 417 793
1320 139 926
1320 547 68
1321 160 988
1321 49 740
1321 83 796
1321 452 920
1322 394 665
1323 190 374
1324 353 203
1325 109 3
1326 452 820
1326 82 142
1327 87 359
1327 353 683
1327 56 10
1328 264 909
1329 108 585
1329 206 802
1330 243 208
1331 50 225
1332 307 62
1333 470 551
1334 69 770
1334 418 307
1335 7 230
1336 120 543
1337 377 458
1337 409 957
1337 433 613
1338 453 830
1339 132 398
1340 381 839
1340 340 465
1340 453 654
1341 39 934
1341 166 78
1341 552 853
1341 22 858
1342 477 309
1342 167 588
1342 367 37
1342 487 815
1342 316 56
1343 493 264
1343 583 152
1344 196 293
1344 368 793
1344 325 716
1345 308 56
1346 90 635
1347 218 523
1347 192 666
1347 162 663
1347 459 654
1347 369 509
1347 193 201
1348 527 445
1348 72 720
1348 541 59
1349 338 574
1350 233 893
1351 347 220
1351 511 587
1352 59 602
1352 369 744
1352 117 892
1352 549 828
1352 118 35
1352 296 741
1353 55 338
1353 426 772
1353 361 403
1353 200 156
1354 450 287
1355 232 526
1355 200 225
1355 590 81
1355 159 981
1355 218 431
1356 443 679
1357 503 507
1358 537 627
1359 495 917
1359 122 885
1359 219 142
1359 434 429
1359 388 853
1360 245 662
1360 512 506
1360 85 578
1361 214 97
1362 490 213
1363 423 774
1364 42 91
1365 576 315
1366 251 356
1367 64 915
1368 423 848
1368 457 639
1368 454 320
1368 93 970
1368 84 439
1368 310 477
1368 248 131
1369 174 625
1369 400 709
1370 581 801
1371 539 454
1371 541 940
1372 340 65
1372 97 873
1373 321 860
1374 348 618
1374 148 731
1375 135 569
1376 300 188
1376 45 91
1377 501 813
1377 242 580
1377 520 547
1378 272 936
1379 438 383
1380 500 284
1381 5 958
1382 283 593
1382 432 854
1382 162 201
1382 224 716
1383 284 218
1383 78 966
1383 542 918
1383 600 601
1384 360 794
1385 141 524
1385 109 712
1385 190 437
1386 174 123
1387 412 578
1387 280 575
1388 186 678
1389 517 577
1389 406 967
1389 565 202
1389 281 453
1389 195 148
1389 368 111
1390 276 998
1390 487 349
1391 149 827
1392 145 333
1392 162 947
1393 454 916
1394 426 690
1394 14 586
1394 66 371
1394 468 750
1394 264 51
1394 279 314
1394 82 981
1394 31 529
1395 67 284
1396 237 318
1396 130 547
1396 429 187
1396 126 914
1396 254 912
1396 518 518
1397 131 281
1397 443 669
1397 101 890
1397 552 50
1398 463 713
1399 415 212
1399 245 701
1400 67 497
1401 132 343
1401 156 556
1401 320 96
1401 573 500
1401 584 296
1402 412 53
1402 570 733
1403 192 589
1403 171 297
1403 499 519
1404 204 11
1404 251 490
1405 25 235
1406 60 79
1407 460 722
1408 44 32
1408 550 505
1408 408 202
1409 338 308
1409 568 679
1409 288 291
1410 98 625
1411 419 40
1412 334 19
1413 24 285
1414 5 859
1415 34 448
1415 556 194
1415 337 267
1416 274 305
1417 396 467
1417 321 856
1417 161 782
1418 131 37
1418 281 762
1418 497 434
1419 446 317
1419 576 456
1420 478 867
1421 46 232
1422 232 205
1422 385 306
1422 562 995
1422 524 815
1423 234 781
1424 589 878
1425 419 964
1425 467 869
1426 212 890
1426 67 853
1426 290 102
1427 425 930
1428 309 936
1429 379 196
1429 6 689
1430 46 803
1431 457 354
1432 54 444
1433 359 481
1434 445 174
1434 434 227
1435 373 480
1436 540 562
1436 297 628
1436 412 512
1437 25 451
1437 50 399
1438 418 127
1438 588 820
1439 299 406
1440 95 89
1441 547 32
1442 558 145
1443 362 311
1444 326 963
1445 325 165
1445 4 791
1445 422 196
1446 437 128
1447 467 663
1447 537 209
1448 165 106
1448 102 482
1449 557 356
1450 67 685
1450 66 232
1450 365 103
1450 28 276
1451 185 164
1451 347 689
1452 360 494
1453 491 245
1454 294 734
1455 61 892
1455 579 466
1456 12 575
1456 242 265
1456 465 243
1457 320 279
1457 120 807
1457 310 71
1457 537 881
1458 240 210
1459 579 342
1460 415 908
1460 509 360
1460 123 751
1461 37 717
1461 46 93
1462 174 675
1462 368 905
1462 507 439
1463 153 849
1463 237 889
1463 551 412
1463 196 545
1463 208 880
1463 426 198
1463 564 42
1464 89 366
1464 114 951
1465 565 871
1465 235 568
1466 273 661
1466 365 857
1466 487 215
1467 320 635
1468 504 456
1469 244 637
1469 162 345
1470 348 940
1471 494 319
1471 328 159
1472 220 634
1472 238 188
1473 587 450
1474 591 678
1475 2 568
1475 574 251
1475 572 122
1475 109 536
1475 402 692
1475 135 820
1476 38 454
1476 311 282
1476 510 96
1477 361 566
1477 80 893
1478 584 331
1479 560 388
1480 543 552
1481 129 739
1482 201 630
1483 491 355
1484 121 306
1485 439 464
1485 200 408
1485 60 516
1485 5 113
1486 26 733
1486 133 287
1486 468 885
1486 219 692
1486 194 768
1487 245 565
1487 45 245
1488 162 464
1488 538 291
1489 397 244
1490 198 887
1490 484 302
1490 387 31
1491 92 912
1492 33 761
1493 112 238
1494 134 37
1495 504 433
1496 84 368
1497 75 332
1497 524 90
1497 215 957
1497 322 869
1497 367 983
1498 390 604
1499 188 816
1500 137 684
1501 437 142
1502 340 733
1503 325 446
1504 294 426
1504 54 414
1505 561 929
1506 450 155
1506 440 883
1507 570 261
1507 433 797
1508 135 731
1508 70 283
1509 2 48
1509 520 407
1510 108 106
1511 36 683
1511 266 161
1511 393 204
1511 356 158
1511 160 545
1512 295 334
1512 357 979
1513 458 479
1513 564 816
1513 101 215
1514 443 605
1514 576 881
1514 416 712
1515 338 306
1516 307 736
1517 590 50
1517 286 439
1518 59 914
1518 295 22
1519 279 323
1520 261 763
1521 490 256
1522 579 943
1522 124 122
1522 114 574
1523 92 631
1524 565 78
1524 591 393
1524 75 13
1525 263 319
1526 593 751
1526 554 332
