600 1000 50 10 3000
68 50
2 36
93 81
19 67
98 51
56 20
73 76
54 64
84 94
78 16
9 73
75 32
78 22
75 67
92 35
34 60
85 88
48 78
22 68
45 20
71 53
92 44
29 99
60 14
93 38
82 54
63 57
86 42
31 62
61 23
97 47
83 34
36 31
64 10
51 62
82 22
15 74
18 97
73 30
63 19
68 45
73 84
54 60
26 85
74 39
60 23
87 43
57 75
26 73
85 30
35 67
52 3
93 23
0 19
53 63
38 74
60 11
58 66
23 36
51 97
75 11
20 62
6 29
37 84
3 74
14 90
41 19
93 87
42 93
6 47
8 44
21 68
7 31
34 31
67 37
28 43
0 1
57 58
30 47
43 85
21 57
76 15
76 21
54 70
15 60
18 75
4 39
96 11
71 82
94 90
20 23
85 72
76 43
31 58
42 74
44 15
83 72
82 12
93 36
82 60
96 52
36 52
92 32
16 15
14 10
57 86
85 43
11 61
38 42
20 80
68 16
47 3
40 30
15 33
66 50
46 15
2 82
67 46
66 83
13 32
94 71
71 31
66 82
93 4
76 65
36 96
33 35
51 73
65 67
58 84
69 4
99 23
38 18
70 56
54 83
89 0
6 12
31 24
46 24
80 22
41 16
70 74
4 21
47 69
40 6
5 9
62 4
85 1
75 55
57 29
90 98
29 49
62 60
73 8
37 54
82 78
22 4
53 26
26 52
48 18
58 53
80 73
10 65
74 85
20 83
14 62
34 95
11 96
55 85
57 92
91 39
23 13
44 28
40 22
80 40
40 91
93 20
64 3
85 38
40 57
73 6
20 7
1 31
56 57
68 13
1 59
4 76
25 48
4 17
22 85
57 63
76 50
83 40
6 21
30 46
78 3
53 98
63 6
82 19
63 2
84 17
14 88
93 39
89 98
8 11
35 65
74 11
67 10
3 25
83 33
24 61
88 77
12 3
35 46
74 51
48 58
68 62
99 13
53 88
63 61
51 98
78 78
9 98
88 12
23 71
84 38
76 96
41 12
42 68
63 43
78 83
5 77
17 12
24 69
10 55
47 20
53 87
84 76
58 34
76 94
24 52
91 65
16 85
85 79
28 64
14 86
41 11
97 59
75 73
80 85
28 27
57 33
14 94
62 24
28 38
18 52
42 9
69 59
47 55
90 75
71 5
61 12
68 10
23 43
84 3
82 86
98 96
32 60
20 60
50 91
64 92
52 85
3 99
92 94
75 63
51 88
28 19
99 51
14 35
7 42
99 89
80 49
38 12
61 58
24 11
1 40
56 54
78 59
53 70
5 28
86 56
17 14
75 68
17 41
3 76
84 2
66 16
4 4
81 65
14 57
29 16
50 85
22 28
96 75
50 2
4 36
58 73
2 86
41 72
27 44
48 63
98 66
32 54
22 65
20 89
74 1
57 24
86 79
4 34
54 55
36 10
43 47
35 98
85 76
70 64
72 70
80 23
89 64
77 63
4 3
50 61
80 88
92 84
23 99
39 11
61 35
10 97
33 95
25 55
12 50
77 92
25 18
8 2
82 37
4 38
92 54
52 72
95 44
9 18
95 0
81 57
35 92
6 20
39 83
27 51
85 5
95 10
23 3
13 57
92 69
96 85
23 48
44 18
88 40
19 70
49 6
62 7
79 53
90 6
5 76
11 52
38 87
8 3
44 0
72 92
37 48
40 47
66 37
17 7
77 88
77 78
47 91
85 26
96 27
32 53
55 44
6 94
83 14
97 27
66 22
72 4
3 88
1 72
95 78
13 24
8 60
67 93
86 64
73 18
17 80
14 75
74 97
89 24
77 8
46 1
64 68
56 67
91 52
97 4
28 6
64 96
51 2
12 24
21 29
5 87
5 31
37 46
7 66
6 5
67 70
73 32
37 30
51 81
34 49
85 62
55 50
10 6
4 22
31 77
4 88
65 61
19 54
7 79
72 66
84 39
36 58
23 26
88 75
7 22
76 92
94 47
37 99
21 20
76 25
60 93
86 32
47 46
11 19
12 95
10 48
53 86
74 93
13 33
15 89
26 4
72 72
51 9
71 72
82 0
50 42
34 85
64 46
81 27
47 86
13 73
80 78
7 47
19 85
51 91
57 54
0 81
27 34
81 29
77 26
65 3
71 0
41 36
98 22
63 45
60 28
71 40
58 78
15 91
68 24
46 20
5 25
55 38
54 84
17 71
39 88
71 80
24 22
54 39
19 15
19 90
7 29
20 95
6 35
39 26
12 85
47 17
62 54
8 16
90 25
39 29
13 63
62 90
85 16
81 4
31 53
47 39
82 67
86 41
55 25
67 67
62 66
36 24
72 44
92 62
21 32
44 35
95 6
77 32
22 58
36 6
11 35
97 46
3 83
87 10
61 54
29 23
21 65
0 93
62 44
8 83
76 52
18 23
10 47
55 32
6 44
90 69
79 87
67 34
23 54
44 84
59 82
91 11
27 53
56 87
36 84
39 7
8 1
54 15
34 12
59 24
82 39
64 1
73 87
56 70
23 17
95 82
51 86
94 78
39 2
66 76
86 57
83 46
59 89
62 45
2 21
21 36
37 38
24 93
8 47
62 3
82 13
42 76
44 81
30 62
9 68
71 44
15 82
34 77
27 36
50 1
24 15
38 61
7 13
62 69
68 44
35 10
72 79
92 2
41 53
71 12
98 38
95 32
20 17
75 44
32 66
57 37
81 16
50 43
86 19
88 73
81 60
52 73
15 45
27 38
57 77
76 4
9 91
79 81
60 6
77 93
24 86
30 5
3 33
49 41
4 89
14 85
1 66
11 16
63 90
54 20
67 82
77 28
9 86
66 38
31 91
24 13
96 79
46 97
20 50
38 86
4 99
8 67
41 15
88 8
97 17
36 23
25 97
87 40
82 63
53 31
43 52
80 63
54 19
11 6
93 19
74 34
86 14
94 84
31 82
59 56
31 20
47 18
12 82
82 17
13 25
69 93
40 24
64 42
49 64
47 23
50 33
37 45
69 20
27 80
76 11
0 23
29 12
57 11
30 70
88 51
16 29
23 46
8 72
62 55
47 12
88 36
9 10
56 89
90 84
0 91
60 81
55 17
45 37
88 33
89 56
14 16
36 38
14 44
62 76
99 62
41 40
98 2
2 7
43 92
91 43
35 51
25 43
69 70
80 9
55 69
65 70
38 53
60 52
98 74
81 49
36 74
41 87
94 20
88 37
15 75
89 92
18 10
14 51
71 70
20 36
92 58
89 4
63 39
78 44
89 15
18 82
54 46
78 48
66 66
37 34
93 26
26 12
88 93
15 59
15 35
47 59
46 89
63 9
28 93
5 69
52 14
69 30
48 52
22 41
30 0
5 19
93 72
30 60
8 78
19 6
67 47
76 72
17 88
47 21
3 16
3 17
56 51
69 78
31 2
71 76
31 56
92 50
91 59
98 19
83 67
7 30
88 10
99 43
28 7
46 49
86 90
1 69
44 72
45 71
26 82
57 9
39 50
60 30
61 10
49 45
29 56
27 69
19 78
12 99
86 58
48 24
0 50
93 97
74 90
68 52
73 25
62 64
27 74
94 89
36 95
86 65
3 65
34 22
44 98
21 82
56 22
58 56
24 51
53 50
41 73
3 66
51 65
30 78
91 76
19 27
44 27
23 30
1 19
28 75
1 36
92 21
62 98
23 55
22 74
43 4
53 34
81 72
13 4
30 57
87 33
72 67
8 25
3 57
36 48
30 98
98 53
5 21
80 27
48 75
32 1
25 75
69 7
33 53
12 72
38 36
92 98
61 95
7 49
43 37
99 93
42 5
84 63
50 68
16 12
33 93
87 55
1 20
60 13
45 98
2 37
84 55
65 80
44 64
73 38
69 40
13 54
3 63
22 71
75 56
65 62
63 18
35 23
31 32
73 33
69 21
49 5
28 14
85 24
30 59
62 0
99 75
90 28
26 17
36 43
80 99
61 67
99 47
78 20
20 79
25 0
45 11
24 76
22 39
28 73
66 34
28 57
74 99
50 6
50 12
72 87
44 45
67 22
45 64
33 70
92 7
61 72
6 9
84 21
16 11
20 66
69 22
78 95
47 87
19 72
75 16
17 94
38 14
58 71
36 3
78 97
75 58
25 82
19 61
3 35
72 75
54 42
49 84
89 49
72 8
21 47
24 90
41 62
4 51
85 41
38 82
26 15
16 45
77 71
33 1
98 39
95 47
23 84
96 47
45 69
94 69
59 87
84 16
39 21
9 45
37 47
27 63
15 43
60 92
14 45
84 41
12 60
30 54
44 41
41 28
57 32
49 66
30 86
66 9
1 81
53 14
25 19
11 70
84 48
63 48
8 41
63 38
73 7
80 15
87 89
99 37
56 29
75 22
95 80
15 6
2 51
54 66
51 14
59 60
82 74
98 55
34 30
22 21
20 74
10 28
55 86
2 94
67 57
90 62
89 58
68 91
61 75
9 13
89 68
73 23
95 23
31 29
50 26
79 61
99 8
81 66
65 24
80 6
49 43
8 17
31 81
40 26
57 23
55 63
29 6
41 60
19 47
95 18
55 29
36 72
53 16
78 87
68 79
82 96
90 91
13 22
24 5
48 81
96 10
14 37
70 33
84 66
3 91
63 52
7 93
39 27
73 73
23 15
16 36
89 41
42 90
74 23
46 71
33 60
60 3
45 45
21 48
36 20
39 52
72 98
45 63
25 70
38 5
37 27
98 31
17 73
6 15
96 39
95 72
53 68
20 90
94 13
29 87
62 18
88 52
23 25
79 74
9 49
99 15
64 95
7 92
3 54
64 57
74 37
48 93
29 10
84 58
97 98
28 85
50 3
62 82
77 23
31 76
39 47
23 98
91 27
52 8
84 26
45 83
42 45
76 23
55 60
33 4
59 13
89 61
16 4
43 46
27 26
22 18
26 98
16 17
25 20
77 61
99 74
44 93
20 72
16 27
84 1
32 95
14 73
57 82
77 52
28 5
79 3
75 5
1 92
74 78
64 52
39 63
26 35
56 98
7 24
26 43
77 10
91 91
83 0
26 61
52 54
18 83
57 93
40 10
37 67
88 2
17 97
62 74
48 21
50 74
17 28
84 8
71 19
60 97
80 12
4 50
48 13
96 88
24 33
55 64
87 26
92 5
76 6
80 81
50 49
61 86
82 38
81 86
88 81
52 84
22 76
70 29
40 9
56 84
14 84
43 97
8 75
79 10
24 40
96 81
25 1
2 8
39 35
46 80
17 98
16 39
26 86
68 19
48 76
55 14
12 98
12 20
73 43
30 97
35 78
30 61
80 32
21 71
51 37
18 68
6 96
15 54
25 23
69 37
21 81
24 92
96 59
71 79
72 51
11 45
74 31
65 26
68 35
94 96
31 0
45 99
11 95
9 21
94 85
14 91
44 37
70 69
40 33
14 14
17 79
40 37
86 98
87 31
49 46
5 71
22 16
18 31
38 13
56 12
33 33
59 48
47 28
79 40
66 46
96 65
35 45
11 40
68 33
56 86
16 46
51 84
97 95
33 30
80 45
30 28
73 62
8 94
12 78
49 23
18 17
57 27
73 59
66 59
75 52
41 56
49 72
84 74
34 4
66 94
50 9
98 62
88 99
68 95
85 75
72 11
34 82
39 1
93 66
53 35
22 54
59 58
28 45
62 94
39 65
79 44
40 65
12 88
83 37
51 18
19 42
71 65
8 76
0 31
30 11
56 4
5 47
69 9
88 48
66 7
36 30
47 19
67 98
89 39
40 60
56 49
36 56
80 18
19 21
77 75
25 34
74 46
43 62
47 48
90 65
7 26
97 15
5 39
6 46
47 88
70 79
58 89
52 87
16 78
21 42
76 16
4 23
24 88
31 21
55 36
12 61
34 64
75 81
4 97
12 62
50 54
96 71
40 52
47 56
98 87
0 60
43 34
24 70
68 28
67 80
97 44
11 92
68 59
64 8
11 63
64 61
2 97
35 30
60 83
43 8
95 19
78 63
99 46
95 41
3 93
38 15
85 6
16 82
51 19
49 92
22 61
52 17
69 47
36 0
62 35
98 10
28 1
16 40
24 43
81 10
29 4
71 30
96 93
44 1
0 98
65 63
33 63
25 14
65 28
80 33
20 5
76 14
47 9
77 20
94 6
77 65
89 25
11 33
98 27
72 16
42 57
79 19
71 96
47 4
30 19
9 58
68 63
29 14
21 58
83 42
95 62
16 94
10 83
38 1
72 86
78 58
94 98
21 75
12 43
33 44
53 17
38 49
31 6
46 57
7 96
98 9
69 88
62 46
8 34
32 39
93 78
89 66
54 54
9 87
98 15
56 88
64 87
95 11
59 93
68 66
89 18
27 10
59 41
56 19
28 40
19 0
39 25
54 49
64 4
64 73
92 80
60 87
43 72
33 11
90 74
81 70
85 92
63 93
12 91
64 5
22 56
82 76
57 46
19 25
53 32
64 48
56 97
59 46
68 57
85 32
50 97
75 36
71 92
41 94
48 23
70 5
22 3
78 41
28 83
25 92
90 42
80 62
86 48
71 23
32 73
20 8
10 44
0 3
38 0
79 8
5 1
63 35
94 91
18 20
36 1
53 78
95 33
92 81
34 63
5 18
36 77
78 98
21 30
2 11
30 33
86 35
22 80
79 92
52 15
45 58
93 40
91 85
74 77
8 26
87 82
57 41
26 65
27 12
1 1
94 97
55 92
32 98
77 58
76 29
17 49
50 56
31 59
49 77
42 26
87 95
27 32
27 73
81 26
65 88
18 49
86 47
7 14
76 48
90 46
97 93
54 29
52 4
6 3
81 71
48 61
55 75
34 36
24 20
52 62
20 11
77 96
59 19
94 57
12 49
38 17
5 96
48 2
59 96
63 14
72 49
98 5
69 18
67 28
37 2
10 27
75 91
4 24
30 44
10 80
22 63
59 73
20 0
91 89
18 58
70 7
72 59
61 82
87 32
50 14
38 21
21 11
82 51
84 82
7 43
55 27
69 13
57 39
72 29
98 86
63 37
18 65
52 94
23 42
96 13
42 32
95 1
75 2
28 70
48 49
83 57
38 39
94 54
28 12
19 80
59 95
75 27
40 80
93 71
21 40
72 48
42 52
19 43
2 54
0 42
62 91
33 8
45 62
73 16
94 32
11 69
11 3
2 88
92 95
11 65
88 83
13 30
87 84
25 89
39 78
84 53
1 497 263
2 372 938
2 92 293
2 496 105
3 40 150
4 253 841
4 565 11
4 92 83
5 130 927
5 113 449
6 389 314
6 417 321
7 546 473
8 370 345
8 378 499
9 560 692
10 460 663
11 261 804
11 110 158
12 173 347
12 128 857
12 468 485
13 21 794
14 132 425
14 422 496
15 26 583
16 28 675
17 320 22
18 587 901
19 198 506
20 335 621
20 477 970
20 85 572
21 119 799
21 106 104
21 540 466
21 482 270
21 584 235
21 106 63
22 24 836
22 533 198
23 352 447
24 565 506
24 75 724
25 161 11
26 402 644
27 165 502
27 63 183
27 284 969
27 81 599
28 104 26
28 431 735
28 99 319
28 42 188
29 341 829
29 4 808
30 55 79
30 363 798
30 240 188
30 91 570
31 583 48
32 234 179
32 35 121
32 400 275
32 426 885
32 245 657
32 466 697
32 437 93
33 132 892
33 599 932
34 373 16
35 263 978
36 154 520
36 137 535
37 408 786
37 515 79
38 551 616
39 267 293
39 264 492
40 99 649
41 125 146
42 54 110
43 260 342
44 117 772
44 68 551
44 382 787
45 415 583
46 371 852
47 553 180
48 138 407
48 456 181
48 514 639
48 352 296
48 107 535
48 393 309
48 306 6
49 70 62
49 24 294
49 422 479
49 492 738
49 408 800
50 378 234
51 182 709
51 483 533
52 155 157
53 538 796
53 539 432
53 549 376
53 112 809
54 574 982
55 194 566
56 46 854
56 170 870
56 75 29
56 242 949
56 407 822
57 359 396
58 495 127
58 245 165
58 77 906
59 511 143
59 30 833
59 234 964
60 477 697
60 283 513
61 259 466
61 368 133
62 51 14
63 575 276
63 166 387
64 515 29
64 382 3
64 463 479
65 46 573
65 381 657
66 414 11
66 338 247
66 101 847
66 124 514
66 466 829
67 433 635
68 230 721
69 322 294
69 227 656
69 483 156
70 311 62
70 150 195
71 303 113
71 392 229
71 103 868
72 455 978
73 158 683
73 394 71
74 15 856
75 13 434
76 507 922
76 366 256
77 295 96
77 441 861
77 437 681
78 327 487
78 343 311
78 427 213
79 161 193
80 433 887
80 188 10
81 252 481
82 344 167
82 171 625
83 499 100
84 361 648
84 421 952
84 502 654
84 393 359
84 84 1000
84 181 105
85 445 14
85 520 797
86 113 231
87 499 1000
88 577 842
88 60 975
89 253 375
90 375 497
90 278 892
90 31 864
90 144 936
90 444 943
91 82 271
92 558 48
92 358 161
92 564 412
93 118 202
93 135 364
93 111 265
93 578 74
93 395 405
94 278 86
95 580 452
96 444 117
96 457 599
96 205 86
97 385 384
97 588 78
97 506 74
98 39 289
99 107 259
100 182 461
101 564 370
101 45 872
101 341 278
101 243 639
102 30 527
103 479 481
103 389 151
104 449 6
105 212 441
105 176 829
106 83 784
106 48 486
107 553 673
107 406 856
108 418 944
108 132 351
108 527 61
109 107 689
109 438 154
110 394 571
110 366 633
111 544 751
111 386 811
111 145 111
112 383 906
113 466 787
113 106 77
114 204 553
114 157 563
115 342 267
115 380 452
116 377 143
116 134 80
117 462 859
117 288 974
118 163 460
118 585 480
118 477 608
118 269 558
118 283 925
118 499 943
119 86 367
119 584 121
119 542 252
120 44 361
121 68 402
121 52 764
121 356 854
121 490 826
122 205 477
123 2 900
123 257 352
123 382 250
124 402 965
124 221 375
124 571 594
124 60 163
125 442 79
126 67 452
126 107 989
126 254 529
126 296 724
127 331 851
127 402 780
128 413 712
129 204 857
130 507 970
131 239 334
132 90 177
133 59 688
134 456 163
134 381 536
135 385 457
135 315 903
135 303 199
135 334 927
136 534 940
136 140 6
136 316 50
136 419 974
137 482 21
138 440 794
138 92 70
138 475 577
138 590 955
139 443 918
139 107 907
139 262 496
139 416 197
140 46 531
140 170 602
140 551 118
141 168 806
141 149 874
142 214 782
142 30 910
143 310 936
143 260 735
143 515 498
144 239 886
144 537 843
145 518 125
146 189 723
147 16 644
148 56 804
149 487 633
150 528 911
151 534 365
152 597 31
152 359 945
153 177 363
154 486 384
155 371 182
156 247 328
157 42 732
157 584 424
157 148 957
158 247 343
158 159 309
158 213 469
158 350 693
159 370 911
160 418 185
160 341 261
161 552 282
161 358 95
161 373 75
161 387 446
161 168 479
161 390 733
162 468 950
162 125 662
162 125 151
162 385 212
163 126 695
164 416 352
165 417 586
166 75 605
166 380 932
167 567 446
168 399 431
169 405 738
169 269 418
169 220 514
170 182 642
171 289 152
171 437 273
172 407 76
172 591 711
173 211 743
173 302 74
173 123 346
173 143 842
174 453 887
174 75 145
175 116 324
176 69 725
177 62 597
178 153 469
179 182 328
180 401 375
181 558 691
181 399 979
182 218 451
183 333 869
184 341 779
185 340 10
186 414 76
186 449 925
187 188 254
187 523 309
188 268 248
189 545 290
189 546 645
189 231 21
189 263 91
190 32 964
190 517 533
191 459 109
192 413 768
193 486 519
194 507 114
195 446 556
196 245 770
196 286 555
196 107 104
196 556 431
197 81 103
198 302 347
198 439 320
199 552 163
199 257 280
200 519 548
201 458 117
201 16 425
201 111 75
201 397 952
202 99 222
203 262 983
204 265 383
204 205 140
205 480 871
205 247 275
206 496 158
207 565 53
207 461 863
208 333 647
208 524 476
209 202 905
210 447 801
211 67 895
211 44 438
211 260 450
212 572 808
212 573 901
213 57 994
214 445 370
214 324 424
214 270 229
214 200 564
214 125 294
215 193 983
215 412 313
216 560 435
216 90 688
216 129 875
216 561 140
217 15 593
218 351 41
219 302 899
219 467 318
219 136 148
220 201 967
220 292 45
221 134 314
221 549 417
222 343 887
223 185 139
224 454 609
224 175 476
224 58 673
224 427 873
224 67 592
224 227 105
225 326 714
225 272 391
226 145 873
226 592 804
227 374 752
227 19 586
227 148 345
228 288 687
229 155 511
230 40 725
231 197 119
231 114 810
232 218 269
233 278 39
234 100 798
235 506 8
235 198 102
236 3 160
237 279 33
238 475 966
239 281 15
239 311 263
239 341 1000
239 391 686
240 468 39
241 329 812
241 530 690
242 39 230
243 96 652
244 505 188
244 34 66
245 593 832
246 197 903
247 517 130
248 200 41
248 303 379
249 125 957
249 194 695
249 169 275
250 268 79
251 130 106
252 592 163
253 526 916
253 177 222
253 4 7
253 354 314
254 1 442
254 45 791
255 590 361
255 384 935
255 370 452
255 493 341
256 521 52
256 270 280
257 258 761
257 221 599
258 172 882
259 527 457
259 196 110
259 349 779
259 100 516
259 177 824
260 171 736
260 528 788
261 181 202
262 265 928
262 339 76
263 139 832
264 50 186
264 252 406
264 274 548
264 99 912
265 43 193
266 202 500
266 525 416
267 543 996
268 200 403
268 22 917
268 536 946
268 166 109
268 518 557
268 232 24
268 584 64
269 17 778
269 150 281
270 114 675
270 320 956
271 6 981
272 500 668
272 529 391
273 106 543
274 310 79
274 406 999
275 124 997
276 249 593
277 281 230
277 313 601
277 448 935
277 503 128
278 283 239
278 591 434
278 207 502
279 139 440
279 488 174
280 69 873
281 58 6
282 133 447
282 105 5
283 546 241
284 359 332
284 429 433
284 195 277
285 189 225
286 343 608
287 355 64
288 581 985
288 114 357
289 510 99
289 385 989
290 27 448
291 72 934
291 236 521
292 231 515
293 583 955
294 481 261
294 73 958
295 74 999
296 57 618
296 435 297
297 489 603
297 427 307
298 296 799
298 103 766
299 596 788
300 184 451
301 387 130
301 117 136
301 260 533
301 595 787
301 371 989
301 428 550
301 87 190
301 421 587
302 218 992
303 398 541
304 564 592
305 53 381
305 279 831
306 391 757
307 55 618
308 527 846
308 553 732
309 386 464
309 76 665
309 18 481
309 3 663
310 377 62
311 132 731
312 130 110
313 346 920
313 365 340
314 7 930
314 142 346
314 228 228
314 217 560
315 140 876
315 127 165
316 340 878
316 309 115
316 258 815
317 28 472
317 120 608
317 280 38
318 407 813
319 539 609
319 172 631
319 530 120
319 105 354
319 313 124
320 207 879
320 139 652
321 511 677
321 233 619
322 520 947
322 568 915
322 105 478
322 435 525
323 65 147
324 297 779
325 593 310
325 578 542
326 435 710
327 9 449
328 327 244
328 260 983
329 394 230
329 378 671
329 220 788
329 163 838
329 543 894
329 264 450
330 109 893
330 253 323
330 55 345
330 353 709
330 112 787
330 156 97
331 112 500
331 78 374
331 189 269
331 483 853
331 464 295
331 385 695
331 224 980
331 202 506
331 590 751
331 158 35
331 310 17
332 344 13
333 291 107
334 422 360
335 592 516
336 265 121
336 408 948
336 268 424
337 559 748
337 346 543
338 244 977
339 393 192
339 407 921
340 439 68
341 276 842
341 253 9
341 151 175
342 451 487
342 90 634
342 312 466
342 164 606
343 94 294
343 301 827
343 295 671
343 213 846
344 573 385
344 527 790
344 342 249
345 54 67
345 110 271
346 400 954
347 265 656
348 567 318
348 263 501
348 458 142
349 119 22
350 361 742
351 386 666
352 369 634
352 175 656
353 218 275
353 54 17
354 572 473
355 235 326
355 281 197
355 355 170
356 584 381
356 393 13
356 137 17
356 60 862
356 41 300
356 27 636
357 304 609
357 27 471
357 456 724
358 411 745
359 528 790
360 596 889
360 68 103
360 320 282
361 421 563
362 108 342
363 114 421
364 73 369
365 59 359
365 490 486
365 77 575
366 450 840
367 521 377
368 579 679
369 430 76
369 433 721
369 377 607
370 556 399
371 121 418
371 410 168
372 204 177
373 311 27
373 374 350
374 458 777
375 164 904
375 361 891
376 390 215
376 524 650
376 168 479
376 485 882
376 354 412
376 420 379
377 121 173
377 389 370
377 76 144
377 522 782
378 289 999
378 346 567
379 331 766
379 292 891
379 81 15
380 176 618
381 474 391
382 344 218
383 594 644
384 193 379
385 60 415
386 80 98
386 574 483
386 596 856
387 102 202
388 590 719
389 198 374
390 500 822
391 528 683
391 437 592
392 23 146
392 585 961
393 323 202
394 504 301
394 181 840
395 73 349
396 449 438
397 525 144
398 67 123
398 160 19
398 191 967
398 462 889
398 484 603
399 368 151
399 19 307
399 368 453
400 477 885
400 454 655
401 514 601
401 130 484
402 221 624
402 569 370
403 514 647
404 578 195
404 464 180
404 503 153
404 349 161
404 454 30
405 257 712
406 174 431
406 126 1
406 563 884
406 423 861
407 439 124
408 568 905
408 478 643
408 63 946
409 292 683
409 400 991
410 108 580
411 210 101
411 159 753
412 566 327
413 158 424
414 205 341
414 413 509
415 379 971
415 187 532
415 486 753
415 102 587
415 570 332
416 238 136
416 528 902
417 388 533
417 386 298
417 200 85
418 162 716
418 317 568
418 579 436
418 474 826
418 554 835
419 416 807
419 356 280
419 156 718
419 441 98
419 310 636
419 10 385
420 35 731
421 526 371
421 590 724
421 593 488
421 264 219
421 304 830
421 532 951
422 295 936
422 315 447
422 279 863
422 155 920
422 96 994
422 69 927
422 302 492
423 254 32
424 305 973
424 297 947
424 261 799
425 171 223
425 459 857
425 503 739
426 274 748
427 390 680
427 523 928
428 79 206
428 67 463
429 298 452
430 141 942
430 314 534
431 277 782
431 160 603
432 337 601
432 316 334
432 476 717
432 33 545
432 26 287
433 149 359
433 191 846
434 99 978
435 256 668
435 514 581
436 295 569
437 236 400
437 231 341
438 286 232
438 532 644
439 287 294
440 335 303
441 428 937
441 343 275
442 345 972
443 511 373
444 133 422
444 97 867
445 536 213
446 45 431
446 41 589
446 482 762
446 34 455
447 581 366
448 292 95
448 129 742
448 511 385
449 113 500
450 193 861
450 548 768
451 207 633
451 336 559
451 68 750
451 472 582
452 489 811
452 257 644
453 111 721
453 46 168
453 521 244
453 566 31
454 228 480
455 316 531
456 356 762
456 121 32
457 251 821
458 97 24
459 191 8
460 563 419
461 231 338
461 572 560
461 247 308
461 165 865
462 164 76
462 342 245
463 265 818
463 432 302
464 558 315
465 76 634
465 73 469
465 505 259
465 343 829
466 166 731
466 154 704
466 281 251
466 353 890
467 487 897
468 96 621
469 282 740
470 111 190
471 232 508
471 335 387
471 558 396
472 252 505
473 250 144
473 358 582
473 161 636
473 453 812
474 149 190
475 517 419
475 451 103
475 510 185
476 435 263
476 71 694
477 436 330
477 447 910
478 256 509
479 228 867
480 338 569
480 313 265
481 508 898
482 399 90
482 23 745
483 523 644
484 407 877
485 89 404
486 561 831
486 440 235
486 537 887
486 219 186
487 563 480
488 403 511
488 310 468
488 132 595
488 357 283
488 379 21
488 393 853
489 80 416
489 215 665
489 21 222
489 400 360
489 210 713
489 448 828
489 229 677
489 59 495
490 256 86
490 185 400
491 348 729
491 198 482
492 528 247
492 418 328
492 6 654
492 370 864
492 249 876
493 593 216
494 413 568
495 134 595
495 250 146
496 449 143
497 14 719
497 247 532
497 251 265
498 473 750
499 569 284
499 186 230
500 183 337
501 484 78
502 126 126
502 204 458
503 270 232
504 331 320
505 325 170
505 45 462
506 244 454
507 323 674
507 387 356
507 155 918
508 593 446
508 404 795
508 174 834
508 172 113
508 91 287
508 153 334
508 409 900
508 317 239
509 246 523
510 281 680
510 248 670
511 325 141
511 399 635
512 162 810
512 559 460
512 542 1000
512 112 857
513 349 757
514 174 312
514 434 90
514 512 482
514 334 964
514 77 939
515 530 969
516 138 930
517 232 948
518 337 22
518 409 165
518 412 355
518 171 455
518 315 317
519 233 18
519 7 562
519 283 823
520 476 851
520 567 381
521 558 15
522 156 369
522 599 677
522 356 846
522 35 782
522 515 50
522 424 228
522 48 260
522 289 568
522 501 2
523 508 810
523 168 738
524 356 276
524 299 185
524 399 408
525 150 723
525 387 694
526 324 59
526 443 125
527 82 201
527 410 997
527 383 70
528 527 384
529 529 843
529 295 267
530 163 482
530 180 139
530 388 826
531 4 974
531 462 91
531 392 19
531 522 198
532 51 954
532 503 482
533 66 853
533 108 27
534 139 18
535 26 888
535 122 967
536 174 63
537 143 614
538 58 901
539 111 386
539 157 463
540 426 984
540 294 212
541 151 815
542 58 275
543 16 784
544 57 374
544 436 967
545 599 848
546 442 300
547 261 250
547 157 401
548 218 78
548 91 801
549 596 154
550 593 219
550 279 238
551 540 863
552 12 486
552 135 371
552 420 351
552 165 186
553 524 18
553 289 459
554 581 857
554 233 502
555 340 376
555 252 328
556 34 515
556 33 776
557 340 223
558 305 407
558 146 866
559 105 188
559 59 377
560 61 150
560 518 501
560 248 304
560 462 560
560 306 921
561 350 920
562 340 557
562 360 569
563 109 636
563 476 984
564 279 581
564 591 416
564 319 792
564 243 453
564 140 324
564 339 460
565 229 123
565 55 509
565 553 617
566 339 578
567 555 441
567 155 700
567 496 995
568 453 105
568 103 290
569 478 455
569 24 637
570 457 666
571 494 47
571 325 792
571 450 33
571 354 527
571 508 761
571 338 840
571 251 677
571 453 102
572 496 784
572 260 24
573 416 199
573 206 230
573 217 816
573 330 251
574 532 951
574 513 7
575 33 553
576 283 958
576 474 883
576 295 666
577 466 35
577 540 29
578 98 469
578 226 871
579 223 709
579 259 727
580 146 737
581 187 679
582 64 834
583 144 640
583 463 946
583 317 122
584 130 741
584 92 858
584 493 565
584 162 985
584 251 149
585 569 323
585 456 514
585 168 611
586 280 172
587 232 959
587 361 215
588 118 727
588 430 854
589 30 825
590 578 920
591 301 936
591 56 368
592 110 400
593 586 938
594 573 97
594 182 918
594 394 531
595 377 900
596 97 513
596 132 600
596 595 203
596 535 105
597 159 166
597 281 760
597 111 422
598 599 190
599 305 19
600 381 911
600 398 771
601 32 335
602 403 956
603 56 116
603 512 569
604 16 356
604 12 963
605 329 251
605 524 514
606 98 774
607 145 123
608 546 893
608 185 113
608 100 11
608 484 666
609 388 470
610 455 660
611 430 838
612 263 370
612 215 959
613 420 520
613 201 808
613 204 850
614 38 717
614 394 981
614 540 227
615 318 264
616 173 46
617 165 625
618 162 147
618 378 185
619 498 734
619 18 98
620 399 24
620 463 168
620 447 281
621 275 547
621 280 436
621 299 131
622 179 108
623 385 102
624 236 631
624 537 713
625 496 598
625 31 996
625 504 642
626 466 691
627 132 128
627 530 864
627 180 386
628 246 29
629 226 289
630 307 782
630 262 751
630 396 918
631 106 955
631 295 441
631 598 218
631 59 191
632 356 71
633 313 1000
633 57 678
634 126 719
635 130 132
635 135 499
636 439 331
636 221 752
637 355 585
637 79 118
637 4 824
637 224 236
638 377 225
639 323 675
639 176 607
640 387 799
641 511 438
642 360 229
642 566 225
643 468 110
644 535 373
644 127 212
644 1 270
644 365 841
645 246 515
645 366 888
645 457 793
646 33 594
646 129 62
646 351 399
647 111 337
647 179 520
648 58 1000
648 467 254
649 469 712
650 41 993
650 25 863
650 497 144
651 347 548
652 118 272
652 199 595
653 461 940
654 166 648
654 121 949
654 208 629
655 312 878
656 467 447
656 600 268
656 77 290
657 344 98
658 341 402
659 274 354
660 356 147
661 435 79
662 101 418
663 346 556
663 362 379
663 243 257
663 92 83
663 559 22
663 173 509
664 528 980
664 187 23
664 353 598
665 303 360
666 299 795
667 82 59
668 489 1000
668 480 438
668 325 102
668 377 125
668 438 466
669 227 178
670 105 462
670 334 476
671 206 33
672 20 906
673 569 87
674 64 560
675 270 532
675 466 101
675 557 472
676 477 187
676 10 192
676 483 259
676 179 700
677 70 447
677 375 347
677 54 981
678 43 525
678 125 440
679 129 986
679 23 915
680 431 14
681 55 128
681 571 379
681 26 302
681 263 165
682 442 826
682 530 810
682 40 9
682 29 777
683 297 455
684 161 6
685 250 359
686 191 961
686 84 378
686 440 810
687 1 530
687 527 560
687 501 269
688 13 445
688 245 772
689 52 616
690 33 34
690 549 435
691 419 729
691 344 76
691 514 718
691 64 83
692 587 635
693 50 812
694 129 55
694 77 798
694 376 301
694 123 314
694 162 95
694 292 165
694 400 38
695 573 756
696 332 762
696 207 882
697 234 574
697 56 395
698 583 416
699 508 156
700 5 213
701 274 987
702 505 669
702 560 758
703 245 468
704 405 396
704 464 160
704 221 73
704 556 93
705 32 611
705 148 955
705 347 348
705 569 929
706 71 435
706 243 278
707 561 701
707 99 245
708 493 327
709 198 943
709 261 379
710 580 11
711 331 592
711 572 458
712 207 745
713 154 879
714 121 401
715 368 279
715 10 469
716 14 990
716 198 346
717 450 987
718 341 264
719 34 111
720 210 985
721 226 655
722 407 111
722 162 967
723 56 327
724 234 153
725 529 128
726 467 948
727 95 695
728 191 20
729 597 332
729 211 266
730 511 919
730 7 868
730 473 29
730 521 791
730 369 76
730 79 336
731 65 199
732 13 611
733 95 377
733 47 210
733 306 119
733 131 80
734 18 832
735 468 204
735 241 770
736 290 204
736 271 876
737 542 234
737 69 491
738 310 218
738 299 527
739 190 162
739 78 657
739 377 763
739 301 147
740 286 2
741 42 633
741 279 565
741 265 621
741 135 536
741 152 788
742 364 111
742 131 33
743 292 232
744 261 545
744 270 394
745 320 294
745 407 179
745 221 208
745 6 666
745 581 119
745 369 307
746 73 704
747 516 734
748 385 280
749 150 541
749 130 380
749 394 573
749 300 781
749 203 570
750 23 449
750 505 932
750 247 195
751 488 81
751 60 825
751 225 818
751 20 598
752 245 424
752 309 969
752 52 190
753 256 827
754 67 511
755 2 5
755 90 708
755 23 534
755 372 303
755 25 554
756 375 192
756 250 611
756 535 450
756 100 9
756 369 878
757 541 445
758 326 948
759 578 167
759 417 789
759 28 456
760 474 582
760 355 877
760 69 765
760 171 542
760 332 380
760 12 725
760 304 982
761 231 216
762 250 128
762 458 396
762 553 529
762 246 568
763 255 141
763 133 652
763 590 342
763 222 233
763 211 68
763 8 583
763 15 745
763 451 92
763 114 599
764 518 594
765 324 934
766 10 322
767 235 570
768 293 644
768 230 400
768 429 716
769 115 889
769 512 837
769 485 161
769 241 895
770 129 978
770 315 439
770 181 212
771 324 913
772 282 180
772 45 55
772 261 403
772 219 907
773 600 385
773 241 586
773 569 709
773 250 971
774 14 719
774 476 555
774 506 704
775 126 6
775 484 442
775 577 329
776 356 202
777 360 770
778 231 352
778 128 349
778 521 119
779 319 212
779 193 444
779 429 692
780 34 431
781 94 64
781 1 295
781 360 976
782 7 150
783 348 15
783 484 74
783 160 250
783 245 457
784 198 636
784 51 743
785 537 419
786 151 223
787 199 499
788 77 833
788 590 259
789 594 550
789 318 968
789 68 942
790 20 693
791 409 876
792 310 594
793 316 475
794 489 753
794 379 137
795 62 362
796 16 872
796 459 791
796 235 912
797 156 995
797 500 262
798 482 171
798 332 363
798 171 886
799 213 461
799 169 974
799 554 36
799 277 917
799 261 431
799 599 290
800 294 714
800 380 781
801 263 385
802 529 995
802 124 444
803 534 100
804 473 117
805 114 52
806 435 423
807 474 357
808 463 83
809 576 926
809 104 751
809 467 416
809 583 849
809 216 520
810 296 910
811 209 598
811 430 572
812 396 379
813 201 186
813 154 525
814 490 9
815 560 945
816 331 216
816 420 336
817 344 364
818 435 920
818 373 504
819 287 941
820 385 704
820 156 377
820 365 393
821 532 750
822 285 912
822 594 696
822 75 963
822 583 22
823 451 310
824 33 38
825 299 940
825 277 796
825 585 361
825 359 404
826 589 572
826 330 513
826 320 695
826 178 527
826 479 16
827 376 917
827 260 647
828 398 21
829 322 493
830 181 111
830 27 511
830 465 334
831 514 91
831 398 901
832 553 98
832 336 875
833 418 109
834 326 92
834 161 492
835 237 987
835 381 520
836 154 787
837 74 462
837 275 43
838 169 416
839 198 73
840 45 808
840 124 663
841 71 72
841 116 41
841 20 116
841 405 284
841 353 988
842 551 419
843 119 576
843 414 139
843 352 766
844 562 194
845 269 681
846 573 640
846 155 520
846 484 706
846 156 687
847 321 571
847 139 451
848 443 990
849 421 211
850 64 268
850 108 443
851 594 660
852 583 802
852 397 212
852 211 624
852 469 357
852 599 297
853 543 790
854 173 234
854 287 153
854 158 34
855 59 33
855 392 108
855 271 967
856 28 474
856 500 682
857 574 132
857 93 837
858 299 73
859 207 746
860 268 808
860 433 762
861 556 838
862 569 554
862 197 115
863 457 163
864 324 645
864 128 4
864 258 715
864 102 299
864 24 620
865 474 613
865 532 595
866 581 347
867 31 684
867 373 441
868 64 244
868 412 897
868 285 2
869 135 743
869 77 533
869 106 266
869 443 541
869 164 967
869 475 553
870 421 204
870 22 910
870 488 905
870 478 384
871 43 237
872 36 315
873 513 646
873 28 156
873 143 36
874 562 281
874 370 909
875 15 939
875 375 423
876 1 181
876 248 697
876 494 723
877 116 832
878 333 852
878 591 173
878 513 33
878 155 17
879 312 429
880 166 412
880 258 931
881 517 758
881 132 548
881 301 974
882 166 647
882 457 734
882 526 565
883 309 508
883 295 872
884 362 729
885 125 47
885 197 381
885 179 171
886 375 89
887 54 849
887 342 865
888 231 758
888 238 722
889 284 100
890 167 189
890 184 857
890 154 935
891 69 215
892 495 770
893 285 952
893 514 492
894 575 68
895 337 870
895 3 123
895 525 315
895 236 742
896 511 970
897 78 966
898 362 760
899 173 239
899 499 662
900 156 413
900 286 173
900 48 632
901 80 333
902 23 838
903 214 309
904 563 195
905 308 428
905 22 338
906 58 803
906 409 779
906 402 118
907 123 686
908 287 40
909 262 303
909 397 489
910 431 782
910 36 88
911 45 772
911 454 640
911 160 832
911 274 645
912 479 325
912 61 738
913 143 216
914 399 993
915 303 411
915 583 288
915 579 82
916 443 390
917 449 456
917 232 781
918 409 630
919 72 820
920 373 976
920 307 226
920 335 327
921 12 588
922 379 33
923 430 897
923 263 560
924 374 716
925 529 140
926 428 291
926 310 707
926 506 519
927 310 477
928 312 837
928 146 88
928 238 861
929 203 349
929 236 941
930 526 913
930 383 202
930 154 650
930 37 607
930 115 439
930 125 710
930 199 398
930 341 246
931 525 858
932 231 929
932 209 116
932 435 884
932 416 631
932 547 622
932 507 186
933 138 559
934 337 630
935 134 960
935 7 870
936 63 38
937 472 78
938 364 386
938 240 901
939 318 669
940 406 613
940 536 39
941 9 361
942 228 128
942 487 768
942 388 831
943 119 91
944 294 245
945 240 618
946 132 878
947 305 448
948 266 510
949 161 76
949 107 204
950 556 676
950 176 535
951 465 163
951 429 563
951 289 474
951 44 75
951 180 525
951 390 675
952 206 410
953 452 59
953 299 702
954 284 830
954 561 54
955 360 827
955 550 743
955 71 875
955 71 569
956 588 101
956 6 599
957 184 142
957 261 757
958 317 55
958 550 956
959 475 466
959 363 159
960 294 302
960 510 624
960 395 769
960 110 562
960 372 659
960 119 832
961 440 851
961 202 519
962 467 720
963 422 411
964 415 815
965 399 510
966 244 989
967 345 354
967 517 732
967 591 636
968 272 382
969 188 536
969 194 577
969 192 154
970 2 66
971 257 350
972 538 92
972 44 323
973 329 936
973 425 451
973 181 798
973 29 585
973 261 28
974 66 615
975 223 917
976 519 680
976 3 499
977 449 940
978 202 154
978 181 911
979 79 863
980 359 862
980 406 68
980 292 341
980 353 237
981 538 228
981 230 545
981 337 552
982 580 494
982 13 552
982 206 652
982 586 552
982 450 706
983 576 479
984 558 391
985 298 680
985 427 741
985 596 957
985 128 410
986 20 320
986 274 301
986 13 816
986 302 604
987 307 779
987 87 60
988 525 251
988 489 379
988 435 691
988 317 201
988 377 246
988 338 727
989 304 848
990 179 772
990 58 342
991 460 293
992 567 634
992 145 939
993 26 514
994 161 919
995 538 628
995 116 492
995 354 535
996 481 180
996 460 618
997 133 473
997 515 870
998 66 931
999 192 137
999 323 669
1000 32 462
1000 147 338
1001 257 887
1001 263 692
1001 539 559
1001 598 506
1001 478 875
1002 292 190
1002 516 436
1002 578 159
1003 428 512
1003 463 682
1003 335 361
1003 418 569
1004 375 124
1004 101 733
1004 308 956
1005 280 275
1005 37 840
1006 322 530
1006 378 823
1007 388 61
1008 377 103
1008 297 457
1009 415 624
1010 585 528
1011 130 522
1012 34 827
1013 355 879
1013 84 421
1013 147 877
1013 296 307
1014 378 719
1015 532 191
1015 41 595
1016 287 758
1017 473 460
1017 585 151
1018 468 776
1019 92 333
1019 545 9
1019 265 571
1019 33 301
1019 147 94
1020 359 343
1021 96 771
1022 415 795
1023 79 30
1023 368 738
1024 120 908
1024 274 212
1025 190 240
1026 88 450
1026 579 531
1027 18 148
1027 274 101
1028 155 183
1029 348 604
1030 576 356
1030 356 832
1031 182 158
1032 330 67
1033 261 263
1033 85 692
1033 219 405
1034 530 441
1034 530 202
1035 548 106
1035 354 978
1036 445 506
1037 45 943
1037 268 448
1038 515 756
1039 368 83
1040 78 924
1040 434 998
1040 118 282
1040 484 307
1041 600 517
1042 554 270
1043 121 826
1043 205 266
1043 487 634
1043 84 379
1043 316 660
1044 148 56
1044 233 804
1045 583 442
1045 507 237
1045 377 979
1045 190 547
1045 176 394
1046 313 613
1047 539 876
1047 301 227
1047 505 835
1047 441 851
1047 460 29
1048 242 93
1048 271 203
1049 424 613
1049 172 900
1050 558 573
1051 495 254
1052 494 998
1052 109 374
1053 303 653
1053 358 867
1053 10 393
1054 78 82
1055 597 891
1056 234 492
1057 373 338
1058 591 207
1058 33 418
1059 31 773
1059 47 403
1059 43 79
1059 322 905
1060 434 219
1060 237 527
1060 252 557
1061 596 821
1061 118 391
1062 536 848
1063 388 857
1063 524 868
1063 400 34
1063 354 420
1064 440 759
1064 370 348
1065 119 352
1065 85 671
1066 297 941
1066 355 92
1067 394 836
1068 279 523
1068 205 682
1069 57 565
1070 386 731
1071 561 330
1071 243 934
1072 581 935
1072 188 477
1073 300 874
1074 213 488
1075 338 387
1075 298 439
1076 520 773
1077 172 924
1078 524 832
1078 496 754
1078 265 383
1078 269 240
1078 57 703
1079 315 647
1080 463 705
1080 122 942
1081 352 758
1082 219 166
1083 530 237
1083 56 20
1084 588 8
1085 296 16
1086 35 2
1087 85 182
1088 572 98
1089 509 674
1090 593 915
1090 411 14
1090 276 26
1090 388 516
1091 597 138
1092 570 996
1092 431 153
1092 523 575
1092 326 772
1093 540 43
1093 592 897
1093 138 402
1094 297 561
1095 569 384
1095 261 701
1096 355 357
1097 82 18
1097 231 524
1097 69 646
1098 251 942
1098 243 746
1098 119 328
1098 282 796
1099 184 142
1099 229 6
1100 83 59
1101 594 599
1102 53 758
1103 185 419
1103 495 908
1103 282 406
1103 569 568
1103 215 464
1104 140 973
1105 88 716
1106 268 836
1106 5 977
1107 171 692
1107 374 703
1108 442 514
1109 156 824
1109 156 702
1110 355 588
1110 512 682
1110 531 242
1111 221 170
1112 322 824
1113 65 527
1114 305 640
1115 40 563
1115 565 980
1116 198 243
1117 395 713
1118 491 495
1118 222 333
1119 450 305
1119 589 219
1120 297 254
1121 351 720
1122 189 910
1123 367 469
1124 552 142
1124 373 390
1124 77 415
1124 336 752
1125 355 345
1126 105 642
1127 298 588
1127 147 277
1128 234 361
1128 104 855
1129 28 404
1129 126 340
1130 168 637
1131 95 842
1131 190 573
1131 199 9
1131 87 946
1132 500 99
1133 412 830
1133 328 820
1133 304 732
1133 310 310
1134 478 624
1135 574 314
1135 146 728
1136 300 231
1137 573 481
1137 426 683
1137 223 858
1138 506 303
1139 179 998
1140 44 838
1141 90 510
1142 361 507
1142 218 945
1142 175 595
1143 475 485
1144 407 733
1144 521 247
1144 461 500
1145 24 141
1145 250 557
1145 475 725
1145 294 734
1146 8 192
1146 341 559
1146 22 28
1146 124 57
1146 524 5
1147 316 465
1147 154 95
1147 498 788
1148 262 466
1149 416 428
1150 532 127
1151 577 458
1151 285 719
1151 156 174
1152 301 124
1152 384 593
1153 432 4
1154 399 802
1154 186 76
1154 228 69
1154 541 647
1154 175 226
1154 320 964
1155 241 30
1156 563 560
1157 276 319
1157 109 120
1157 80 73
1158 396 674
1158 475 659
1158 333 892
1158 310 254
1159 596 97
1159 105 820
1159 149 2
1160 328 772
1161 21 427
1161 401 457
1162 554 635
1162 241 714
1162 42 379
1162 408 278
1163 575 631
1163 580 767
1163 436 220
1164 587 634
1165 454 45
1165 27 740
1165 177 688
1166 17 901
1166 238 598
1166 473 678
1167 399 233
1168 396 298
1168 84 674
1168 568 912
1168 526 440
1168 483 465
1168 501 963
1169 430 118
1169 315 492
1169 119 227
1170 196 768
1171 566 992
1171 212 947
1171 575 16
1171 54 434
1172 559 675
1172 420 49
1173 170 372
1174 263 757
1174 256 896
1175 353 174
1175 116 216
1176 397 151
1176 299 874
1177 535 660
1177 255 860
1177 354 929
1178 82 575
1179 83 694
1179 20 715
1179 99 896
1179 493 282
1180 425 126
1180 457 563
1180 321 350
1181 407 243
1181 152 281
1181 508 319
1181 336 384
1181 298 43
1181 566 330
1181 175 241
1181 110 162
1181 430 784
1181 7 47
1181 26 882
1182 582 279
1182 332 637
1182 43 34
1182 430 963
1183 563 482
1184 409 223
1184 590 44
1184 532 437
1185 508 489
1185 312 647
1185 198 948
1186 148 865
1187 573 776
1188 115 917
1188 61 470
1189 443 261
1190 554 764
1191 67 219
1192 397 678
1193 378 625
1194 512 649
1195 451 883
1196 192 319
1197 333 828
1197 250 735
1198 211 214
1199 238 78
1199 122 991
1200 564 745
1201 580 279
1201 296 716
1201 26 914
1201 433 27
1201 209 208
1201 86 951
1202 345 339
1202 391 449
1202 554 323
1203 179 399
1204 26 614
1204 534 688
1205 240 47
1206 407 513
1206 242 428
1206 540 901
1207 327 582
1208 371 914
1209 568 775
1209 430 243
1210 551 502
1210 470 895
1211 100 673
1211 348 221
1212 417 328
1213 50 905
1213 540 846
1213 596 696
1213 310 759
1213 380 795
1214 589 128
1214 326 746
1215 328 713
1216 184 540
1216 203 382
1217 463 157
1218 533 387
1219 238 908
1220 179 238
1221 17 213
1221 238 289
1222 545 627
1222 193 730
1223 405 104
1223 163 645
1223 242 345
1224 229 40
1225 555 400
1226 49 293
1226 344 553
1227 117 15
1227 533 312
1227 553 228
1228 206 529
1229 63 591
1230 170 989
1230 184 778
1231 268 456
1232 318 723
1232 465 447
1232 409 242
1232 46 259
1232 447 293
1233 220 586
1234 230 89
1234 10 791
1234 567 607
1234 398 945
1235 549 32
1235 148 35
1236 55 95
1237 408 930
1238 97 308
1239 338 903
1239 347 637
1240 121 927
1241 585 546
1242 220 219
1242 413 965
1243 74 969
1244 100 982
1245 279 361
1246 466 596
1247 451 389
1247 214 195
1247 514 950
1247 185 999
1247 164 477
1247 132 822
1248 330 74
1249 263 834
1249 166 871
1250 10 874
1251 425 855
1252 12 958
1252 358 236
1252 593 112
1253 582 386
1253 228 716
1254 172 706
1255 49 430
1255 302 558
1256 362 489
1256 508 477
1257 144 491
1258 10 484
1259 104 302
1260 122 770
1261 531 448
1262 282 277
1262 194 759
1262 306 847
1263 169 44
1264 102 302
1264 383 159
1265 542 304
1265 430 952
1265 421 546
1265 383 990
1265 356 59
1265 188 782
1266 299 730
1266 233 942
1267 296 537
1267 345 521
1268 178 625
1268 296 339
1268 405 41
1268 378 371
1268 202 410
1268 457 297
1268 210 419
1268 232 414
1269 199 580
1269 176 729
1269 486 589
1269 115 750
1269 521 237
1270 379 907
1271 98 595
1272 264 45
1273 112 954
1273 347 17
1273 484 416
1273 299 628
1273 396 929
1273 56 840
1273 522 10
1273 355 977
1273 524 695
1273 78 943
1273 430 25
1274 355 18
1274 433 115
1274 580 433
1275 5 764
1276 239 20
1276 590 414
1276 405 907
1276 416 357
1276 106 433
1276 530 506
1276 180 995
1277 398 556
1278 217 695
1278 133 581
1279 173 952
1280 209 76
1280 39 685
1280 437 955
1281 270 897
1281 530 996
1282 564 214
1283 547 201
1283 225 342
1284 432 549
1285 430 521
1285 327 951
1285 426 427
1286 355 904
1286 414 991
1286 279 862
1286 447 288
1287 536 139
1288 416 271
1288 382 750
1289 457 945
1289 556 377
1289 302 121
1290 245 903
1290 324 234
1290 46 421
1291 553 659
1291 4 241
1292 268 789
1292 308 270
1293 181 580
1293 297 624
1294 525 281
1295 431 360
1295 205 787
1295 233 265
1296 488 337
1297 113 3
1298 172 60
1298 595 997
1299 436 234
1299 454 902
1299 182 487
1300 79 979
1300 595 286
1301 527 78
1302 74 707
1302 262 931
1302 160 201
1302 272 98
1302 204 519
1303 419 652
1304 368 798
1304 242 731
1304 446 367
1305 319 327
1305 524 482
1306 271 783
1306 444 477
1306 523 842
1307 23 93
1308 8 903
1308 346 217
1309 163 614
1309 181 856
1310 226 385
1311 177 743
1311 504 98
1311 423 839
1312 96 537
1312 417 162
1313 131 576
1314 78 447
1314 73 86
1314 304 502
1315 435 570
1316 461 1000
1316 403 79
1317 53 879
1317 589 904
1317 475 848
1318 69 227
1319 370 570
1320 281 475
1321 72 42
1321 375 895
1322 559 211
1322 10 326
1323 234 555
1324 416 245
1324 214 744
1325 551 581
1325 231 699
1325 302 403
1325 560 413
1325 586 182
1326 90 635
1327 224 503
1327 149 982
1327 543 991
1327 94 430
1327 293 755
1328 249 575
1328 230 198
1329 178 924
1329 74 561
1330 225 70
1330 345 302
1330 192 505
1331 214 64
1331 458 119
1331 140 173
1331 130 268
1331 183 308
1331 188 16
1331 63 769
1331 9 971
1332 320 641
1332 154 121
1333 447 921
1333 558 326
1333 262 914
1333 394 675
1333 433 660
1333 109 842
1333 522 912
1333 392 751
1333 27 563
1333 80 94
1334 214 602
1334 301 69
1334 541 181
1335 95 182
1336 537 247
1336 5 419
1336 167 89
1337 146 237
1337 354 622
1338 226 98
1339 575 516
1340 74 420
1341 345 460
1341 510 241
1342 184 762
1343 96 543
1343 239 841
1344 17 64
1345 181 370
1346 521 50
1347 169 549
1348 269 1
1349 310 27
1350 518 879
1351 86 24
1352 414 557
1352 391 495
1352 142 413
1353 592 251
1353 189 724
1353 472 979
1353 505 886
1353 261 649
1353 235 944
1353 525 285
1354 112 714
1355 104 197
1355 267 401
1356 111 785
1357 526 692
1358 569 531
1358 79 295
1358 2 639
1359 497 406
1359 566 650
1360 395 154
1360 88 947
1360 113 259
1361 396 710
1361 161 79
1362 195 684
1362 433 456
1363 375 617
1363 593 730
1363 84 913
1363 347 569
1364 91 627
1364 535 173
1364 477 497
1365 362 608
1365 352 859
1365 582 300
1366 459 257
1366 484 108
1367 269 85
1368 180 592
1369 510 835
1369 160 134
1369 463 814
1369 78 591
1370 485 588
1371 54 992
1372 338 59
1373 246 570
1373 20 960
1374 167 659
1374 101 870
1375 431 834
1375 323 654
1376 31 571
1377 365 618
1378 445 310
1378 462 458
1378 257 145
1378 33 644
1378 247 789
1378 219 750
1379 469 688
1379 62 855
1380 451 438
1380 422 594
1380 495 46
1381 211 812
1381 393 53
1381 243 135
1381 137 836
1382 322 197
1383 494 661
1383 599 404
1384 318 742
1384 309 763
1385 411 841
1386 427 777
1387 280 103
1387 462 699
1388 131 553
1388 398 611
1389 110 377
1389 97 594
1389 461 70
1389 242 307
1390 450 437
1390 544 941
1390 376 602
1391 538 894
1391 193 147
1391 395 403
1391 288 630
1392 441 450
1392 535 627
1393 222 338
1393 137 107
1393 442 242
1393 172 302
1393 100 729
1393 157 459
1394 364 629
1395 370 745
1395 290 741
1396 197 137
1397 67 797
1397 103 830
1398 158 384
1398 17 915
1399 176 775
1400 347 940
1401 102 938
1402 209 389
1402 31 990
1402 343 636
1402 242 393
1403 312 417
1404 23 810
1404 283 116
1405 20 804
1406 302 378
1406 548 983
1406 262 223
1407 410 571
1408 109 21
1408 401 412
1408 285 580
1409 98 634
1410 70 53
1410 529 934
1411 295 998
1412 396 5
1413 562 900
1414 399 979
1415 591 475
1416 88 49
1416 225 749
1417 484 741
1417 443 633
1417 139 76
1417 128 95
1418 413 768
1419 244 889
1419 556 120
1419 164 495
1420 288 532
1420 215 685
1421 78 318
1422 531 734
1422 249 555
1422 522 980
1422 133 175
1422 457 472
1422 224 836
1423 127 7
1424 490 628
1425 521 560
1426 113 8
1427 61 470
1427 335 801
1428 310 75
1428 408 783
1429 95 168
1430 169 734
1431 297 238
1432 502 932
1432 255 631
1433 394 250
1433 88 577
1433 597 423
1434 444 26
1435 588 13
1436 380 946
1437 540 651
1438 65 951
1439 419 597
1439 472 155
1440 404 495
1440 451 114
1441 544 5
1442 515 85
1443 164 387
1444 259 575
1445 79 444
1446 450 378
1446 420 320
1446 511 924
1446 186 402
1447 144 54
1448 310 52
1448 266 706
1449 134 212
1449 576 692
1449 151 137
1449 38 223
1450 276 721
1451 254 189
1451 477 461
1452 363 496
1453 67 946
1453 74 117
1453 330 650
1453 344 999
1454 140 743
1455 363 83
1456 564 863
1457 202 46
1457 280 820
1457 398 885
1458 165 75
1459 467 97
1460 313 698
1460 422 325
1461 240 206
1461 446 725
1461 485 902
1462 436 305
1463 597 73
1463 575 836
1464 326 382
1464 316 487
1465 378 945
1465 100 291
1465 313 969
1466 288 840
1466 318 399
1466 258 833
1466 280 356
1466 451 1
1467 276 98
1468 196 228
1468 586 123
