600 1000 50 10 3000
0 84
86 22
67 90
56 6
9 8
69 34
70 13
72 20
62 45
7 14
68 49
68 65
2 37
36 72
81 68
22 33
52 8
7 71
50 64
77 11
24 98
45 46
12 70
67 74
15 26
40 83
75 8
1 77
97 37
1 30
6 23
63 58
83 71
30 85
87 7
49 63
58 94
10 70
16 77
96 31
55 88
67 82
49 68
11 46
5 12
88 92
70 23
15 52
61 2
11 10
66 69
56 28
91 73
5 87
4 12
76 71
94 25
39 5
23 45
69 52
8 57
45 30
33 60
82 94
15 94
4 33
15 60
61 7
33 18
94 90
82 22
13 76
99 5
33 75
50 2
27 10
12 24
41 45
37 23
39 4
69 95
37 85
55 50
44 41
20 90
31 2
13 44
30 64
91 51
17 19
14 81
43 55
26 32
30 17
36 0
12 73
37 68
75 81
61 95
71 92
49 36
88 79
53 90
94 44
93 64
63 7
45 59
62 72
43 93
41 80
45 54
5 82
74 81
15 35
28 86
79 30
75 67
9 28
9 56
72 3
20 88
10 17
99 25
41 42
70 83
22 15
37 80
49 11
61 64
98 41
2 77
71 77
44 33
57 6
89 30
9 61
70 71
78 69
96 20
63 18
3 86
33 92
18 34
55 31
50 53
72 53
30 96
82 26
29 40
32 70
22 41
83 92
65 61
13 13
33 76
32 88
14 17
80 32
52 35
63 2
88 88
7 70
84 90
97 65
82 29
87 4
23 70
48 88
83 61
53 69
57 4
3 90
36 7
77 52
9 66
40 69
88 24
59 85
41 93
15 28
49 90
98 97
30 33
10 83
2 99
69 12
3 24
2 92
83 79
44 44
97 84
13 86
60 24
23 1
17 38
29 66
80 79
15 10
12 25
94 67
25 15
79 80
91 33
72 74
64 16
18 62
52 32
0 12
8 23
13 26
14 94
44 94
73 60
5 38
37 51
5 14
66 36
95 57
69 19
83 85
88 53
99 40
37 99
5 46
75 18
72 41
13 16
87 38
28 92
76 66
95 33
80 61
69 75
70 90
47 5
76 35
59 75
27 48
27 32
94 2
51 18
95 16
87 82
54 15
27 31
81 22
16 14
36 86
41 58
76 88
64 4
23 75
80 3
23 59
35 18
13 38
36 8
54 75
90 61
91 17
44 24
92 60
38 28
46 80
86 75
20 50
31 96
25 63
99 1
22 34
19 35
73 7
43 79
83 86
40 26
55 84
50 47
45 41
75 43
73 14
18 93
16 50
89 94
13 40
95 88
75 14
23 0
73 19
79 56
5 72
82 12
56 85
60 53
26 87
97 51
53 67
44 70
17 86
64 83
78 11
71 5
77 46
5 50
65 37
59 22
61 93
87 69
78 99
23 56
86 20
59 92
39 56
62 9
42 78
92 72
89 15
78 66
13 35
68 31
72 27
5 85
21 92
55 51
91 78
60 30
50 19
22 89
75 36
98 69
14 42
42 55
9 72
21 23
7 89
54 80
69 59
65 42
4 72
93 95
50 5
25 0
77 99
42 4
35 40
74 1
83 68
56 92
40 29
67 47
71 73
79 40
33 97
82 89
69 27
84 72
85 62
24 62
61 66
66 49
50 42
12 7
86 4
88 6
4 59
79 35
99 64
84 33
53 6
61 90
78 46
52 2
60 65
21 78
66 80
71 17
74 35
76 12
40 64
18 96
76 50
31 75
14 16
9 20
22 22
10 52
20 14
31 27
58 98
7 81
67 81
17 95
94 9
11 64
57 87
14 88
15 81
56 76
98 63
82 18
29 37
50 12
64 60
62 24
42 29
57 11
76 3
72 88
68 29
27 34
69 42
67 26
18 20
56 68
83 39
38 64
28 88
77 44
49 39
20 43
54 97
81 78
37 49
7 65
36 28
7 3
54 26
24 63
46 59
54 85
24 34
73 53
78 74
44 51
17 65
29 23
53 52
12 60
17 48
41 25
51 47
3 27
10 49
87 16
34 63
50 60
68 81
86 12
32 4
30 61
79 45
23 33
97 35
45 15
92 87
86 47
14 48
96 53
65 83
16 67
43 84
48 29
49 32
85 79
45 17
24 69
2 21
56 47
88 40
86 32
27 72
79 93
20 76
47 37
11 63
5 6
0 5
35 49
90 73
28 35
56 44
77 13
91 66
5 29
50 84
77 74
58 24
11 69
40 68
75 92
74 62
41 64
87 21
51 29
25 60
25 2
25 17
20 30
98 71
14 52
53 91
26 63
68 89
84 60
58 11
52 84
25 45
0 13
66 3
94 43
63 20
97 40
89 18
70 87
41 36
91 46
80 17
9 48
59 93
8 69
56 12
53 81
57 5
46 75
60 93
18 76
65 15
16 54
85 87
93 26
75 37
24 55
6 33
3 65
78 63
34 86
75 39
68 84
96 66
59 57
59 29
33 24
45 49
30 82
88 76
13 85
71 19
71 27
37 1
90 71
88 18
63 8
2 11
74 14
68 34
43 53
10 40
3 41
69 36
59 34
21 31
5 44
58 42
46 0
66 34
70 29
42 25
92 16
39 61
2 34
14 13
27 69
6 2
65 27
90 24
61 63
7 66
8 17
9 54
70 75
40 40
56 34
50 8
61 5
43 28
18 22
49 76
76 14
3 18
91 16
81 98
68 91
95 38
18 35
30 26
69 48
56 40
29 51
68 99
25 18
75 53
84 30
71 75
46 53
26 28
94 94
72 42
84 42
21 99
66 48
23 23
40 52
26 9
51 4
79 78
57 63
8 81
39 6
86 17
34 32
11 58
74 47
1 4
13 74
55 80
22 78
55 62
82 33
23 85
37 54
15 47
18 23
28 9
26 15
98 89
26 73
88 27
77 1
53 32
62 40
89 96
74 65
33 63
19 48
62 89
23 42
50 52
8 28
19 7
17 45
32 5
24 9
59 77
93 44
4 7
85 46
55 11
11 88
26 82
36 89
72 59
31 74
63 92
3 34
99 72
32 31
78 56
92 89
86 37
33 42
88 51
33 51
39 60
34 27
1 58
38 84
32 1
76 87
87 27
60 19
10 90
28 2
79 14
39 64
56 35
87 97
48 77
32 34
4 85
92 94
70 77
95 46
64 35
26 24
54 36
14 82
91 45
48 82
62 5
18 49
2 56
21 2
86 6
37 42
91 29
37 61
58 84
60 23
19 86
99 26
74 66
8 65
63 57
48 25
14 18
26 68
26 0
70 64
6 7
7 97
11 47
80 23
22 52
61 22
78 35
40 86
53 3
95 1
81 9
71 7
29 49
7 0
14 65
7 73
15 48
69 26
96 49
1 70
1 62
92 31
49 84
18 2
88 65
55 69
75 26
28 4
28 36
56 42
53 16
15 68
64 84
94 12
85 95
9 27
70 59
12 40
61 52
6 69
21 33
89 75
89 46
17 43
14 84
11 78
20 58
91 6
5 26
97 15
53 19
26 65
12 39
17 18
8 90
3 56
44 92
31 33
90 49
76 4
85 40
35 6
98 78
64 55
4 61
70 57
32 48
75 44
88 44
14 96
87 17
4 31
62 36
16 52
37 45
57 22
85 44
22 92
90 26
5 13
35 38
61 10
34 1
7 49
98 94
66 54
77 28
90 93
33 27
90 42
2 75
86 30
10 8
66 21
22 79
84 57
81 91
6 31
37 24
85 66
5 76
11 90
55 2
32 57
77 70
78 67
93 16
99 59
37 22
90 21
31 71
64 89
2 53
65 88
19 70
16 83
12 23
81 14
14 73
54 44
92 47
60 91
58 50
65 49
23 96
72 40
37 75
93 3
15 65
25 83
48 38
82 39
47 49
12 54
45 4
53 58
48 12
13 83
14 37
23 51
12 69
54 79
34 80
62 82
70 69
15 4
60 14
53 25
68 51
29 22
61 29
86 21
95 51
56 9
88 32
12 53
1 67
32 35
99 47
69 69
68 36
25 28
50 31
53 71
82 35
45 95
16 31
16 11
82 24
72 22
56 37
75 57
56 8
44 55
76 75
1 1
3 4
32 9
27 66
44 72
61 60
3 29
24 37
54 48
59 10
85 35
20 41
48 2
34 76
77 87
30 32
91 14
93 18
81 89
42 94
2 45
24 26
34 30
26 94
92 12
29 64
81 6
82 7
54 64
39 46
79 85
16 12
74 59
6 76
56 82
54 91
64 81
85 57
45 66
21 50
42 54
8 72
21 43
79 76
74 86
55 42
98 82
53 57
58 10
91 13
53 56
13 91
8 86
93 50
41 2
45 53
90 52
75 64
91 83
7 41
65 60
50 23
22 42
88 75
98 34
17 63
25 25
49 19
75 90
73 1
5 18
6 95
22 82
12 65
65 71
7 30
31 57
99 46
33 49
80 51
64 6
77 4
56 50
20 12
61 94
94 73
60 11
44 67
93 27
96 19
77 77
70 42
35 46
8 12
50 16
14 8
82 86
80 66
68 92
77 64
91 36
72 77
64 69
96 93
98 18
87 33
64 47
97 67
16 63
75 98
49 47
93 81
74 42
77 85
64 20
21 36
57 45
83 55
63 70
40 80
18 37
99 34
0 74
84 1
73 29
35 86
42 9
28 19
39 68
32 89
57 90
86 40
97 2
63 38
82 81
27 33
67 80
81 32
32 68
18 26
77 98
45 24
42 36
92 74
25 1
16 64
42 14
66 5
52 48
38 31
81 57
11 40
12 45
24 44
13 42
70 91
92 67
67 34
3 11
60 81
12 77
45 6
91 63
63 95
63 53
26 96
36 22
35 12
18 48
54 88
7 58
32 63
69 92
96 34
69 41
40 12
56 4
7 19
57 86
15 20
42 63
15 13
53 55
67 61
65 99
24 35
43 20
69 13
13 61
25 69
17 85
23 3
6 89
14 21
42 56
84 61
69 50
37 55
65 58
68 78
19 46
99 37
64 58
42 11
61 0
0 75
73 55
4 67
63 41
28 32
91 40
77 80
95 42
38 16
72 9
14 71
46 97
10 62
7 4
73 68
56 26
95 81
81 51
48 96
92 28
20 5
15 67
99 53
63 49
94 61
46 56
24 5
12 97
73 20
23 68
1 56
20 1
52 64
0 1
68 88
21 4
59 36
53 5
97 52
61 73
57 25
71 83
3 46
55 75
47 7
40 28
92 40
81 81
7 2
70 28
6 81
64 11
87 14
15 0
87 73
26 10
70 12
50 15
19 31
97 26
85 19
7 91
0 23
55 39
37 70
92 25
95 70
35 3
67 63
8 54
85 32
33 87
47 4
18 44
82 56
63 89
47 16
13 54
25 99
27 20
69 63
76 63
7 43
78 68
0 82
38 21
44 20
77 7
10 76
75 75
31 83
77 8
82 5
28 52
20 4
15 79
99 93
47 48
9 47
30 59
95 20
32 39
41 61
98 3
38 74
78 21
57 55
29 91
60 9
43 80
66 58
7 96
24 54
17 57
45 10
18 43
13 8
69 91
29 78
46 10
72 65
91 38
24 3
15 69
93 22
18 17
28 87
97 45
68 10
1 35
20 99
97 42
10 69
8 2
59 84
57 15
64 72
84 9
46 54
26 26
41 53
99 90
50 20
0 55
62 53
42 82
5 40
77 15
61 85
69 21
21 79
36 37
51 72
46 50
79 24
76 72
63 79
0 63
35 62
69 29
96 74
21 73
41 83
10 11
56 83
42 92
20 45
16 18
95 95
43 24
68 72
4 83
52 4
46 39
18 67
68 66
41 90
40 35
46 81
38 88
25 58
85 93
77 81
89 20
57 9
92 61
92 96
17 90
87 35
58 56
53 51
98 93
48 84
24 33
96 10
26 25
43 67
97 0
28 90
13 72
38 30
17 73
34 70
76 84
16 15
59 16
99 19
54 76
52 50
76 81
98 73
33 78
15 46
51 6
28 66
32 97
91 18
19 67
54 87
82 65
55 34
60 0
66 88
81 16
13 14
95 29
12 46
87 92
64 71
41 55
89 12
74 43
0 9
8 55
43 92
17 5
80 29
5 98
15 30
4 10
11 68
8 98
60 72
69 53
79 10
65 53
5 17
62 13
25 57
57 42
36 88
9 3
13 34
81 73
84 93
97 54
46 28
29 96
87 6
53 45
48 68
34 19
39 22
59 49
25 82
14 90
16 48
63 0
41 12
6 40
40 23
4 22
97 85
70 84
92 75
81 40
12 35
38 71
36 64
53 50
54 21
50 70
82 80
32 23
3 36
21 67
37 13
42 18
6 38
86 18
41 95
65 90
58 0
71 42
23 26
30 20
79 51
17 33
38 75
71 25
93 48
9 43
81 25
90 50
91 8
92 1
8 63
43 31
42 73
3 21
76 42
75 31
56 65
47 10
52 9
53 33
86 44
35 77
4 28
78 12
46 98
6 22
92 99
20 19
31 40
70 39
6 70
50 58
79 55
43 17
51 79
94 55
7 24
67 50
49 62
36 95
12 94
69 56
94 89
28 77
82 98
16 40
68 18
50 99
74 45
16 25
24 10
81 83
86 0
34 35
15 22
82 79
16 4
36 62
45 64
39 27
19 83
26 69
82 52
15 99
78 91
61 11
75 0
11 61
87 78
35 70
58 51
66 71
10 57
99 24
65 70
7 44
40 42
96 7
98 54
37 25
6 1
38 94
79 73
16 89
77 42
83 43
13 45
0 64
70 18
35 29
62 27
23 10
34 16
37 84
23 74
10 29
27 0
23 7
74 39
96 3
33 32
46 47
29 98
63 51
68 98
81 82
25 56
93 11
73 82
96 96
56 58
25 36
58 1
92 91
87 26
75 85
25 5
84 88
87 89
87 64
98 32
14 24
19 22
82 96
58 40
97 53
97 64
50 93
29 86
33 38
90 72
79 29
37 77
61 13
89 19
50 71
68 8
63 17
59 59
5 79
83 7
24 65
93 58
3 35
30 34
65 67
12 78
32 12
6 21
84 56
44 52
64 8
69 78
37 5
8 73
64 33
38 57
45 73
27 62
93 91
40 25
56 46
2 43
44 19
94 87
9 55
60 74
40 50
83 83
95 28
8 22
42 1
66 83
79 22
14 36
73 10
55 77
75 4
81 70
91 42
77 3
16 69
5 52
4 0
66 93
58 45
15 39
91 82
77 66
87 10
88 30
53 17
86 43
73 42
96 6
55 71
33 21
16 91
18 31
82 93
64 10
93 7
44 23
73 83
33 14
66 86
31 4
0 436 693
0 194 50
1 448 606
2 361 505
2 575 302
3 556 239
4 236 602
5 570 367
5 574 503
5 561 781
5 105 204
5 345 870
6 523 177
6 54 794
7 70 271
7 217 975
8 200 77
9 221 462
9 300 301
10 181 210
10 466 358
10 469 838
10 41 868
10 410 359
10 40 991
11 91 830
11 39 410
11 380 938
11 521 466
12 334 310
12 6 75
12 417 678
13 230 989
14 496 895
15 416 387
15 440 316
16 464 740
17 565 706
18 475 436
19 573 900
20 530 610
20 517 105
20 214 816
21 410 224
21 595 973
22 316 667
23 13 753
23 391 605
24 395 185
25 521 934
26 530 951
27 514 353
28 169 430
29 313 319
30 205 739
31 185 600
31 116 849
32 51 399
33 416 877
33 166 634
34 26 23
35 280 22
35 562 227
35 395 574
36 204 420
36 524 289
36 95 891
36 504 10
37 203 216
37 297 484
38 49 51
38 597 159
38 266 4
39 294 539
40 35 331
40 460 684
41 96 880
41 397 1
41 565 216
41 396 774
42 360 47
43 148 244
44 173 51
45 424 364
45 441 905
46 303 814
46 515 66
47 451 845
47 541 58
47 416 96
48 274 207
49 327 907
50 115 435
50 535 763
50 547 203
50 275 611
50 61 386
50 145 952
50 236 32
51 432 447
51 556 574
51 582 357
52 472 173
52 169 954
53 361 860
54 18 381
55 422 245
55 545 773
56 524 558
57 439 2
57 303 222
58 371 170
59 377 200
59 331 518
59 83 792
60 417 711
61 264 122
61 587 840
61 285 337
62 437 691
62 112 840
62 200 38
63 421 902
63 379 821
63 552 495
64 450 809
64 366 673
64 25 17
65 476 567
66 3 327
67 320 146
67 579 816
68 475 28
68 290 304
68 163 236
68 379 511
69 128 372
70 382 699
71 23 733
72 64 603
73 128 670
74 590 529
74 395 255
74 126 423
75 318 822
75 437 592
76 27 665
76 63 749
76 404 504
76 256 405
76 364 709
77 443 148
77 223 985
78 478 269
79 419 401
79 4 229
79 147 520
80 318 984
80 530 614
81 64 267
81 141 794
82 408 828
83 117 343
84 26 824
85 536 406
85 472 473
85 220 599
86 338 243
87 5 602
88 231 124
88 491 201
88 42 215
88 594 972
88 422 838
88 183 879
88 445 576
88 264 649
88 392 15
88 515 65
88 548 543
88 346 158
88 247 449
89 327 652
89 373 294
90 21 705
90 444 748
90 27 140
91 180 741
91 161 595
91 36 681
92 210 627
92 130 160
93 303 45
93 496 259
93 441 787
93 82 659
93 570 978
93 432 943
94 360 641
94 83 482
95 109 144
96 528 934
96 380 867
97 109 368
98 496 895
99 85 570
100 184 450
101 261 858
102 10 617
102 361 434
102 378 140
103 580 190
103 581 827
104 196 288
105 400 160
105 441 161
105 407 873
106 380 49
107 372 495
107 448 861
108 246 304
108 405 607
108 31 925
108 156 457
109 114 74
109 206 295
109 281 834
110 40 504
110 259 352
110 6 693
111 509 318
112 408 797
113 463 332
113 218 286
114 526 541
115 10 194
116 383 476
116 522 829
116 209 744
116 334 305
116 347 437
116 315 514
117 230 14
118 279 300
118 184 808
118 349 211
119 367 314
119 409 145
120 339 83
120 109 886
120 596 591
120 548 147
121 425 667
121 293 566
121 469 369
121 499 222
122 479 219
122 16 480
123 62 836
124 422 483
124 36 713
125 85 617
126 17 677
126 380 929
127 153 768
127 200 701
128 251 407
128 426 451
128 403 922
129 569 557
129 402 340
130 597 124
130 231 202
131 61 641
131 64 651
131 194 125
132 397 77
133 558 604
133 479 636
133 162 708
134 136 525
134 272 51
134 373 823
134 579 587
134 441 549
134 315 149
134 324 650
135 56 276
135 564 494
135 141 416
136 2 5
137 75 962
138 301 581
138 217 686
139 348 177
139 525 24
139 207 492
139 589 943
139 372 955
139 121 28
140 554 857
140 301 879
141 407 155
142 134 541
143 336 856
144 367 343
145 573 192
145 580 959
145 177 140
146 204 708
146 535 93
146 529 769
147 52 582
147 174 546
147 288 626
147 295 665
147 102 228
148 275 121
149 62 861
149 226 745
150 219 361
150 115 401
151 379 596
151 312 904
151 458 186
151 380 346
151 510 421
151 417 386
151 136 232
151 583 785
152 124 504
152 405 772
152 514 10
152 541 808
153 490 271
154 463 654
154 63 628
155 547 707
156 224 891
156 387 231
156 123 70
157 146 614
157 458 68
157 271 931
158 11 114
159 198 466
159 75 786
160 313 67
160 529 593
161 284 567
162 8 287
163 458 569
163 58 167
164 8 462
165 274 719
165 445 950
166 12 915
167 504 767
168 426 274
168 484 280
169 501 25
169 243 107
169 481 94
170 468 432
170 572 994
171 452 679
171 545 366
171 6 492
171 295 120
172 500 372
173 515 175
174 588 729
174 62 368
175 130 33
176 10 495
177 76 213
177 213 192
178 435 861
178 483 843
178 87 684
178 204 541
179 522 957
180 521 16
180 58 604
180 572 827
180 448 13
181 170 815
181 456 674
182 386 886
182 369 4
182 596 264
182 205 967
182 527 121
182 389 571
183 148 954
183 206 245
184 153 995
185 377 864
186 518 999
186 574 337
186 344 837
186 154 552
187 340 193
187 458 682
188 384 747
188 240 508
189 242 673
189 38 647
190 328 348
191 198 356
191 551 23
192 79 881
193 323 738
193 369 864
193 404 143
194 237 682
194 30 670
195 281 593
196 408 950
196 225 367
197 264 584
198 558 229
198 500 353
199 200 459
200 395 61
200 548 975
201 456 644
202 308 941
203 520 974
203 157 541
204 200 259
204 279 114
204 433 643
204 463 369
204 251 879
204 210 211
204 349 648
204 534 334
204 459 393
205 100 713
206 139 289
206 504 783
206 41 210
206 495 491
206 333 957
206 512 391
206 571 945
207 337 652
208 321 916
209 341 320
210 572 171
210 217 209
211 117 524
212 477 321
213 78 370
213 463 962
214 28 862
215 421 799
216 349 435
217 550 669
218 528 368
218 436 712
219 397 519
219 133 57
219 278 544
220 213 792
220 208 90
220 449 650
221 116 938
221 364 112
222 296 195
223 391 483
223 82 923
223 398 82
224 149 663
225 132 222
225 110 740
226 576 572
226 541 377
226 174 824
227 71 577
228 434 189
228 354 759
228 16 251
228 209 567
228 593 342
228 485 900
228 591 915
229 288 37
229 568 441
230 276 308
230 124 393
230 215 137
230 3 644
230 512 616
231 17 638
232 477 163
232 212 223
233 71 869
234 595 409
234 417 786
235 515 585
235 358 605
236 270 270
237 43 288
238 142 218
238 290 809
239 170 399
240 160 601
240 13 566
241 573 756
241 261 14
242 220 83
242 291 755
242 214 829
243 476 128
243 95 648
243 522 126
244 412 772
245 279 353
245 404 738
245 65 628
246 151 979
247 169 672
247 317 882
247 293 281
247 323 454
247 347 33
247 402 969
248 322 500
249 313 42
250 251 434
250 506 1000
251 436 391
251 486 129
252 560 520
252 16 555
252 441 567
253 445 63
254 499 189
254 488 805
254 73 686
255 232 114
256 100 878
256 125 877
257 437 746
257 247 198
257 23 184
257 514 407
257 5 252
258 260 339
258 262 302
258 406 241
259 485 821
260 406 599
261 60 39
262 228 700
263 534 21
264 584 37
265 103 353
266 415 288
266 142 400
266 7 822
267 186 973
268 592 930
268 429 752
269 530 740
270 362 723
270 35 206
270 418 686
271 71 94
271 501 624
271 252 103
271 143 296
272 557 765
273 358 316
273 168 930
273 359 472
274 279 744
274 302 347
274 364 4
275 82 115
275 129 934
275 495 928
275 277 763
275 17 624
276 450 908
277 264 878
278 130 163
278 453 383
278 17 629
278 78 999
278 400 194
279 182 506
279 543 917
280 466 694
281 298 719
282 12 704
283 199 256
283 258 515
284 18 751
284 481 253
284 102 25
285 496 661
285 368 823
285 6 184
285 123 70
285 246 343
285 319 232
285 431 872
285 166 809
285 458 612
286 287 639
287 575 587
287 204 724
288 366 972
289 229 611
289 512 120
289 347 694
289 315 178
289 67 55
289 293 219
290 153 755
291 42 247
292 450 885
293 550 433
293 125 722
294 76 354
294 2 687
295 301 316
296 149 538
297 463 937
298 68 470
299 228 56
299 424 52
299 511 196
300 540 127
301 26 942
301 447 731
302 165 937
303 554 643
304 244 80
305 419 965
305 403 265
305 339 997
305 92 639
306 124 299
307 65 922
307 529 961
308 13 993
309 54 292
309 247 621
310 81 698
310 396 646
311 365 381
312 97 922
313 77 541
313 536 57
313 59 66
314 250 982
315 565 835
316 20 280
316 188 507
317 406 763
317 349 812
318 346 244
319 583 318
319 485 912
319 439 765
320 363 905
321 139 849
322 580 126
322 174 329
323 532 627
324 423 902
324 174 30
325 574 560
325 177 947
326 90 229
327 187 891
328 359 533
329 140 399
330 535 971
330 565 387
331 46 563
332 216 738
333 13 962
334 374 707
335 590 179
336 296 329
336 515 408
336 231 719
336 64 253
337 404 393
338 216 539
339 509 92
339 540 106
339 81 435
340 286 260
340 497 661
340 101 916
340 470 42
341 34 88
341 388 991
342 223 866
342 259 289
343 16 768
343 546 381
343 595 215
343 492 105
344 276 42
345 543 366
346 482 658
347 373 813
348 260 310
349 286 701
349 474 891
350 134 252
350 547 946
351 403 869
351 540 536
351 379 437
352 426 329
353 405 537
354 49 67
355 165 291
355 466 965
356 166 375
357 407 60
358 324 341
359 136 576
360 426 376
361 267 392
361 489 216
361 280 181
362 115 434
362 14 74
363 300 333
364 186 130
364 60 267
365 287 731
366 344 566
367 40 266
368 394 445
368 235 24
369 278 984
369 118 114
369 209 155
369 526 341
369 91 215
370 125 430
370 197 471
370 365 709
370 494 777
371 87 593
371 84 155
372 514 226
373 224 870
374 445 30
375 553 642
375 472 909
376 351 917
376 453 670
376 472 613
377 83 40
377 82 841
378 233 602
378 397 93
379 475 109
379 327 278
379 534 605
380 339 112
381 426 28
381 386 500
381 275 932
382 322 590
383 485 716
383 435 822
384 118 319
385 193 838
385 77 622
385 489 13
386 593 481
386 332 460
387 533 356
388 35 79
388 159 309
388 54 527
388 571 169
388 531 650
389 347 610
390 546 893
391 437 157
391 502 822
392 363 364
392 477 509
392 55 359
392 136 881
392 259 366
392 568 522
392 175 888
393 418 927
394 574 130
394 312 413
395 510 770
396 44 664
397 412 42
397 458 117
398 105 941
399 13 640
400 545 842
401 219 417
402 292 134
402 302 82
403 491 229
403 106 729
404 437 12
404 386 399
405 198 772
405 155 553
405 282 805
405 153 42
406 151 36
407 398 249
407 548 85
407 154 268
408 132 949
409 541 315
409 193 624
409 518 620
410 33 496
410 203 630
411 594 928
411 225 529
411 220 47
411 8 244
412 583 870
412 424 255
412 43 343
412 47 819
413 330 129
414 22 719
415 506 839
415 82 666
416 256 587
416 3 197
417 196 669
418 494 189
418 402 46
418 230 928
419 219 254
419 141 141
419 191 991
419 324 431
420 305 50
421 548 734
421 331 202
422 294 597
422 225 657
422 500 165
423 380 625
424 325 238
424 410 915
424 508 283
425 180 100
426 295 532
426 41 999
426 35 482
427 60 732
427 129 235
427 464 638
427 369 154
428 390 163
429 126 878
429 110 586
429 168 38
430 17 919
431 264 683
432 569 214
432 389 271
433 537 386
433 85 798
433 263 58
433 401 56
433 598 882
433 378 903
434 170 421
434 172 115
435 298 225
436 27 28
436 232 907
436 217 353
436 238 903
437 487 117
437 308 422
438 211 993
438 376 123
438 151 970
439 438 652
440 491 468
440 338 648
441 425 140
442 533 201
443 509 72
443 311 610
444 101 764
445 309 170
446 336 875
447 115 721
448 294 393
449 465 761
449 470 1
450 357 708
450 289 975
450 343 875
450 256 109
450 412 405
451 490 847
451 157 51
452 154 554
452 17 279
453 434 434
454 507 47
454 529 107
454 374 114
455 389 636
456 548 37
456 51 872
457 64 88
457 428 121
458 3 288
459 160 183
460 471 628
460 268 804
460 228 390
461 586 694
462 270 370
463 267 409
464 96 71
464 67 215
464 385 375
464 370 165
465 230 374
465 273 875
465 40 951
466 296 962
466 163 734
466 254 233
467 203 122
467 180 445
468 503 617
469 185 44
470 11 313
470 459 157
470 551 547
471 577 224
472 425 320
473 419 795
474 251 429
474 507 947
474 116 616
474 348 604
475 101 619
476 215 550
476 200 796
477 245 496
478 306 275
478 359 332
479 159 155
479 237 918
479 525 515
480 511 404
480 461 716
481 43 902
482 53 911
483 72 253
484 178 524
485 240 764
486 327 926
486 290 275
486 141 620
487 24 228
488 558 275
489 520 456
490 191 557
491 147 492
492 381 934
493 241 601
494 498 129
494 585 274
495 332 719
496 542 96
497 555 577
498 223 67
498 163 366
499 247 142
499 97 47
500 588 580
501 247 877
502 506 928
503 502 205
503 369 451
504 115 776
504 505 624
505 436 284
505 7 310
506 490 785
506 583 76
506 156 843
506 95 876
506 505 362
506 394 976
507 269 694
507 501 876
508 524 513
509 96 381
510 573 235
510 55 737
510 455 101
510 386 653
511 213 848
512 401 477
513 540 621
513 317 351
513 145 443
513 20 557
514 116 355
515 367 690
516 551 294
517 570 886
517 128 116
518 189 363
519 349 181
520 72 473
521 304 221
521 409 627
521 94 772
521 152 364
522 582 218
522 186 546
522 168 87
523 482 786
523 416 458
523 24 884
524 274 139
525 557 644
526 439 155
527 179 808
527 6 417
528 415 715
529 235 772
530 330 508
530 329 135
531 57 984
532 219 675
533 256 829
534 116 319
534 244 202
534 241 839
534 480 61
535 477 237
535 457 809
536 23 825
536 374 513
536 313 413
536 590 572
537 50 471
537 357 853
537 70 478
537 104 190
537 393 642
538 448 177
539 459 751
539 139 968
540 2 913
541 132 774
542 417 764
542 224 855
542 454 602
543 207 474
544 594 831
545 250 16
545 74 64
546 213 215
546 106 236
547 392 1000
547 314 702
548 219 763
548 473 898
548 420 476
548 341 302
549 151 752
550 595 260
551 173 757
551 176 88
552 50 870
552 503 210
553 85 977
554 237 637
554 47 638
555 140 772
556 214 204
557 115 820
557 224 155
558 270 170
558 596 699
559 587 236
559 54 119
559 175 18
560 243 250
560 250 659
561 329 237
562 551 698
562 265 632
563 559 631
564 82 208
564 237 774
565 464 931
566 499 365
566 391 308
566 128 918
567 103 532
568 436 551
569 381 933
569 271 983
570 174 213
570 442 52
570 403 221
570 122 270
571 42 138
572 277 328
573 150 371
573 374 338
573 292 682
573 534 482
574 293 965
575 424 921
576 196 930
577 117 434
578 349 779
579 252 687
580 329 925
581 568 496
581 243 847
581 524 172
581 498 354
582 191 267
582 414 925
583 441 323
583 207 967
583 569 820
584 468 780
585 577 339
586 48 278
586 450 193
586 179 898
587 30 529
587 466 235
587 116 663
588 454 21
589 443 158
590 358 654
591 243 13
592 447 421
592 95 659
593 441 950
593 185 837
594 511 129
594 110 681
594 442 605
594 213 116
595 533 887
596 281 192
597 126 368
598 146 975
599 261 407
600 509 577
601 56 102
602 174 915
603 333 153
604 58 534
605 243 389
605 453 459
606 422 595
607 264 759
608 438 372
609 103 636
609 63 847
610 133 269
611 167 618
612 172 174
613 307 542
614 231 91
614 357 514
614 323 377
615 541 941
616 286 900
617 173 212
617 586 635
617 449 675
618 592 517
618 64 920
619 584 366
619 538 429
619 40 854
620 178 485
620 484 53
621 469 659
621 428 97
622 198 367
622 527 158
623 283 360
624 245 582
625 252 831
625 221 723
625 504 253
625 147 456
626 503 791
626 154 524
627 234 121
628 213 514
629 150 970
629 398 664
629 207 909
629 94 927
630 536 381
631 253 696
632 286 888
632 376 860
633 477 449
634 536 517
635 227 504
636 105 94
637 260 700
638 362 631
639 123 37
639 448 498
640 92 792
641 234 542
641 157 575
642 588 825
643 288 141
644 515 359
644 211 904
644 388 974
644 152 286
644 372 939
644 383 78
645 459 451
645 346 226
645 405 784
645 321 804
646 438 840
646 268 446
646 585 296
647 206 666
648 581 975
649 326 858
650 255 235
651 559 813
651 432 570
651 542 951
651 74 366
651 60 909
652 313 750
652 128 832
653 533 763
654 177 739
655 275 97
655 575 617
656 461 5
656 347 752
656 245 340
657 325 979
657 203 265
657 463 946
658 396 100
658 581 135
659 542 45
659 16 320
659 239 277
660 358 583
661 214 156
661 180 914
662 410 907
663 158 724
664 33 498
665 455 606
666 46 425
666 432 352
666 117 16
667 1 645
668 560 197
669 304 548
670 591 509
670 38 625
671 15 462
672 596 823
672 313 540
672 457 500
673 440 529
674 94 12
675 361 656
676 51 54
676 546 762
677 548 930
677 386 725
678 473 882
678 175 682
679 430 982
679 526 555
679 81 591
679 174 343
680 149 280
680 136 993
681 126 355
681 580 365
681 445 573
681 398 156
682 449 214
682 234 299
683 131 935
684 337 443
685 233 653
685 17 746
685 560 5
685 370 377
686 523 502
687 406 631
687 433 309
688 558 646
689 452 281
690 426 706
690 116 514
690 507 723
690 374 372
690 417 410
690 124 282
691 321 554
691 378 573
692 142 591
693 372 963
693 422 850
694 513 183
694 453 563
695 428 349
696 2 959
697 227 406
698 289 864
699 295 63
699 559 484
700 31 662
700 277 823
701 291 50
702 552 425
702 507 423
702 253 519
703 535 515
704 131 777
705 281 369
706 109 54
707 117 334
707 85 146
707 500 278
708 46 367
709 76 832
709 75 420
710 131 825
711 272 109
711 177 985
712 302 559
713 487 494
714 110 818
714 378 530
714 451 317
714 32 263
715 254 515
716 191 531
717 143 920
717 421 363
718 195 632
719 328 540
720 34 673
721 559 598
722 179 118
722 73 539
722 220 256
723 461 897
724 540 334
725 223 690
725 427 988
725 137 38
725 113 439
726 251 195
727 153 621
727 166 260
727 108 871
728 59 99
729 27 525
730 578 293
731 468 559
732 111 630
732 427 996
733 97 909
734 244 468
735 219 194
736 438 159
736 575 561
736 396 606
736 347 287
736 379 102
737 81 132
738 121 645
739 416 747
740 522 861
740 149 6
740 446 939
741 156 320
742 479 880
743 422 31
743 54 378
743 388 331
743 466 613
744 196 406
745 372 211
746 84 481
747 259 510
748 263 339
748 141 478
748 555 119
748 417 643
748 451 865
749 395 564
750 21 331
751 386 873
751 21 540
751 519 401
751 536 127
751 524 32
751 310 111
751 244 465
751 546 96
751 227 863
752 597 801
752 407 239
753 458 82
753 570 793
753 380 129
753 370 571
754 261 193
755 238 462
755 194 933
756 188 932
757 532 736
758 64 448
758 537 897
758 242 466
758 513 809
759 71 7
760 423 920
761 508 447
761 476 789
762 148 185
762 279 454
763 533 238
763 583 714
764 351 799
765 159 167
765 431 787
766 473 977
767 304 242
767 548 785
767 303 165
768 143 873
769 558 647
769 150 949
769 383 298
770 542 252
770 300 923
770 241 291
771 259 219
772 516 16
773 511 970
773 426 748
774 279 178
774 245 956
775 416 27
776 519 198
777 94 175
777 444 661
777 234 907
777 288 997
777 65 314
778 465 146
778 30 266
779 222 786
780 247 674
781 128 421
781 492 94
782 400 332
783 47 455
783 565 290
784 545 146
785 235 855
786 39 636
787 352 412
788 433 472
788 124 38
788 351 455
789 18 417
789 249 860
790 269 590
790 51 52
791 395 553
791 177 445
792 423 707
792 504 945
793 312 675
794 550 138
795 512 723
796 504 776
797 223 888
798 477 179
798 125 470
799 542 496
800 456 998
801 227 395
801 421 454
802 323 273
802 586 74
802 149 95
802 454 964
802 415 447
803 441 482
804 70 493
805 36 760
805 455 163
805 532 385
806 513 651
807 130 795
808 10 445
808 362 270
808 301 130
809 395 221
810 80 400
810 350 902
811 425 473
812 125 720
813 281 331
813 512 124
813 177 888
814 585 235
815 416 790
816 485 622
817 21 416
817 449 160
818 289 329
818 108 618
819 352 67
819 475 899
819 462 791
820 93 79
820 332 432
820 473 367
820 453 860
821 252 61
821 564 26
822 218 886
823 108 704
824 510 9
824 295 720
824 405 900
825 127 998
825 163 235
826 141 360
827 314 931
828 14 78
828 185 269
828 373 252
828 539 714
828 396 451
829 81 223
830 126 33
830 82 104
830 399 376
830 280 454
830 94 28
831 252 45
832 214 967
833 404 48
834 153 569
835 131 536
835 298 355
836 145 654
836 228 482
837 466 103
837 220 389
837 384 859
837 402 634
838 6 631
839 545 203
839 132 546
840 554 986
841 151 3
841 100 961
842 21 336
842 30 858
843 401 997
844 564 679
844 484 71
844 476 15
844 95 255
845 402 677
846 553 796
846 170 76
846 90 774
846 58 987
846 1 766
847 417 62
848 402 598
848 548 2
849 359 220
849 45 833
849 394 709
849 550 838
849 121 541
850 35 901
851 389 587
851 144 219
852 112 585
852 172 950
852 353 865
853 235 799
853 584 505
854 459 780
854 440 945
855 382 786
856 402 990
857 565 285
857 79 511
858 191 522
859 417 54
859 443 25
860 564 559
861 435 427
861 528 485
862 396 160
863 379 801
864 35 441
864 313 450
864 494 56
865 67 124
866 408 701
866 270 844
867 583 389
867 464 811
868 336 126
869 317 942
870 394 921
871 168 359
871 38 328
872 169 695
873 164 749
873 128 435
874 491 655
874 575 940
874 249 812
874 439 144
875 460 615
876 364 974
877 251 339
878 504 7
879 146 225
880 525 994
880 542 333
880 142 867
880 249 152
881 473 158
882 98 489
883 31 558
884 125 208
885 211 895
885 349 309
886 178 394
887 243 934
888 335 56
889 51 341
889 585 386
889 368 646
889 411 843
889 274 358
890 547 364
891 54 827
892 308 851
893 267 690
894 330 26
894 362 968
895 201 487
896 201 916
897 169 582
897 181 84
897 33 236
897 482 903
898 575 341
898 579 866
898 37 791
899 13 631
899 399 823
900 503 317
900 466 149
901 106 246
902 60 728
903 532 13
904 68 122
904 507 6
905 136 991
905 597 173
906 126 787
907 420 30
908 567 551
909 501 743
910 130 953
910 261 37
910 97 647
911 447 109
912 56 462
913 214 776
914 69 358
914 523 901
915 217 951
915 426 618
915 122 317
916 547 592
917 441 424
917 323 72
918 156 912
919 266 670
920 147 477
921 305 233
922 322 274
922 150 807
922 328 170
922 141 628
923 492 475
924 285 727
924 489 346
924 55 493
924 321 349
925 520 587
925 220 355
926 443 749
926 221 181
927 329 908
928 253 861
928 279 230
928 129 725
928 350 906
928 231 813
929 8 826
929 536 768
930 587 359
930 121 493
930 190 14
930 87 769
931 12 313
931 445 588
931 505 803
931 477 960
931 436 157
932 236 451
933 456 100
933 23 249
933 82 927
934 299 422
935 575 320
936 572 699
937 505 872
937 432 424
938 552 410
938 456 649
938 153 24
938 468 281
938 493 516
939 584 881
940 358 274
941 362 883
941 535 246
942 462 442
943 279 438
944 597 429
945 426 990
945 184 670
946 5 668
946 82 82
946 318 46
946 564 511
946 470 374
946 397 271
947 520 210
947 50 831
947 259 617
947 262 862
947 474 233
947 575 303
947 20 139
947 481 429
948 249 392
949 98 391
949 34 841
950 503 697
950 307 987
950 430 442
951 43 304
951 550 230
952 583 469
953 62 463
954 286 149
955 438 355
955 340 785
955 374 718
956 17 259
956 480 389
956 267 335
956 261 46
956 414 426
957 366 653
958 397 696
958 506 197
959 4 800
959 339 851
960 274 791
961 60 530
961 346 961
962 490 946
963 573 956
963 54 262
964 97 372
965 188 129
965 169 734
966 15 593
966 23 368
966 42 596
967 35 609
968 148 21
968 442 103
969 345 234
969 302 886
969 266 470
969 329 750
970 491 292
970 280 734
971 546 400
972 51 971
973 392 972
973 63 448
974 386 915
974 580 240
975 200 939
976 345 859
977 374 245
978 206 346
978 591 615
979 205 228
980 309 576
980 56 681
980 79 375
980 331 913
981 471 697
982 502 844
982 487 163
983 520 498
984 43 349
984 571 186
984 536 583
985 450 332
985 373 794
986 529 756
987 554 141
987 165 943
987 68 56
987 546 994
988 272 198
989 39 117
990 257 91
990 394 466
991 383 449
991 389 377
991 543 698
991 500 436
991 504 472
992 521 663
993 37 203
993 184 917
993 90 478
994 592 784
994 431 426
995 557 254
996 106 569
996 587 223
996 263 414
997 523 95
998 1 273
998 176 930
999 443 303
1000 17 38
1001 191 648
1002 591 884
1003 228 593
1003 302 339
1003 319 373
1004 434 164
1005 206 81
1006 307 651
1006 162 546
1006 347 871
1007 149 642
1007 124 913
1008 446 530
1009 476 228
1009 482 120
1010 194 241
1010 359 18
1010 301 892
1011 591 616
1012 542 817
1013 503 327
1013 512 88
1013 443 294
1013 335 299
1013 167 233
1013 513 917
1014 194 494
1015 231 300
1015 314 674
1015 508 358
1015 398 857
1016 360 160
1017 304 639
1018 156 958
1018 152 349
1019 71 608
1019 290 813
1020 18 697
1020 78 928
1021 166 521
1022 32 307
1023 414 813
1024 529 678
1024 165 409
1024 318 146
1025 453 775
1026 381 514
1027 106 167
1028 434 639
1029 345 111
1029 195 406
1029 363 354
1030 39 695
1030 36 388
1030 236 249
1031 577 196
1031 187 887
1032 336 610
1032 97 762
1033 441 199
1034 574 2
1034 26 501
1034 550 148
1035 424 132
1035 509 276
1035 214 429
1035 532 565
1035 304 657
1036 500 373
1037 109 943
1038 133 268
1039 404 953
1039 159 16
1039 358 425
1040 174 743
1041 271 155
1041 374 13
1042 339 990
1042 513 127
1043 148 9
1043 338 281
1043 370 694
1043 551 631
1044 273 383
1044 507 808
1044 260 295
1044 538 547
1044 129 281
1044 438 309
1044 389 230
1045 361 525
1046 561 603
1046 310 738
1046 7 75
1046 13 4
1046 434 738
1046 551 441
1047 191 378
1048 200 487
1048 276 180
1048 348 528
1048 406 572
1049 131 64
1049 42 435
1050 224 646
1050 258 574
1051 378 518
1052 468 911
1053 512 866
1054 387 477
1054 21 316
1055 245 514
1056 397 199
1056 515 44
1056 514 807
1057 297 242
1058 168 238
1058 187 449
1058 54 155
1059 132 832
1059 383 980
1060 540 471
1060 585 617
1061 200 608
1062 483 79
1063 56 564
1064 357 369
1064 247 465
1064 50 272
1064 203 740
1064 216 913
1064 503 943
1065 155 448
1066 216 596
1066 492 590
1066 309 360
1067 325 361
1067 94 921
1068 528 384
1069 301 446
1070 48 522
1071 598 616
1071 263 566
1072 97 47
1072 37 840
1073 108 374
1073 579 243
1074 2 228
1075 94 436
1075 115 595
1075 83 3
1075 558 771
1075 479 635
1075 135 635
1076 590 855
1077 544 573
1078 55 838
1078 169 843
1079 84 464
1080 404 171
1081 311 988
1082 99 717
1083 352 680
1083 43 905
1083 23 150
1083 531 554
1083 449 911
1083 237 337
1083 132 429
1084 570 32
1085 396 439
1086 491 899
1086 321 907
1087 10 49
1087 573 727
1087 545 481
1087 163 119
1088 67 984
1089 142 349
1089 249 485
1090 384 451
1091 229 800
1091 77 221
1092 563 373
1092 50 915
1093 152 617
1094 45 108
1095 468 964
1096 318 937
1096 315 440
1097 219 263
1097 150 518
1097 489 470
1097 353 68
1097 21 854
1097 373 442
1097 17 79
1097 585 972
1097 291 384
1097 120 591
1098 63 106
1099 485 919
1099 545 999
1099 268 722
1100 273 168
1100 338 252
1100 503 633
1101 458 994
1102 446 65
1102 123 430
1103 162 493
1104 15 618
1105 257 470
1106 571 681
1106 317 877
1107 337 692
1107 89 955
1108 412 715
1109 350 698
1109 7 676
1109 409 610
1109 81 532
1109 468 78
1109 598 992
1109 130 638
1110 98 734
1110 102 60
1111 560 278
1112 66 290
1113 249 165
1114 516 386
1115 463 391
1115 330 428
1116 225 901
1117 11 610
1118 554 33
1118 568 595
1119 204 887
1120 409 994
1121 24 668
1122 417 828
1122 364 787
1122 299 717
1123 599 152
1123 123 958
1124 100 928
1124 177 808
1124 253 81
1124 144 578
1125 394 394
1125 547 235
1125 285 410
1126 178 840
1127 340 200
1127 57 897
1127 193 832
1127 342 790
1128 471 786
1129 202 271
1130 102 177
1130 530 797
1130 132 244
1130 530 193
1130 246 154
1130 167 422
1131 396 760
1131 290 444
1131 277 398
1132 480 49
1133 194 724
1134 424 677
1134 283 381
1135 403 632
1135 212 75
1136 437 333
1137 142 426
1138 251 906
1138 156 831
1138 438 68
1139 304 367
1140 99 635
1140 68 50
1140 560 796
1141 346 499
1142 157 28
1142 229 620
1143 281 715
1144 9 935
1145 341 330
1145 364 448
1146 169 802
1147 216 721
1147 465 73
1148 232 299
1148 238 912
1148 409 641
1149 251 264
1149 127 362
1149 36 844
1149 477 465
1150 277 774
1150 382 565
1150 124 647
1150 97 524
1150 368 893
1150 386 982
1150 390 54
1151 84 376
1151 374 619
1151 44 872
1151 557 66
1152 110 71
1152 374 58
1152 170 804
1152 326 97
1152 433 197
1153 577 60
1154 62 881
1155 50 135
1155 113 186
1156 279 56
1156 452 843
1156 70 573
1156 338 526
1156 359 269
1156 45 665
1156 17 726
1157 169 711
1157 102 845
1158 75 93
1159 105 435
1160 476 435
1161 490 576
1162 357 630
1163 498 851
1164 53 391
1165 399 208
1166 291 136
1166 174 13
1167 31 482
1168 147 13
1168 414 402
1169 511 214
1169 115 97
1170 287 529
1171 510 611
1171 61 432
1171 153 98
1172 407 513
1173 257 664
1173 484 945
1173 100 232
1173 82 519
1173 109 36
1173 315 211
1173 469 81
1173 472 297
1174 52 708
1175 335 479
1175 209 869
1175 576 283
1175 276 677
1176 447 3
1177 346 890
1178 397 778
1179 167 752
1179 390 448
1180 545 770
1180 45 202
1180 527 716
1180 224 504
1180 522 754
1180 488 897
1181 356 70
1181 462 280
1182 141 357
1183 449 23
1183 522 505
1184 556 17
1184 502 735
1185 85 780
1185 440 208
1185 542 697
1186 107 597
1186 320 162
1187 168 917
1188 365 955
1189 231 480
1189 207 818
1189 496 236
1190 211 664
1190 487 696
1190 196 705
1191 220 728
1192 378 85
1192 172 938
1192 16 145
1193 597 552
1194 31 7
1194 64 383
1195 84 195
1196 571 214
1196 543 439
1197 365 43
1198 120 231
1198 485 9
1199 65 718
1199 191 328
1199 104 853
1199 116 982
1199 420 205
1199 67 794
1199 143 473
1199 188 1
1200 82 1
1201 210 44
1202 584 534
1203 433 803
1203 75 474
1204 150 309
1205 381 276
1206 599 963
1207 579 976
1207 289 515
1207 5 776
1207 239 892
1207 178 998
1207 441 3
1208 244 578
1209 346 540
1210 367 535
1210 587 937
1210 505 276
1211 174 487
1211 560 162
1212 597 709
1212 367 242
1213 347 21
1214 444 267
1214 219 968
1215 501 744
1216 316 996
1216 263 83
1216 391 199
1216 189 257
1216 7 390
1217 599 388
1218 590 788
1219 374 194
1220 277 33
1221 185 656
1221 496 373
1221 222 922
1221 402 205
1221 450 103
1222 43 41
1223 260 33
1223 53 140
1224 548 669
1224 35 247
1225 449 392
1225 311 62
1226 70 712
1226 118 355
1226 204 165
1227 3 625
1228 411 90
1228 361 41
1228 293 752
1229 234 560
1229 403 898
1230 13 574
1230 424 804
1231 483 300
1232 98 331
1232 278 218
1233 337 743
1233 477 459
1233 78 257
1233 453 43
1234 448 314
1235 51 595
1235 113 229
1235 336 965
1236 139 166
1237 579 688
1238 433 743
1238 464 945
1239 139 249
1239 47 757
1240 261 463
1241 222 124
1242 102 609
1242 322 242
1243 263 669
1244 379 598
1245 100 142
1245 337 401
1246 460 927
1247 221 761
1248 363 859
1249 517 574
1249 400 663
1249 406 713
1249 429 575
1249 290 947
1249 183 293
1250 320 209
1250 502 595
1250 341 341
1251 34 292
1251 23 648
1252 47 231
1252 23 906
1252 410 296
1253 564 153
1254 395 227
1255 261 559
1256 79 552
1256 584 228
1257 169 964
1257 156 115
1258 11 222
1258 212 855
1258 66 644
1258 278 439
1259 10 249
1260 304 120
1261 267 768
1261 385 998
1261 565 555
1261 281 94
1261 356 525
1262 161 413
1262 312 558
1262 305 181
1263 69 488
1264 233 623
1264 186 836
1265 186 558
1266 480 915
1267 442 431
1268 3 623
1269 554 659
1270 156 134
1271 536 617
1271 485 66
1271 374 620
1271 223 361
1272 445 219
1273 370 423
1273 262 54
1273 576 460
1273 404 656
1273 492 883
1273 596 170
1274 379 949
1274 254 225
1274 576 510
1274 14 147
1274 206 509
1274 90 450
1274 267 733
1274 454 85
1275 314 264
1276 203 308
1277 222 568
1277 48 849
1277 586 815
1278 409 706
1278 595 218
1279 104 960
1279 558 281
1280 562 707
1280 400 908
1280 427 667
1281 244 625
1281 190 574
1281 561 982
1282 179 248
1282 355 587
1283 488 701
1284 244 618
1284 599 985
1284 371 40
1284 126 307
1284 487 323
1285 112 442
1285 475 304
1285 389 859
1286 50 823
1286 305 968
1287 463 668
1288 449 417
1289 101 825
1289 343 413
1289 273 45
1289 541 3
1290 272 358
1290 578 730
1291 78 497
1292 499 94
1292 31 838
1293 312 290
1293 346 584
1293 303 692
1294 282 81
1295 560 971
1296 106 266
1296 69 198
1297 443 568
1298 305 273
1299 254 470
1299 424 451
1300 525 121
1301 117 161
1301 329 81
1302 450 232
1302 265 356
1302 356 40
1302 331 865
1303 441 624
1304 77 396
1305 537 561
1306 46 705
1306 136 800
1307 393 435
1308 468 579
1308 26 104
1308 367 406
1308 225 804
1309 364 18
1310 462 709
1310 180 228
1310 319 825
1310 502 9
1310 478 798
1310 180 374
1311 251 620
1312 473 384
1312 258 679
1312 570 994
1312 427 808
1313 32 787
1314 57 489
1315 336 456
1316 356 93
1317 215 295
1318 432 242
1319 217 648
1319 289 680
1320 598 487
1321 245 47
1322 91 157
1322 438 58
1322 73 50
1323 204 591
1324 375 87
1325 267 155
1326 183 130
1326 250 713
1327 148 961
1327 383 462
1328 204 836
1329 81 693
1329 97 692
1330 503 399
1330 402 170
1330 417 273
1331 371 859
1332 312 715
1332 340 634
1333 497 418
1333 315 828
1333 337 162
1333 386 302
1334 486 977
1335 15 662
1335 111 1
1335 110 139
1335 294 794
1335 318 198
1336 256 603
1337 408 327
1338 331 348
1339 546 99
1340 396 88
1340 239 283
1341 95 217
1342 248 197
1343 127 194
1344 472 416
1344 291 64
1345 200 830
1345 374 510
1345 348 30
1346 361 505
1346 130 756
1346 157 797
1346 291 301
1347 374 764
1348 121 196
1348 68 676
1348 438 311
1349 387 930
1349 600 79
1350 463 45
1351 302 657
1352 109 35
1353 259 17
1354 239 223
1354 297 144
1355 35 75
1356 2 332
1357 39 61
1357 121 889
1357 61 199
1358 191 766
1358 368 143
1359 106 337
1359 86 174
1360 418 474
1360 367 406
1360 346 137
1360 356 368
1361 226 575
1361 356 78
1362 415 69
1363 399 962
1363 53 73
1364 288 736
1364 520 195
1364 394 48
1364 576 172
1364 96 509
1365 55 873
1365 27 905
1366 99 15
1366 75 132
1366 557 796
1366 220 832
1366 48 873
1366 182 478
1367 79 158
1368 195 659
1369 70 735
1370 221 763
1371 143 219
1371 538 407
1372 468 850
1373 19 747
1373 126 475
1373 333 320
1374 93 148
1375 321 668
1375 41 872
1375 327 984
1376 528 538
1376 85 302
1377 318 57
1377 92 77
1378 235 151
1379 550 404
1379 476 582
1380 254 93
1380 455 753
1381 262 443
1381 9 712
1382 221 602
1382 350 845
1382 21 564
1382 558 185
1382 343 226
1382 530 740
1383 201 940
1384 367 535
1385 83 580
1386 289 380
1386 134 90
1386 522 449
1386 556 30
1387 494 488
1387 331 514
1388 501 281
1389 64 258
1390 484 848
1391 583 139
1392 120 401
1393 216 621
1394 60 473
1395 484 728
1396 582 938
1397 219 675
1397 529 444
1398 516 718
1398 331 840
1398 269 861
1398 277 797
1398 121 524
1398 20 104
1398 9 251
1398 353 87
1398 65 324
1398 47 500
1398 56 912
1399 42 8
1400 12 10
1400 477 179
1400 415 875
1400 526 841
1400 553 420
1401 502 829
1402 153 340
1402 236 893
1402 512 109
1402 192 616
1402 340 490
1403 78 510
1403 445 640
1404 2 855
1405 96 722
1406 321 705
1406 128 492
1406 267 875
1407 493 12
1408 321 417
1408 374 40
1408 500 343
1409 14 186
1410 486 700
1410 421 474
1410 229 132
1411 101 950
1411 307 310
1411 454 372
1411 308 104
1412 9 318
1412 589 225
1412 260 524
1412 529 32
1412 133 467
1412 404 916
1413 388 114
1414 95 602
1414 221 627
1415 262 359
1415 186 671
1415 594 315
1415 68 914
1415 5 110
1416 277 938
1417 218 934
1418 220 399
1419 398 261
1420 229 47
1420 439 340
1420 73 239
1420 205 514
1420 520 924
1420 329 596
1421 311 856
1421 185 85
1421 154 942
1421 80 611
1421 200 849
1421 271 299
1421 274 793
1421 382 292
1421 78 824
1421 458 365
1421 500 297
1421 69 893
1421 589 840
1422 452 18
1422 354 512
1423 418 1
1423 517 549
1423 46 532
1424 347 373
1424 6 793
1424 331 874
1425 455 382
1425 359 491
1426 248 504
1426 301 307
1427 277 263
1428 555 618
1429 94 319
1430 51 644
1430 233 915
1431 39 191
1431 61 172
1431 598 386
1432 376 270
1433 107 188
1434 361 739
1435 324 748
1436 59 70
1437 321 953
1437 39 278
1437 337 159
1438 54 233
1438 459 442
1438 42 987
1438 412 957
1438 562 795
1439 262 656
1439 184 743
1439 297 143
1440 58 718
1440 416 315
1440 221 977
1440 227 926
1440 533 915
1441 526 802
1441 423 455
1441 219 612
1442 574 145
1443 333 915
1444 9 711
1445 207 418
1445 390 436
1445 497 908
1446 418 652
1447 139 143
1448 484 967
1448 521 837
1449 10 998
1449 577 825
1450 267 888
1451 110 595
1451 455 806
1451 546 925
1452 476 369
1453 318 658
1453 567 642
1453 257 638
1453 12 852
1453 576 1000
1453 156 628
1454 525 987
1455 371 549
1456 338 111
1457 314 258
1458 453 560
1458 562 601
1458 255 831
1459 196 533
1460 179 899
1461 254 73
1462 363 356
1462 469 805
1462 176 83
1463 46 415
1463 529 519
1464 69 3
1464 521 144
1464 34 267
1464 313 800
1464 433 319
1464 497 280
1465 454 103
1466 34 446
1466 488 131
1467 595 41
1467 444 386
1468 362 572
1469 68 922
1469 292 391
1470 336 118
1471 483 405
1471 411 388
1471 70 155
1471 249 503
1472 414 460
1472 183 911
1473 240 94
1474 137 726
1475 547 725
1475 86 117
1476 332 172
1476 394 997
1477 499 560
1478 392 566
1479 389 516
1480 148 957
1480 342 200
1481 84 718
1482 252 269
1483 483 656
1483 454 728
1484 221 789
1484 397 775
1485 167 52
1485 43 715
1486 367 23
1487 57 383
1488 240 343
1488 65 410
1489 51 785
1489 499 451
1489 484 120
1490 342 963
1491 482 10
1491 292 660
1492 228 342
1493 523 302
1494 212 102
1494 517 449
1494 446 335
1494 43 957
1495 243 871
1496 400 792
1497 565 501
1497 210 736
1497 406 208
1497 298 993
1498 22 65
1498 177 423
1499 213 176
1499 148 936
1499 162 656
1500 105 512
1500 368 514
1501 253 420
1502 572 540
1502 120 689
1502 275 745
1502 142 344
1502 446 453
1503 559 253
1503 139 361
1503 41 271
1504 491 729
1505 148 68
1506 51 168
1506 154 828
1506 306 85
1506 50 397
1506 112 913
1507 347 212
1507 268 984
1507 137 540
1507 166 918
1508 197 607
1508 240 848
1508 104 574
1509 19 404
1510 333 149
1510 303 410
1511 326 829
1512 440 878
1512 345 172
1512 458 116
1512 94 419
1513 186 100
1514 438 217
1514 360 849
1515 268 369
1516 378 901
1516 501 942
1517 48 444
1518 535 275
1519 13 230
1519 260 601
1520 103 248
1520 51 496
1520 334 38
1521 108 442
1521 274 179
1521 99 347
1521 114 178
1522 485 257
1522 311 749
1522 456 936
1522 499 937
1523 3 317
1524 138 652
1524 91 125
1524 575 852
1525 23 209
1526 490 842
1526 416 113
1526 46 225
1527 555 989
1527 364 745
1528 595 63
1528 276 38
1528 440 32
1529 399 195
1530 193 253
1530 332 815
1530 408 420
1530 344 427
1531 220 551
