600 1000 50 10 3000
54 50
84 43
96 47
71 57
98 68
69 74
15 57
25 83
90 11
72 47
94 69
91 26
53 59
93 0
0 86
32 6
88 68
49 85
15 73
94 14
41 64
88 56
21 65
92 11
76 64
11 22
33 54
0 38
66 94
90 66
32 75
72 20
43 74
57 59
47 52
73 88
16 13
97 89
78 41
1 6
5 64
29 90
18 29
81 84
75 23
2 59
98 75
32 42
1 89
53 48
93 78
88 61
91 85
51 69
78 4
27 35
68 56
26 38
38 59
23 65
82 25
25 33
52 57
27 53
98 80
1 92
10 90
53 1
27 56
22 6
12 1
41 32
58 19
71 48
30 94
13 65
71 38
98 24
47 77
77 46
9 31
90 19
73 43
72 0
52 94
58 64
95 52
97 5
23 20
5 6
14 71
71 85
61 21
61 9
98 91
55 7
22 45
26 95
40 98
47 44
44 58
61 91
62 10
49 37
30 6
43 96
77 14
81 39
87 95
48 85
86 55
44 60
52 22
7 44
20 6
89 16
64 50
60 78
12 9
16 42
15 59
38 45
26 71
84 13
66 32
51 4
39 95
64 91
18 71
35 90
78 76
59 94
78 19
73 90
80 89
84 47
0 22
92 26
46 76
40 64
60 91
69 51
38 33
42 8
5 30
51 35
58 10
29 37
81 2
79 61
43 64
60 44
86 53
70 84
81 62
49 94
5 18
45 44
3 40
4 8
70 55
95 80
65 25
17 98
79 97
59 75
61 20
71 99
25 93
36 6
56 85
52 13
55 98
57 58
38 14
19 60
69 14
40 87
91 10
85 23
7 45
98 20
17 69
71 94
62 7
52 70
44 5
84 99
55 93
58 93
7 77
5 77
43 45
64 35
7 49
58 14
46 8
86 15
29 10
14 14
19 98
65 74
91 75
19 51
4 24
28 48
21 44
35 29
45 45
95 44
53 34
11 82
44 73
25 65
87 39
31 58
89 97
84 81
24 3
32 29
79 12
29 52
8 64
33 53
9 29
49 14
15 61
48 11
34 25
76 21
17 8
31 6
57 15
39 81
70 23
10 1
53 95
55 87
49 16
68 50
82 83
94 45
8 22
66 25
82 49
83 39
64 23
73 34
46 35
35 34
27 41
81 34
80 82
51 48
33 33
83 44
68 77
90 76
51 8
58 36
25 22
11 98
9 10
86 96
96 13
37 77
47 17
60 50
17 93
36 0
89 4
29 79
80 81
40 85
67 98
21 92
72 85
91 33
95 29
30 91
42 19
68 41
89 80
92 6
25 28
59 15
32 88
94 64
21 34
49 88
84 22
81 9
7 24
42 2
53 24
45 47
44 66
88 85
46 80
43 72
60 2
39 44
43 33
8 16
20 9
5 56
32 38
65 91
14 60
46 19
84 91
66 80
9 54
65 56
87 61
80 99
15 19
44 10
4 52
27 76
62 84
33 46
74 50
37 88
10 35
7 95
79 25
75 88
31 93
96 18
6 76
70 21
47 14
32 4
66 11
80 80
95 65
78 69
16 68
9 26
3 68
73 82
93 1
71 24
46 67
96 17
73 95
31 57
99 49
68 32
82 63
49 60
84 17
28 45
96 32
65 69
66 58
22 37
35 68
57 82
20 53
99 46
0 82
3 52
31 72
36 13
87 85
74 24
55 54
38 35
72 5
94 32
15 51
66 88
56 17
34 57
99 37
61 83
61 97
96 49
34 22
73 89
29 94
92 67
29 17
24 27
64 19
11 31
22 78
71 79
47 5
88 47
95 49
30 8
98 78
57 32
53 82
74 82
77 66
1 58
35 26
85 51
97 49
35 19
27 6
98 74
12 38
73 59
87 55
67 85
86 77
70 91
59 44
62 26
47 50
52 84
1 49
33 36
21 12
43 19
87 7
10 12
18 49
20 85
35 6
14 57
97 74
53 22
62 15
48 61
17 53
54 79
7 75
92 2
47 31
9 57
95 27
6 15
65 93
73 79
2 22
5 55
96 20
71 97
81 88
2 27
59 56
59 19
84 3
21 83
34 83
40 81
62 98
97 27
44 22
59 46
45 16
2 93
88 25
90 70
65 92
49 25
1 8
96 85
11 17
68 97
0 60
79 63
10 28
42 54
50 53
1 47
70 3
41 10
28 83
80 45
76 30
70 77
90 18
14 54
36 34
51 36
94 82
10 94
59 61
99 12
60 21
15 53
32 95
37 12
40 13
94 63
42 37
81 56
91 69
90 94
6 36
77 9
3 51
0 55
63 13
66 8
77 3
21 18
16 67
33 58
4 66
66 95
36 56
44 19
3 85
6 59
88 59
14 4
72 90
86 38
99 64
42 72
34 10
39 19
85 87
91 73
96 33
67 40
52 23
77 11
82 18
22 48
74 46
90 60
36 41
24 30
13 58
41 5
29 14
1 15
1 44
88 49
78 8
42 82
31 71
45 65
89 19
65 63
65 55
24 2
97 0
32 62
11 25
39 20
65 96
94 95
4 36
77 87
8 75
52 49
94 17
13 12
24 89
14 21
89 98
93 15
76 48
8 41
96 3
36 52
91 65
39 99
40 43
1 87
60 14
51 37
3 17
58 44
15 94
97 91
50 90
7 26
90 67
19 87
22 55
91 66
72 31
17 65
74 18
4 87
32 55
24 87
72 34
84 87
81 81
31 83
71 90
61 13
9 80
52 32
87 44
50 59
27 67
76 1
86 80
40 70
35 16
10 7
3 94
47 84
75 78
20 80
63 29
60 16
13 99
60 63
10 87
31 87
40 69
67 33
39 3
62 4
43 61
88 70
91 7
20 11
39 84
41 51
0 54
50 12
18 61
51 1
48 43
70 67
76 61
11 37
34 6
98 23
1 22
33 94
73 85
49 76
49 19
37 0
20 37
44 42
56 72
3 79
50 66
16 85
73 14
56 94
3 58
68 89
4 94
74 53
70 24
24 59
24 96
48 20
38 56
93 42
35 95
8 3
32 33
70 92
87 26
39 91
36 7
80 41
53 6
46 75
30 71
86 7
67 86
79 58
0 78
68 60
34 0
46 4
45 33
82 36
24 19
95 56
12 49
63 10
76 45
81 63
52 1
49 32
59 92
56 11
23 76
23 57
29 69
13 26
55 95
62 31
66 57
88 30
58 51
41 35
96 74
50 1
27 99
85 38
44 93
70 25
76 99
46 41
77 1
36 39
33 55
48 21
85 59
72 78
94 20
5 96
73 32
95 58
71 91
52 72
10 74
97 38
25 44
79 2
45 68
41 78
23 41
51 60
0 75
39 46
96 44
42 21
28 90
72 44
58 21
65 62
85 63
30 78
93 5
71 45
65 72
20 56
70 68
0 13
90 29
55 22
80 88
6 52
32 64
26 67
99 91
29 84
6 11
14 0
9 17
90 80
38 90
45 80
71 0
54 52
40 60
56 73
76 34
92 75
26 21
11 32
84 25
84 52
10 81
85 72
99 75
52 89
18 97
21 41
49 75
45 41
35 54
66 63
88 58
38 66
79 1
99 15
78 35
12 68
80 64
57 98
13 30
92 14
5 37
56 92
91 22
55 32
81 45
98 12
46 49
28 24
85 47
64 2
0 77
70 81
93 79
31 7
9 75
73 66
13 29
58 56
4 13
58 87
49 56
36 29
32 21
77 48
75 77
25 97
10 71
28 94
30 37
69 3
3 34
85 61
91 89
26 79
26 36
18 75
92 55
5 76
28 82
25 56
11 2
53 74
20 3
71 89
59 27
76 44
40 67
33 67
98 11
55 17
38 0
24 95
76 52
29 1
60 41
67 77
0 87
33 71
28 92
50 4
36 91
71 21
10 70
39 22
17 63
18 94
67 47
47 28
40 51
94 7
81 94
46 14
17 27
58 20
31 46
11 55
67 73
42 16
25 60
31 95
6 98
95 53
26 35
5 72
95 86
18 93
52 88
20 10
8 52
56 71
44 36
30 38
4 7
98 35
3 4
33 98
58 12
85 15
36 32
53 55
26 57
43 98
67 51
2 75
22 61
2 18
56 53
39 7
40 94
63 26
44 21
38 30
88 26
14 41
33 92
98 76
91 17
79 93
44 53
23 56
30 32
10 22
91 2
68 54
28 13
76 18
95 16
45 9
58 78
2 8
7 93
78 38
38 22
44 45
73 19
2 3
51 64
77 42
66 46
97 95
13 6
41 69
60 48
14 90
38 53
64 82
98 37
2 52
16 70
0 83
68 49
30 31
74 95
37 67
6 5
19 47
26 31
47 41
21 85
46 37
20 44
75 74
97 68
79 65
90 79
28 78
26 80
22 32
37 93
31 63
4 49
67 50
86 87
47 61
61 96
81 93
61 72
24 62
83 5
92 25
59 18
57 33
2 94
78 85
58 54
15 14
55 83
17 42
22 16
55 84
12 37
29 25
9 53
10 32
69 22
2 79
55 57
73 86
42 83
92 58
50 48
93 67
42 15
83 97
51 47
86 32
86 64
91 48
48 13
70 2
59 65
1 56
12 51
56 57
18 98
24 53
96 28
52 82
60 76
30 98
92 73
47 92
86 17
95 78
95 54
96 59
8 97
68 72
0 24
29 70
23 6
23 71
34 75
5 94
3 35
45 96
9 92
9 35
90 22
71 36
61 4
41 36
10 16
7 96
43 12
91 46
0 36
94 61
80 35
70 34
8 67
63 31
55 38
2 16
11 11
53 76
37 64
86 97
58 57
84 56
69 92
75 84
24 31
74 78
99 69
74 4
26 37
15 31
96 91
28 1
19 12
0 8
29 87
6 87
96 90
95 17
34 71
2 10
54 28
97 67
56 77
7 52
20 35
53 40
99 54
48 28
93 6
67 89
96 63
6 83
86 60
45 40
89 86
5 7
14 62
36 21
14 56
8 68
48 7
74 97
88 19
3 55
60 52
18 18
87 56
79 84
23 46
5 24
42 41
97 57
49 5
77 98
13 3
47 1
22 50
56 34
54 27
52 93
83 31
78 84
3 53
30 14
81 35
90 24
76 88
33 25
93 62
75 6
65 22
59 39
25 68
95 25
25 30
9 55
14 64
8 96
30 41
31 21
65 59
9 50
37 2
12 12
61 77
35 72
40 41
91 87
19 16
18 80
23 84
44 31
81 75
25 64
24 57
93 61
11 5
25 24
35 60
97 3
97 64
80 95
48 56
31 92
87 64
29 67
55 5
24 0
18 36
5 43
60 92
4 9
96 76
47 45
40 24
65 73
71 13
29 2
57 68
67 29
33 96
96 40
1 21
40 19
9 45
38 18
31 86
47 30
83 87
54 48
12 25
13 93
79 70
62 46
99 47
42 48
21 27
66 30
24 81
3 14
51 34
52 98
16 35
35 2
99 48
96 79
71 58
5 20
70 44
67 91
71 34
73 47
62 18
63 14
69 80
2 37
61 54
38 57
33 61
67 58
83 24
68 98
49 91
84 75
39 51
52 53
21 67
67 90
99 21
49 54
11 63
8 49
20 41
62 88
51 45
3 33
32 5
24 16
80 15
19 32
68 40
51 88
83 51
9 84
47 13
73 20
6 35
60 9
81 24
91 36
57 75
41 34
43 21
49 62
5 70
58 38
60 19
74 65
92 74
30 65
94 88
97 34
22 40
16 64
74 12
37 75
74 43
45 29
52 55
27 46
29 19
36 66
99 89
72 48
75 54
94 58
14 68
70 51
96 96
78 98
49 97
62 76
95 91
47 67
54 83
85 5
25 57
54 0
64 95
50 58
79 75
16 75
68 2
13 17
51 75
19 92
14 73
28 0
31 5
9 85
5 25
32 56
84 38
72 63
65 88
90 89
91 68
28 43
43 25
90 14
70 56
8 71
3 70
8 60
95 40
68 31
94 44
81 36
85 36
95 77
4 75
20 48
0 62
14 70
70 54
20 31
25 75
53 85
88 0
26 56
49 78
52 31
15 38
67 62
67 24
37 87
1 38
60 23
93 32
54 70
8 59
8 48
60 34
4 92
42 6
70 47
37 37
37 56
99 4
32 36
43 56
26 96
95 38
19 40
70 26
62 30
85 70
78 45
56 35
89 99
41 12
98 30
49 35
38 49
91 71
37 34
30 74
66 24
27 29
6 65
10 56
72 52
7 65
64 5
95 13
92 85
14 83
69 88
62 21
52 81
97 32
10 3
97 61
40 59
17 64
11 76
29 75
33 76
41 25
62 55
60 70
59 81
58 27
32 73
48 37
54 97
21 16
52 18
77 45
29 47
9 41
23 39
68 9
67 9
34 29
17 47
52 76
80 10
3 13
35 3
2 41
57 5
93 87
50 22
34 59
15 9
50 84
99 10
4 51
14 94
49 49
98 51
43 2
26 52
7 71
39 57
46 25
69 61
35 71
45 5
41 91
10 41
53 14
92 92
99 58
87 0
60 37
4 3
39 30
55 47
54 47
56 0
72 77
13 59
49 59
65 90
50 75
31 3
42 76
48 93
86 35
93 46
72 97
1 11
80 57
10 86
56 67
86 28
44 99
88 45
10 53
36 60
80 19
16 74
47 64
67 34
51 61
32 23
10 34
86 42
43 97
28 99
64 14
27 60
66 67
72 94
89 5
65 57
51 24
60 83
47 22
17 33
65 60
82 93
59 26
58 17
63 95
88 80
52 67
45 77
66 96
1 26
32 0
86 14
62 68
59 25
67 19
16 78
45 27
10 62
42 52
69 40
29 36
36 31
62 20
83 63
70 69
8 78
39 6
57 86
48 57
69 42
9 38
82 39
74 71
22 89
91 57
79 82
49 69
71 11
37 98
17 55
5 38
76 32
5 3
55 79
92 46
89 96
30 61
89 53
85 65
88 22
15 95
70 32
22 51
35 99
54 90
46 1
87 77
14 76
95 67
82 64
56 84
91 31
36 84
82 23
35 36
66 66
85 32
8 73
61 74
13 49
84 5
69 54
3 12
85 91
15 32
3 81
98 41
88 36
74 96
70 62
31 36
11 43
10 48
0 56
67 70
82 96
14 31
16 19
62 66
2 34
98 63
22 20
26 53
8 89
48 18
37 49
74 56
79 5
33 93
37 96
22 53
15 36
71 76
86 74
62 36
37 36
56 15
90 65
5 90
83 94
39 10
51 62
95 82
68 28
75 57
76 49
62 44
85 33
72 23
7 34
59 97
23 15
12 13
32 17
55 16
64 47
9 73
49 77
25 96
73 10
82 45
33 89
32 92
59 51
0 252 753
0 313 954
0 144 515
1 468 2
1 589 643
1 465 422
1 194 254
1 233 26
2 95 730
2 593 371
3 160 290
3 323 578
4 462 767
4 335 421
4 473 643
4 102 804
5 479 830
6 523 417
6 534 589
7 279 373
8 556 220
8 430 875
8 222 587
8 573 772
8 329 456
8 79 53
8 194 641
8 192 736
9 539 614
9 427 953
10 269 608
11 288 89
11 543 423
11 422 725
12 230 66
12 132 387
12 19 858
13 307 735
13 27 904
13 519 397
14 196 515
15 185 801
15 225 344
16 86 398
17 456 417
18 253 539
19 95 558
19 454 296
19 365 248
20 464 179
21 46 348
21 576 126
21 284 711
21 482 877
21 289 590
21 270 880
21 405 246
22 433 474
22 595 340
22 286 798
23 18 175
23 79 868
24 422 741
25 38 550
25 578 101
25 539 445
26 533 624
26 416 983
26 406 510
27 44 938
27 598 463
28 521 681
28 559 581
29 20 82
29 285 364
30 351 988
30 24 518
31 141 405
32 448 888
32 52 283
33 325 763
34 541 752
34 402 957
35 2 170
36 595 397
37 235 480
38 4 160
39 102 70
39 364 281
40 71 337
41 456 975
42 44 880
43 54 346
44 58 207
44 554 318
45 561 529
46 354 243
47 231 988
47 473 76
48 16 620
48 578 233
48 138 177
49 311 178
49 183 72
50 87 758
51 261 490
52 343 757
53 164 154
54 591 376
54 223 984
54 344 660
54 156 671
55 419 381
55 485 632
56 142 140
56 46 106
57 152 104
57 459 911
57 575 201
58 54 584
59 587 495
60 165 646
60 462 562
61 47 275
61 305 668
61 560 207
61 138 52
61 155 906
62 365 404
62 536 370
63 488 878
64 516 852
65 347 539
65 320 481
66 5 228
66 285 2
66 418 641
66 162 154
66 370 726
67 309 805
68 390 344
68 44 895
69 55 582
69 285 856
69 111 92
69 511 513
70 279 660
70 398 931
70 405 243
71 234 535
72 513 553
73 511 332
73 369 310
73 164 372
73 59 115
74 350 124
74 271 210
75 322 897
76 175 749
76 255 394
77 87 146
77 312 812
78 403 675
78 184 408
79 45 730
80 504 87
81 150 22
82 76 673
83 575 486
84 27 383
84 122 874
84 587 597
85 296 402
86 63 355
87 428 68
88 590 207
89 143 345
89 353 71
90 158 271
91 218 498
92 44 56
93 65 401
93 581 181
94 296 306
95 404 222
96 200 91
96 398 74
97 391 197
97 571 339
98 165 435
99 377 359
100 586 852
100 167 971
101 528 640
101 584 638
102 490 693
102 128 747
103 139 446
103 110 17
104 94 383
104 254 84
104 78 622
104 341 551
105 323 464
106 591 925
107 100 539
107 209 404
107 59 771
108 545 178
108 557 318
109 355 273
109 595 579
110 82 858
111 155 287
112 82 535
112 280 714
112 90 908
112 435 412
113 455 178
113 168 692
114 568 275
115 514 15
115 319 967
116 534 867
116 190 899
116 600 981
116 545 600
116 120 668
117 294 998
117 418 687
118 217 189
119 12 110
119 456 572
120 282 968
120 375 86
121 502 676
121 138 637
121 104 328
122 319 806
123 282 885
123 351 477
123 516 388
124 61 559
125 470 392
125 383 199
126 377 890
127 272 133
127 583 165
128 213 478
129 511 914
130 441 817
130 333 576
130 305 373
131 82 281
131 570 68
131 565 575
132 81 205
132 179 660
132 321 993
132 32 132
133 594 213
134 243 935
135 465 998
136 214 625
137 335 408
138 366 560
139 590 43
140 320 471
141 85 241
141 536 632
142 118 876
142 343 758
143 190 718
143 221 828
144 298 998
145 526 44
146 377 544
147 588 841
148 498 505
148 222 633
148 483 938
148 30 299
149 220 6
149 197 500
150 20 690
151 104 853
151 308 242
151 338 891
152 591 675
152 35 491
152 490 638
152 270 469
153 572 665
154 155 82
154 93 245
154 20 876
154 28 469
155 203 462
155 470 544
155 437 23
156 383 582
157 562 976
157 176 929
157 33 849
158 315 231
159 140 56
160 250 628
161 592 156
161 275 167
162 462 898
163 414 693
163 96 803
164 317 561
164 489 280
164 244 865
165 397 146
166 416 334
166 93 918
167 44 391
168 183 104
168 519 50
168 262 908
169 522 728
169 377 237
170 534 403
171 307 617
171 208 307
171 341 571
171 274 662
171 191 560
171 246 152
171 307 929
172 486 232
172 22 946
172 247 547
173 436 384
174 397 493
174 87 880
174 384 358
174 511 117
175 62 711
176 175 387
176 194 816
176 8 108
176 43 310
177 15 642
178 302 818
179 45 963
180 23 132
181 112 761
181 136 985
181 505 42
182 104 308
182 36 561
182 511 810
182 310 524
183 292 877
183 517 309
183 220 559
183 325 875
184 3 943
184 469 569
184 147 464
184 114 948
184 306 893
184 352 464
185 56 811
185 420 796
185 205 182
186 169 266
186 46 835
187 139 317
188 252 244
188 166 944
188 30 795
189 265 671
190 223 584
191 88 146
191 224 220
192 243 997
192 46 959
193 550 603
194 461 882
195 59 373
196 562 621
197 383 928
197 460 353
197 399 435
198 390 623
198 94 205
198 578 702
198 302 939
199 121 26
199 233 647
200 84 146
201 251 67
202 445 781
202 45 559
203 558 410
204 419 377
204 318 14
205 334 986
206 460 570
207 70 744
207 306 387
208 16 404
208 550 171
209 6 535
209 123 710
209 527 387
209 135 957
210 562 625
211 392 799
212 538 122
212 210 435
212 560 183
212 127 217
212 9 413
213 448 49
213 296 263
214 372 656
215 532 860
215 314 578
215 291 158
215 64 218
216 66 222
217 206 387
218 316 58
218 206 641
219 586 480
219 154 913
219 144 520
219 541 935
220 133 364
221 362 598
221 143 717
221 426 526
222 355 969
222 67 128
223 394 57
224 395 549
224 220 516
224 439 938
225 529 902
225 342 169
225 131 519
226 357 762
226 285 192
227 556 255
227 300 119
227 444 413
227 45 765
227 86 262
228 567 392
228 554 575
228 333 882
228 457 147
229 223 604
230 102 153
230 594 128
230 542 656
231 559 102
231 487 310
232 412 642
233 544 29
234 73 759
235 460 818
236 297 171
236 25 90
237 382 588
237 488 393
237 14 706
237 338 948
237 186 594
238 438 180
238 58 868
239 267 570
239 504 293
239 124 86
239 526 218
240 565 191
241 498 486
241 114 902
242 391 16
242 390 583
242 534 843
243 227 479
243 318 35
244 321 361
244 543 895
245 86 711
245 161 91
246 242 605
247 212 624
248 423 593
248 589 655
249 496 876
249 524 284
249 154 128
250 54 445
250 569 657
250 194 535
251 192 583
251 186 344
252 243 527
252 138 226
252 223 706
252 157 227
253 357 388
253 77 108
253 345 598
253 127 751
254 89 96
254 276 451
255 341 561
256 470 482
256 18 988
256 132 66
256 377 447
257 158 592
257 302 752
258 412 336
259 540 239
260 52 403
260 257 783
260 582 646
260 511 161
261 236 784
262 26 167
262 265 640
263 396 284
264 368 705
264 478 821
264 287 811
265 590 518
266 74 703
267 231 558
268 313 852
269 464 690
269 473 587
270 106 560
271 323 180
271 259 649
272 502 408
273 51 467
274 458 320
274 25 932
275 39 211
276 241 313
276 224 683
277 572 7
278 391 424
279 142 928
279 153 832
279 44 127
279 111 793
280 199 265
280 439 172
281 78 963
281 484 395
281 582 138
281 413 186
282 533 427
283 261 720
284 342 958
284 165 172
284 573 774
284 267 792
285 102 17
285 47 706
285 512 709
285 430 122
286 308 741
286 531 543
287 271 951
288 530 494
289 478 438
289 341 993
289 386 505
289 410 154
289 456 118
290 323 43
291 598 530
291 256 917
291 319 750
292 123 374
292 294 322
293 211 422
293 63 698
294 378 530
295 252 757
295 156 112
295 271 245
295 586 74
296 322 624
297 592 142
297 546 321
297 598 319
298 582 205
299 423 823
299 124 826
300 173 612
301 596 867
302 501 154
303 165 125
304 87 598
304 145 362
304 332 810
305 203 128
306 573 761
306 20 235
307 188 810
307 393 751
308 1 615
309 431 179
309 367 728
309 320 224
310 452 737
311 1 709
311 357 977
312 48 510
312 352 332
313 251 555
314 84 881
314 506 245
314 280 23
314 207 73
314 354 320
314 38 99
315 351 477
316 212 36
316 321 413
316 93 865
317 288 869
317 213 647
318 563 814
318 295 889
318 33 855
319 1 572
320 55 576
321 559 132
322 320 153
322 442 607
322 45 430
322 370 891
322 475 129
322 72 624
322 219 859
323 353 864
323 59 139
324 45 340
324 142 255
324 367 638
324 452 743
325 337 470
326 600 471
326 14 767
327 238 230
328 57 131
329 305 719
329 485 31
330 204 687
331 76 911
331 263 203
331 444 937
332 141 709
333 16 466
333 521 58
333 311 875
333 473 911
334 584 848
335 269 967
336 60 712
337 272 592
338 595 639
339 325 123
340 411 49
340 76 240
340 76 580
341 170 286
341 127 620
342 147 138
343 324 870
343 165 838
344 269 302
345 253 127
346 36 208
347 476 56
347 4 580
348 243 884
348 161 272
349 253 423
349 256 24
349 481 46
350 430 937
350 368 966
351 351 578
352 308 155
352 317 392
353 373 359
354 598 749
355 409 956
356 395 505
357 598 416
357 183 320
357 78 520
357 229 72
357 375 221
357 538 696
357 281 534
358 190 950
358 519 458
359 504 453
359 509 878
360 555 616
360 275 834
361 238 307
361 564 9
361 267 545
361 295 723
362 472 161
362 190 152
363 548 997
364 209 612
364 334 596
364 232 284
365 490 136
365 157 175
366 405 136
367 549 395
368 446 335
369 403 626
369 562 384
369 273 788
369 84 293
370 1 343
371 71 280
371 68 161
372 415 263
373 3 635
374 467 627
374 43 56
374 9 278
374 393 690
374 211 557
375 322 432
376 37 233
376 543 786
377 490 967
378 267 143
378 353 260
379 276 610
380 228 996
381 174 742
381 370 378
381 47 144
382 513 834
382 483 511
382 317 58
383 278 601
384 165 993
385 473 223
385 360 845
385 504 551
385 337 1
385 79 706
386 43 924
387 393 19
387 225 830
387 8 596
387 82 65
388 261 490
388 379 900
388 382 232
388 243 841
388 552 127
389 119 922
390 70 309
390 369 122
391 198 516
391 151 224
391 439 819
391 47 635
392 362 89
393 16 744
393 223 730
394 347 115
395 493 871
395 296 753
396 517 431
396 44 401
396 99 917
397 312 467
397 335 300
397 75 361
398 465 532
398 110 636
399 94 524
399 551 116
399 244 472
400 386 992
400 326 870
400 533 520
401 212 775
402 125 805
402 235 909
403 401 142
403 472 89
404 548 923
404 347 154
405 410 295
406 583 986
406 487 501
407 281 812
407 400 18
407 216 254
407 259 419
407 74 5
408 287 71
408 298 567
409 306 943
410 172 92
410 302 264
410 161 252
411 324 986
411 457 39
412 147 463
413 383 606
414 226 169
415 113 395
416 489 423
416 165 5
416 307 229
417 379 473
418 281 457
419 151 296
420 276 390
421 257 832
422 217 133
422 150 43
423 478 682
424 565 720
425 76 551
426 375 301
426 163 291
426 444 200
427 188 335
427 222 310
427 59 327
427 256 446
428 515 234
429 335 220
430 200 608
431 220 155
431 528 850
431 537 503
431 387 801
432 30 876
433 215 839
434 600 773
435 511 869
436 173 955
436 194 78
437 559 305
437 97 852
438 593 965
438 75 589
438 23 639
438 596 206
439 566 752
439 32 886
440 413 810
440 249 358
440 358 14
441 235 658
442 263 502
442 38 123
442 485 1000
443 585 994
443 243 851
444 190 566
444 35 892
445 371 608
445 453 393
445 61 825
446 208 49
447 477 839
447 255 820
448 157 838
448 437 940
449 495 364
449 583 526
450 405 358
451 366 375
452 125 803
452 295 78
453 564 633
454 558 112
454 393 54
455 303 965
455 452 654
455 265 720
456 115 732
457 122 259
457 181 340
457 474 111
457 172 869
457 330 872
457 443 299
458 343 615
458 253 786
459 264 431
459 18 876
459 6 640
459 539 240
459 301 442
460 565 99
461 341 460
461 114 543
461 18 433
462 186 565
463 478 55
463 452 579
464 351 833
465 233 13
466 144 889
467 478 730
467 180 26
467 476 390
468 146 939
469 110 115
470 136 284
471 184 450
471 298 152
471 275 432
471 53 236
471 65 682
471 126 647
471 236 312
472 272 711
473 359 722
474 523 158
474 463 960
475 212 385
476 416 228
476 487 136
477 424 880
477 36 346
478 467 670
479 301 274
480 522 903
481 219 540
482 562 392
483 517 351
483 268 420
483 199 614
484 527 119
485 536 757
485 492 265
486 20 475
486 190 642
487 242 260
487 517 397
488 345 764
488 129 852
488 578 132
489 181 532
489 319 775
489 468 268
489 9 11
490 174 749
490 309 13
491 125 179
491 146 585
492 138 335
492 92 503
492 477 876
493 373 795
493 517 147
493 219 950
493 293 676
494 224 491
495 257 981
496 402 730
497 296 894
498 190 761
499 453 434
499 206 42
499 205 154
500 320 894
501 453 726
501 242 14
502 22 931
502 423 685
503 89 14
504 317 922
504 421 93
505 248 572
506 47 631
507 582 814
508 213 420
509 470 820
510 323 29
510 111 708
511 305 684
511 547 910
511 82 414
512 348 293
513 162 686
513 96 449
514 29 855
514 142 904
514 508 663
514 315 411
515 564 175
516 45 669
517 437 274
518 342 806
519 505 260
520 143 208
520 312 175
520 120 3
521 573 906
522 416 213
522 8 376
523 271 837
523 500 190
524 372 758
524 337 248
524 125 752
524 560 29
525 397 284
526 56 146
527 215 906
528 206 29
528 586 192
529 56 561
530 160 217
531 528 867
532 594 681
533 116 920
534 576 700
535 475 935
536 297 782
537 577 963
537 291 282
537 277 409
538 92 809
539 392 582
540 230 729
540 61 131
540 87 910
540 582 986
540 246 592
541 158 479
541 344 5
542 573 151
542 114 196
543 308 2
544 41 47
544 532 16
545 201 719
545 383 879
546 1 283
546 69 5
547 512 983
548 137 60
548 230 947
548 383 271
548 459 7
549 592 201
550 427 274
551 3 526
551 103 494
552 346 393
553 213 151
553 150 514
554 180 847
554 598 145
554 441 643
555 573 419
555 328 992
555 185 374
556 237 576
556 392 494
557 525 359
558 143 744
559 292 541
560 78 892
561 309 801
561 532 308
562 384 549
562 301 773
562 343 416
562 24 272
563 498 264
564 440 981
565 163 799
566 523 890
567 579 687
567 292 687
567 71 169
568 475 173
569 44 356
569 576 832
569 311 699
569 270 914
569 512 237
570 578 78
570 469 309
570 453 540
570 149 238
571 389 661
571 535 587
572 225 765
573 489 942
573 550 901
574 93 644
575 195 73
576 596 734
576 483 463
577 179 674
578 298 808
578 403 884
578 371 934
579 579 941
580 51 350
581 474 222
582 553 262
582 258 602
583 168 374
584 520 408
584 388 541
584 529 999
584 207 540
584 131 700
584 67 883
585 112 708
586 481 176
587 303 926
588 507 657
589 346 408
589 494 292
589 430 724
589 508 807
590 54 823
590 252 64
590 523 239
590 308 902
591 466 701
592 502 670
592 458 146
592 39 117
592 574 24
593 432 647
593 429 155
593 248 262
593 459 199
593 424 757
594 461 699
595 44 151
596 332 872
596 596 882
597 495 285
598 322 193
598 480 385
598 88 413
599 198 859
600 374 580
601 463 871
601 585 552
602 24 568
602 26 654
602 556 652
603 332 924
603 343 650
603 389 395
604 40 250
604 518 316
604 334 561
604 517 752
604 369 142
605 139 219
606 379 12
606 140 395
606 219 204
607 2 234
607 591 637
607 554 760
608 237 926
609 58 63
610 156 201
610 332 915
611 122 279
612 559 952
613 335 98
613 483 668
614 568 353
614 341 701
615 361 558
615 329 601
616 352 641
616 82 499
616 244 232
617 517 463
617 490 796
618 410 592
619 187 773
620 509 230
621 377 342
621 3 483
621 537 317
622 585 523
623 514 944
624 175 843
624 437 675
625 69 849
625 226 466
625 251 940
626 566 250
626 393 233
626 288 598
627 181 962
627 143 511
628 209 932
628 264 672
628 104 501
629 302 225
630 71 311
630 172 116
631 212 932
632 63 812
633 471 783
634 27 696
635 327 402
636 18 908
637 14 466
637 196 671
637 522 588
638 473 103
638 18 14
638 546 858
639 94 108
640 220 645
641 491 18
641 131 750
642 391 820
642 583 107
642 417 288
642 48 86
642 189 206
642 6 50
642 549 688
643 69 893
644 252 365
645 250 795
646 220 241
647 552 833
648 120 272
648 68 371
649 444 731
649 453 413
650 30 334
651 436 631
652 233 420
652 258 43
652 594 155
653 524 931
654 538 372
654 149 513
654 37 391
655 354 620
656 63 836
657 55 900
657 194 991
657 411 660
658 100 216
658 218 263
659 90 173
660 418 265
660 10 957
661 46 343
661 356 365
661 266 696
661 385 417
662 285 982
663 96 481
664 96 466
664 220 593
664 193 969
665 220 462
666 95 653
666 238 119
666 528 909
666 105 785
666 136 921
666 563 825
666 423 548
667 74 534
668 431 628
669 447 976
670 320 308
670 121 263
670 199 123
670 529 20
671 303 779
671 299 688
672 516 480
673 480 660
674 538 213
674 180 742
675 576 974
675 351 714
675 171 675
676 328 119
676 118 324
677 231 240
677 102 294
678 469 776
679 128 126
680 133 16
680 104 661
681 394 592
682 282 946
682 333 849
683 503 586
684 313 717
685 39 405
685 46 235
685 215 778
685 119 789
686 184 939
687 142 862
688 185 678
689 452 911
690 427 874
690 515 90
691 166 745
691 143 619
692 559 427
693 132 897
694 13 800
694 71 149
695 67 931
696 585 171
697 213 458
697 43 686
698 260 320
699 287 235
700 190 608
700 419 51
700 92 369
700 441 337
701 86 738
701 558 668
701 344 761
702 450 461
703 139 3
704 477 604
705 163 650
705 491 728
705 520 958
705 81 960
706 355 880
707 560 937
708 383 62
709 155 820
710 350 762
710 149 783
711 510 268
711 212 245
712 560 913
712 576 663
712 366 833
713 373 54
713 320 717
714 252 114
715 355 891
716 252 832
716 251 403
716 512 898
717 30 627
718 250 131
718 21 261
719 277 531
720 222 19
721 422 265
721 183 426
721 594 785
721 421 595
722 77 83
722 295 467
722 364 440
723 45 420
723 354 358
724 273 66
724 60 933
725 21 449
725 373 50
725 373 594
725 123 613
725 278 509
725 337 1
726 588 674
726 587 341
727 418 539
728 61 212
729 379 870
729 427 332
729 89 855
729 480 334
729 574 783
730 204 438
731 289 592
732 129 836
732 385 510
732 396 706
732 149 864
732 297 202
732 90 796
732 75 856
733 578 699
734 131 728
735 58 72
735 410 725
736 164 950
736 516 516
736 369 876
736 163 361
737 152 972
738 61 351
738 309 790
739 269 622
740 562 435
741 223 270
741 290 760
741 42 205
741 448 976
742 23 341
742 544 61
742 249 86
743 473 710
743 543 866
743 445 902
743 495 868
744 496 705
744 272 565
744 107 4
745 282 392
746 112 650
747 325 638
747 11 889
747 137 678
747 153 597
748 453 645
749 505 286
750 562 610
751 33 708
752 162 748
753 365 383
753 550 460
753 503 699
754 567 990
754 198 729
755 251 309
756 424 623
756 287 29
757 379 645
758 78 380
759 352 904
760 320 541
760 501 494
761 100 268
761 512 339
761 397 21
762 473 295
763 407 64
763 324 731
763 493 31
764 512 828
765 283 629
766 11 195
767 496 351
767 96 26
768 572 853
768 281 784
769 54 843
769 263 44
770 553 329
770 44 389
771 255 887
771 367 310
772 335 86
772 321 567
772 476 425
772 581 130
773 150 477
773 413 246
773 530 889
774 433 207
775 175 821
776 95 995
777 217 678
777 226 390
778 562 780
779 407 147
779 376 5
780 347 163
781 461 622
781 452 715
781 287 109
782 380 286
783 32 281
784 287 702
785 575 840
785 391 468
786 580 553
786 236 319
786 270 770
786 379 229
786 528 910
787 272 531
787 470 770
788 237 540
789 33 985
789 223 968
789 554 260
790 184 629
790 572 285
790 225 88
790 580 353
790 77 384
791 355 64
792 282 40
792 17 156
793 159 390
793 347 1000
793 372 70
793 193 540
794 393 874
794 253 173
794 577 630
794 517 523
795 543 349
796 69 629
797 483 107
798 49 280
798 137 657
799 470 140
800 329 612
800 482 905
800 72 363
800 427 66
801 409 65
802 57 54
802 206 25
803 597 316
804 63 711
805 234 925
805 79 164
806 493 670
807 575 580
807 403 418
808 336 707
808 541 465
808 543 343
808 356 778
808 506 963
809 73 809
809 123 490
810 42 957
811 121 34
811 594 450
811 562 757
812 63 417
813 352 628
814 391 419
814 17 785
815 324 871
816 257 839
816 73 513
817 485 236
818 274 73
818 531 889
818 208 987
818 230 422
818 370 199
818 303 634
818 414 467
819 419 785
819 407 589
820 51 81
820 93 119
820 477 996
820 473 911
820 306 527
820 591 94
820 371 778
820 32 508
821 425 742
821 102 181
821 201 633
822 539 343
822 459 109
822 508 51
822 547 918
823 554 972
824 476 323
824 257 957
824 88 5
824 476 506
824 69 405
824 410 947
825 344 951
826 83 645
826 344 944
826 311 913
827 336 660
827 121 792
827 470 811
828 231 303
828 151 924
829 321 645
830 403 361
830 437 910
830 225 163
830 334 856
831 392 142
831 144 26
831 500 631
831 535 892
832 209 174
832 549 739
833 445 562
834 408 478
834 489 147
835 133 858
836 508 388
836 438 780
836 274 523
837 372 945
837 4 358
837 406 39
838 280 208
838 542 537
839 459 966
839 221 456
839 50 47
840 195 510
840 5 506
840 236 311
840 296 473
841 54 654
842 539 289
843 584 435
844 318 295
845 23 853
846 272 515
846 513 197
846 256 120
846 355 587
847 434 232
848 52 492
848 203 998
848 431 129
848 244 798
849 271 292
849 38 443
850 129 453
851 156 866
851 162 868
852 289 264
853 82 965
853 238 6
853 109 956
854 397 749
854 386 783
854 140 235
855 512 664
856 228 781
857 434 135
858 164 121
859 487 845
859 267 75
860 33 17
860 590 74
861 159 273
861 506 558
861 412 860
861 172 895
861 489 73
861 589 287
862 11 404
863 458 133
863 273 598
864 521 962
864 589 759
865 310 488
866 146 64
867 596 569
867 376 753
868 3 450
868 124 978
868 123 267
868 185 875
869 110 354
870 23 669
870 148 613
871 363 916
872 493 643
873 489 677
873 592 788
873 523 828
873 567 370
873 501 846
874 511 439
874 550 195
874 289 792
874 572 835
874 166 957
874 36 684
874 28 217
874 36 915
875 323 160
875 573 362
876 96 555
876 15 894
876 378 301
876 47 508
876 48 664
877 52 242
878 431 504
879 345 502
879 175 850
880 56 907
881 459 97
882 583 505
882 331 600
883 207 775
883 260 976
884 371 133
884 214 477
885 187 355
885 593 841
885 430 197
886 87 528
887 200 597
888 39 93
889 526 351
890 175 272
891 13 772
892 344 333
892 524 327
892 89 634
892 47 863
892 483 351
893 522 235
894 203 864
894 449 110
895 398 313
896 167 474
897 453 681
897 438 689
897 372 380
898 282 594
899 410 648
899 399 587
899 359 210
899 396 27
900 231 8
901 31 687
902 431 942
902 383 696
902 472 509
903 464 731
903 200 994
904 374 593
905 300 773
906 216 394
907 76 734
907 403 764
908 304 862
908 401 204
908 20 217
909 239 375
910 591 161
910 403 766
910 578 526
910 528 505
910 147 688
911 335 604
912 572 835
912 148 1000
912 398 175
913 455 101
914 151 354
915 350 536
916 271 151
916 210 440
917 361 497
918 125 927
919 297 491
920 8 285
921 530 535
922 294 936
922 43 382
923 64 852
923 60 749
924 446 31
925 332 155
926 90 646
926 326 843
926 329 155
926 281 784
926 199 879
927 428 199
928 398 373
929 300 818
930 532 319
931 559 290
932 561 663
932 132 479
932 76 524
933 324 827
933 348 143
934 585 183
935 484 537
935 491 766
936 314 241
937 584 362
938 318 826
938 523 582
938 450 950
938 92 973
939 13 372
940 72 723
941 544 541
941 370 524
942 252 579
942 239 16
943 196 571
944 528 409
944 170 166
945 93 540
946 528 129
947 537 427
947 554 149
947 305 700
947 417 360
948 25 869
949 402 396
950 557 830
950 90 769
951 163 872
952 496 214
952 121 633
952 359 162
952 387 731
952 237 122
953 330 754
954 64 350
954 411 928
955 200 153
956 214 713
956 357 698
956 94 811
956 124 999
957 448 551
958 283 986
959 385 662
959 394 388
959 581 257
959 348 49
959 359 247
959 373 133
960 403 895
961 194 793
961 512 162
962 404 221
963 504 611
963 306 992
963 299 462
964 317 236
964 41 984
965 597 565
965 484 341
965 511 716
965 28 304
965 82 302
966 547 904
967 155 901
968 122 722
969 347 283
970 571 795
970 119 579
971 533 72
972 509 229
972 206 707
973 404 379
973 186 781
974 319 129
975 192 603
976 104 769
976 423 964
977 291 724
978 142 512
979 183 841
980 114 600
981 291 799
982 592 233
982 478 755
983 302 70
984 535 819
985 241 56
986 370 761
987 539 87
988 313 166
988 113 482
989 300 273
990 91 216
991 353 587
991 554 257
991 558 238
991 558 568
992 432 48
992 22 16
993 58 209
994 372 43
994 357 172
994 565 592
995 476 12
995 131 912
996 27 304
996 170 115
996 193 816
997 482 605
998 487 12
999 122 43
999 56 131
1000 9 278
1000 207 804
1000 310 62
1000 475 913
1000 135 61
1000 198 685
1000 152 957
1001 325 122
1002 538 848
1002 485 434
1002 586 21
1003 387 291
1004 441 110
1004 45 559
1005 365 825
1006 529 165
1006 164 374
1006 212 465
1006 474 102
1007 38 591
1007 27 972
1008 474 817
1008 417 89
1008 447 540
1008 529 304
1009 465 904
1009 528 328
1010 571 247
1010 343 164
1010 451 523
1011 120 796
1012 137 821
1012 411 417
1012 363 302
1012 585 391
1012 377 485
1012 579 702
1012 481 194
1013 338 321
1014 552 442
1014 17 159
1015 108 650
1015 552 956
1016 549 579
1016 144 723
1016 268 208
1016 216 195
1016 65 53
1016 551 306
1016 72 736
1017 510 687
1017 374 406
1018 407 467
1019 464 784
1020 391 57
1020 595 116
1020 433 783
1021 248 471
1022 361 878
1023 376 615
1024 474 367
1025 143 286
1025 140 232
1025 379 270
1026 369 997
1026 199 372
1026 169 648
1027 13 413
1027 322 648
1027 181 651
1027 109 857
1027 386 858
1028 331 711
1029 489 467
1030 41 316
1031 47 968
1032 536 121
1033 420 751
1034 38 590
1035 289 781
1035 198 6
1035 355 605
1036 541 481
1037 217 579
1037 458 395
1037 101 416
1038 483 876
1038 572 298
1038 466 619
1039 212 974
1040 434 767
1041 454 276
1041 453 221
1041 159 1
1042 422 384
1043 24 934
1043 381 405
1043 338 384
1043 533 916
1044 372 609
1044 239 107
1044 545 805
1045 497 975
1046 323 58
1047 541 308
1048 436 601
1049 423 898
1049 182 348
1049 572 10
1049 485 568
1050 473 848
1050 136 947
1051 124 294
1052 210 842
1052 73 608
1053 220 565
1054 342 801
1055 464 646
1056 539 793
1057 124 874
1057 8 917
1058 44 781
1059 487 44
1059 411 256
1060 166 930
1060 556 71
1061 375 186
1062 289 415
1062 184 817
1063 383 698
1063 557 324
1063 188 493
1063 579 850
1063 203 566
1063 595 200
1064 188 397
1065 337 749
1066 391 404
1066 325 879
1067 92 381
1068 506 830
1069 184 249
1069 342 966
1069 415 456
1069 35 650
1069 62 954
1070 384 550
1070 476 291
1071 107 247
1072 312 87
1073 481 707
1073 520 973
1073 420 777
1073 321 833
1073 312 282
1074 114 603
1075 286 438
1075 511 572
1075 82 581
1076 276 921
1077 592 918
1078 7 25
1078 564 215
1079 337 484
1080 438 336
1080 379 600
1081 54 882
1081 159 16
1082 599 534
1083 262 646
1084 131 427
1084 421 288
1084 167 52
1085 75 566
1086 398 298
1087 401 689
1088 320 523
1088 269 891
1089 78 156
1090 169 217
1091 90 386
1091 496 518
1092 561 354
1093 46 119
1094 538 747
1095 34 904
1095 374 720
1095 353 412
1096 380 39
1097 164 690
1098 179 22
1099 418 639
1099 311 733
1100 501 42
1100 229 283
1101 157 985
1102 357 603
1103 562 420
1104 411 592
1104 238 821
1104 597 845
1104 271 733
1105 95 364
1106 97 243
1106 390 921
1106 189 745
1106 98 589
1107 527 697
1107 440 451
1108 150 42
1108 240 370
1108 53 934
1109 415 536
1110 300 868
1111 162 242
1111 418 90
1112 454 307
1112 102 145
1112 356 817
1112 435 9
1113 152 598
1113 436 851
1114 10 253
1115 123 216
1116 149 2
1116 257 282
1116 105 138
1117 510 506
1118 136 374
1119 37 121
1120 28 263
1120 123 886
1121 433 946
1121 392 343
1122 579 588
1123 141 216
1123 517 4
1124 438 755
1125 348 536
1126 165 452
1126 570 632
1127 429 624
1128 417 163
1129 410 534
1130 43 42
1130 471 127
1130 323 45
1130 237 660
1130 115 777
1130 155 890
1130 89 180
1131 182 253
1131 196 237
1131 466 272
1131 46 281
1131 155 194
1131 145 42
1131 512 553
1132 379 690
1133 359 200
1134 193 57
1134 143 729
1135 396 826
1136 249 82
1137 377 119
1137 50 933
1137 593 380
1138 281 293
1139 318 990
1140 569 147
1140 136 388
1141 170 612
1142 589 100
1143 396 738
1144 402 785
1144 505 293
1144 65 976
1145 314 7
1145 428 476
1145 397 538
1146 597 468
1146 171 739
1146 509 489
1146 265 854
1146 138 546
1146 456 157
1146 332 263
1146 90 113
1147 172 578
1148 589 635
1148 593 323
1148 191 282
1149 65 662
1150 273 472
1151 514 874
1151 209 701
1151 430 909
1151 437 100
1151 462 844
1152 247 645
1153 597 683
1153 541 8
1154 250 800
1154 215 332
1154 108 272
1154 102 750
1154 588 456
1154 297 136
1155 505 686
1155 269 564
1155 135 446
1155 389 262
1156 193 717
1156 212 925
1156 576 73
1157 324 219
1158 350 478
1158 490 767
1158 384 673
1158 501 713
1159 365 91
1159 86 846
1159 455 676
1160 342 678
1161 213 102
1161 508 456
1162 118 239
1163 236 615
1163 34 546
1164 244 904
1165 82 312
1166 7 483
1166 69 227
1166 382 621
1166 5 841
1166 463 915
1166 496 230
1166 82 349
1166 511 419
1167 299 412
1168 84 286
1168 374 10
1169 24 532
1169 484 8
1170 166 491
1170 428 542
1171 20 274
1171 522 800
1171 304 623
1172 133 156
1172 260 174
1172 466 751
1173 465 525
1173 29 477
1174 459 185
1175 291 775
1175 154 178
1175 85 218
1175 167 281
1175 129 19
1175 400 134
1176 77 458
1176 541 660
1176 54 586
1177 515 367
1177 309 302
1177 1 552
1178 196 10
1178 247 850
1178 478 730
1178 44 805
1179 469 309
1179 30 927
1179 60 959
1180 301 204
1181 346 93
1181 554 633
1182 75 16
1183 428 750
1183 318 605
1183 311 954
1184 288 873
1184 525 157
1184 38 864
1184 510 741
1185 591 120
1186 188 849
1186 423 101
1186 409 18
1187 282 210
1188 510 214
1188 255 467
1189 423 109
1190 434 231
1190 4 736
1190 376 686
1191 79 620
1191 329 567
1191 129 175
1192 111 642
1192 431 20
1192 461 15
1193 492 102
1193 541 94
1193 18 408
1193 179 5
1193 548 925
1193 119 473
1194 336 688
1195 89 528
1196 127 993
1196 422 977
1197 199 837
1198 278 463
1198 505 697
1199 578 693
1200 215 811
1201 475 771
1202 42 690
1203 300 953
1203 219 707
1203 27 998
1204 217 252
1205 233 418
1206 570 223
1207 337 693
1207 58 403
1207 87 198
1208 10 861
1208 531 812
1208 300 482
1209 24 289
1209 435 21
1210 197 955
1211 115 834
1212 537 874
1213 339 855
1214 176 216
1215 579 704
1216 112 439
1217 596 519
1217 164 222
1218 125 132
1218 264 455
1218 40 406
1219 423 772
1220 387 168
1221 328 305
1221 298 979
1221 233 384
1221 539 401
1221 102 908
1222 525 479
1223 505 925
1223 3 477
1223 70 251
1223 313 779
1223 437 122
1224 593 69
1225 426 246
1225 362 734
1226 293 154
1226 391 98
1226 288 174
1226 277 964
1227 267 176
1228 480 115
1229 50 787
1230 337 815
1231 456 746
1231 231 16
1231 372 185
1232 346 924
1233 504 105
1233 600 530
1234 494 726
1234 303 728
1235 466 296
1235 260 201
1235 455 857
1236 369 948
1236 247 44
1237 439 786
1237 150 729
1238 280 721
1239 496 930
1240 314 738
1241 591 314
1242 571 879
1242 62 180
1242 439 23
1243 532 770
1244 102 232
1244 471 632
1245 326 726
1246 6 227
1246 393 466
1247 411 35
1247 233 47
1248 593 35
1248 79 369
1249 445 376
1250 308 357
1251 539 119
1251 341 621
1252 208 336
1253 132 448
1254 163 778
1254 563 677
1255 578 699
1256 18 975
1257 553 832
1257 191 740
1257 60 991
1257 167 500
1258 112 725
1259 84 232
1260 580 800
1261 250 367
1261 495 322
1262 251 835
1263 374 560
1264 302 858
1264 179 221
1264 563 972
1265 35 52
1266 124 992
1266 74 512
1266 297 781
1267 120 604
1268 323 553
1268 379 126
1268 90 409
1268 169 416
1269 385 794
1270 286 113
1271 151 189
1271 554 780
1271 433 622
1272 215 660
1272 470 884
1273 262 453
1273 515 177
1273 598 987
1273 330 180
1273 172 512
1274 375 517
1275 547 528
1276 518 205
1276 20 60
1276 380 92
1276 448 132
1276 430 453
1277 188 968
1277 93 202
1277 505 803
1277 297 108
1278 152 658
1278 413 920
1278 525 465
1279 503 546
1280 14 581
1280 596 633
1281 85 994
1282 215 489
1282 104 533
1282 524 20
1282 176 577
1282 148 752
1282 17 993
1283 475 925
1283 445 815
1283 327 510
1284 429 164
1284 59 368
1284 38 141
1284 47 759
1284 92 642
1285 69 751
1286 578 782
1286 542 571
1287 295 650
1287 266 7
1287 491 904
1288 557 832
1288 542 504
1288 417 765
1289 269 886
1289 218 604
1289 424 608
1289 14 158
1290 517 512
1291 235 392
1291 449 140
1291 355 460
1291 131 27
1291 271 362
1292 409 529
1292 263 602
1293 313 10
1294 572 99
1295 288 924
1296 85 824
1297 175 32
1298 300 498
1298 42 792
1299 417 274
1300 371 218
1300 275 85
1301 12 53
1301 461 950
1301 327 242
1301 503 52
1301 276 390
1302 416 785
1303 600 329
1304 584 740
1305 110 248
1306 202 404
1307 566 441
1307 476 299
1308 220 391
1308 349 583
1309 309 282
1310 65 697
1310 305 869
1310 127 367
1310 355 603
1311 265 54
1311 549 648
1312 34 839
1313 536 442
1313 510 652
1313 163 471
1313 153 164
1314 103 427
1314 566 164
1314 346 759
1314 281 114
1314 301 598
1315 528 169
1315 271 651
1316 41 716
1317 195 345
1318 425 299
1318 226 811
1319 149 85
1319 48 73
1320 137 815
1320 550 438
1321 490 455
1322 62 300
1323 179 486
1324 491 658
1325 498 502
1325 255 437
1326 195 75
1327 5 69
1327 493 227
1328 406 775
1329 373 534
1330 57 46
1330 267 737
1331 256 441
1331 395 189
1331 20 113
1331 282 600
1331 243 67
1331 409 710
1331 420 887
1332 472 973
1333 257 429
1334 244 221
1334 432 216
1335 401 667
1335 247 426
1335 375 888
1335 592 774
1335 249 761
1336 336 717
1336 347 666
1337 53 223
1338 261 415
1339 199 1000
1339 343 204
1339 159 69
1340 30 410
1341 301 89
1342 491 701
1342 35 550
1342 209 377
1342 48 445
1343 379 28
1343 200 678
1343 354 554
1344 93 386
1345 409 851
1345 307 824
1345 441 924
1346 209 104
1347 178 294
1348 414 806
1349 549 88
1349 79 979
1350 228 345
1350 298 848
1350 161 757
1351 71 636
1351 485 318
1351 109 794
1351 337 39
1351 342 691
1352 335 261
1353 470 298
1354 429 495
1355 107 205
1356 359 232
1356 337 678
1356 247 279
1356 568 288
1356 451 732
1357 37 950
1358 222 100
1358 272 114
1359 197 181
1360 291 650
1361 349 47
1361 157 715
1362 174 880
1363 571 936
1363 300 996
1363 155 882
1363 151 740
1364 339 773
1364 313 212
1365 428 113
1366 102 664
1366 281 246
1366 536 518
1367 585 920
1367 184 129
1368 224 89
1369 303 790
1370 555 693
1370 5 891
1370 595 47
1370 223 877
1370 240 398
1370 392 69
1371 426 362
1371 441 705
1372 213 425
1372 590 781
1373 98 667
1374 436 955
1375 107 35
1375 217 550
1375 169 271
1375 558 694
1375 10 795
1375 216 55
1375 32 210
1375 482 789
1375 350 530
1376 320 497
1377 495 260
1377 389 664
1377 224 456
1378 146 248
1378 264 801
1379 382 764
1379 260 46
1380 525 643
1380 416 761
1381 186 354
1381 548 946
1381 255 699
1381 381 438
1381 90 990
1381 560 791
1382 600 751
1382 394 329
1383 306 219
1384 221 601
1384 71 704
1384 396 612
1384 96 648
1384 454 841
1385 125 408
1385 335 603
1385 33 24
1386 186 889
1386 411 107
1387 384 350
1388 173 591
1389 40 93
1389 295 365
1390 395 660
1391 268 686
1392 184 485
1392 115 684
1392 306 325
1393 258 281
1394 58 924
1394 364 358
1395 445 230
1396 427 453
1396 204 490
1397 309 837
1398 317 370
1399 559 580
1399 22 90
1399 58 786
1399 386 51
1400 527 291
1400 121 341
1401 37 55
1402 332 967
1402 107 717
1402 142 625
1402 126 667
1403 518 122
1404 123 461
1404 298 863
1404 428 635
1404 307 731
1404 347 56
1404 270 820
1404 408 71
1405 600 109
1406 327 561
1406 282 492
1406 548 418
1407 538 501
1408 363 322
1408 440 1000
1408 499 823
1409 281 625
1410 207 917
1411 557 628
1411 173 35
1411 397 98
1412 527 451
1412 308 181
1412 380 532
1412 438 567
1412 160 373
1413 578 563
1414 394 365
1415 172 917
1416 394 635
1417 550 736
1417 434 721
1417 163 625
1417 194 167
1417 205 999
1418 178 968
1418 273 70
1418 466 354
1419 483 10
1420 108 29
1421 345 907
1422 482 685
1423 90 773
1423 160 79
1423 259 302
1423 417 319
1423 120 106
1424 464 171
1425 151 699
1426 368 582
1426 397 730
1427 128 509
1427 127 429
1427 458 410
1428 271 217
1428 426 218
1429 594 289
1430 462 494
1430 357 180
1430 311 62
1430 340 852
1431 89 555
1431 446 514
1432 331 687
1433 16 832
1433 15 707
1433 263 804
1434 66 978
1434 388 310
1435 91 982
1436 232 283
1437 260 476
1437 308 520
1437 578 977
1437 223 918
1437 204 90
1437 507 476
1437 393 784
1437 554 443
1438 567 256
1438 379 150
1438 59 449
1438 54 7
1438 454 373
1438 322 89
1438 28 625
1439 449 873
1440 44 630
1441 472 172
1442 236 66
1443 515 350
1444 300 980
1444 581 372
1445 142 356
1445 223 612
1445 60 452
1446 582 220
1446 218 913
1447 206 807
1448 567 294
1449 179 590
1449 312 270
1450 168 871
1451 151 185
1452 53 412
1453 73 376
1453 564 137
1454 394 454
1455 563 132
1455 553 630
1456 127 610
1457 112 80
1457 165 288
1458 125 33
1458 86 695
1458 91 238
1459 313 842
1460 423 159
1460 372 754
1460 597 391
1460 266 315
1461 224 829
1461 529 714
1461 508 402
1462 472 334
1462 54 686
1462 89 373
1462 86 268
1463 439 846
1463 487 755
1463 376 116
1463 489 869
1463 149 122
1464 310 134
1464 451 271
1465 286 253
1465 240 36
1465 396 216
1466 195 384
1467 159 810
1467 140 37
1467 55 770
1468 505 927
1468 128 640
1469 447 863
1470 123 906
1470 324 928
1471 385 757
1471 461 664
1471 382 638
1472 379 371
1472 473 205
1472 353 813
1473 103 170
1473 581 586
1474 501 6
1474 29 162
1475 496 346
1476 598 246
1477 25 681
1478 391 712
1479 476 54
1480 529 622
1481 482 757
1481 352 622
1482 448 802
1483 336 394
1483 142 842
1484 339 992
1484 21 207
1484 338 398
1485 537 296
1485 74 616
1486 107 380
1487 416 203
1488 46 602
1488 161 697
1488 166 301
1488 45 920
1488 43 738
1488 459 383
1488 468 400
1488 70 937
1488 499 764
1489 374 84
1489 445 479
1490 24 41
1491 282 399
1492 363 224
1493 49 657
1493 150 934
1493 30 451
1493 220 562
1493 281 679
1493 8 663
1494 525 453
1495 21 298
1496 38 353
1497 301 984
1498 453 33
1499 351 743
1500 563 213
1500 505 815
1501 254 631
1501 71 466
1501 128 642
1501 225 120
1501 571 687
1501 222 105
1502 567 279
1502 477 643
1502 44 859
1503 478 841
1503 399 165
1504 497 948
1504 449 14
1505 501 656
1505 361 37
1505 304 941
1505 364 879
1506 120 186
1506 246 550
1507 491 21
1507 594 186
1507 159 522
1508 518 163
1509 422 145
1509 301 572
1509 162 358
1509 404 189
1510 218 552
1511 401 964
1511 425 681
1512 530 636
1512 173 792
1512 234 325
1513 185 497
1513 161 180
1514 512 637
1515 546 604
