600 1000 50 10 3000
85 31
73 10
3 16
89 48
1 19
70 64
2 29
16 67
60 59
14 12
68 29
42 12
56 20
32 51
33 27
4 71
10 77
81 13
45 22
61 47
93 84
63 95
13 79
15 73
90 81
85 11
11 79
23 67
51 7
70 37
86 74
8 97
4 41
10 1
63 24
0 8
60 63
4 73
42 71
98 85
52 36
96 63
15 71
83 19
79 53
56 17
80 16
14 84
57 77
37 20
53 38
28 65
1 84
38 96
55 36
81 60
24 77
75 40
48 58
12 67
97 44
83 63
80 92
92 17
12 97
55 92
62 9
29 52
57 36
41 38
96 65
67 72
57 67
82 68
47 46
87 96
90 22
11 70
14 4
40 78
53 95
23 16
56 52
20 13
40 61
51 37
27 70
61 84
38 43
5 37
90 92
33 32
67 44
3 81
0 43
12 54
90 35
22 99
39 42
12 79
56 16
68 83
86 81
19 76
77 24
13 67
69 98
51 36
95 6
17 95
1 81
1 92
16 75
91 55
70 55
87 26
71 55
61 10
89 80
86 66
5 52
85 26
50 36
62 45
43 31
93 44
13 46
88 81
22 31
89 92
87 76
70 58
83 31
68 72
11 7
38 68
59 75
46 61
12 8
59 7
40 4
51 5
50 40
86 24
23 75
16 10
3 38
69 39
69 89
11 33
48 2
53 59
77 0
21 41
60 80
48 0
36 52
57 86
44 44
11 67
71 79
78 27
18 99
66 39
40 29
24 89
83 30
48 13
30 69
54 90
1 55
43 37
7 0
76 51
96 87
70 20
18 48
47 88
47 13
28 40
94 4
29 78
34 77
91 16
99 97
7 52
52 2
42 11
54 18
62 3
57 33
23 27
33 70
16 33
35 96
73 29
0 2
59 35
31 50
3 82
48 10
35 52
64 29
64 71
47 78
74 56
11 97
83 97
19 99
30 6
47 3
87 48
57 47
35 40
49 38
23 97
1 10
2 17
39 66
88 86
44 62
94 8
11 77
57 82
29 87
88 76
42 76
75 11
91 24
2 14
74 55
24 76
72 63
94 61
1 90
23 47
98 35
25 7
17 6
94 58
34 88
86 11
39 61
74 31
85 28
97 59
83 22
87 56
37 81
17 91
72 92
38 22
79 15
30 49
73 76
7 8
65 93
71 56
6 45
87 43
74 85
55 9
59 42
65 48
76 82
91 48
27 30
22 6
97 4
55 71
81 62
31 46
7 2
2 65
99 42
9 25
79 64
35 90
6 52
38 82
87 30
82 14
12 57
20 61
61 76
84 42
90 15
40 50
69 95
15 69
89 24
46 68
40 33
10 47
86 48
81 73
30 16
87 94
73 7
56 34
35 92
8 69
80 77
16 47
98 5
24 45
73 64
78 83
63 16
84 45
89 66
13 76
13 86
36 21
72 71
13 1
1 73
23 81
51 39
81 1
45 5
98 70
69 29
54 33
45 90
30 35
8 43
63 21
81 99
94 53
23 8
7 24
81 30
58 84
38 14
44 36
85 65
98 63
33 80
50 41
23 13
15 56
13 61
10 36
69 69
12 3
99 22
39 20
13 77
87 57
14 24
75 83
46 0
6 96
93 29
62 60
86 75
22 48
63 91
17 27
50 86
88 63
63 27
51 48
65 18
73 11
18 79
60 12
61 22
72 99
49 94
47 12
38 16
39 36
36 41
22 76
5 38
4 30
19 55
78 84
26 3
48 44
35 8
8 96
82 33
47 31
27 46
95 17
14 86
54 50
28 28
78 85
66 82
15 38
90 45
74 16
0 22
12 35
82 21
83 64
54 30
47 33
76 42
3 90
81 9
92 9
37 71
46 56
5 61
94 95
58 68
63 58
91 28
46 25
49 29
90 55
12 37
40 88
32 95
31 13
4 23
74 42
46 20
98 52
33 44
99 43
64 63
1 7
43 99
81 23
99 93
12 91
39 64
9 43
40 83
37 86
55 87
90 88
31 90
83 96
5 85
3 48
36 88
11 43
10 76
86 96
72 25
12 82
69 52
17 58
91 25
46 81
65 77
71 49
25 76
76 22
69 68
11 2
61 98
98 33
23 11
15 85
3 58
62 49
92 27
78 15
76 56
89 20
85 10
89 77
43 0
79 4
50 30
90 74
93 57
70 60
94 73
19 56
74 63
84 53
78 60
75 50
43 60
60 84
37 56
36 68
12 87
98 2
13 43
12 83
4 58
9 75
15 83
38 51
88 16
63 49
91 38
51 86
98 12
70 87
20 6
56 32
93 6
87 58
50 51
42 54
9 51
29 24
86 19
27 75
35 91
76 78
29 28
64 80
92 86
67 64
93 75
96 38
82 35
97 84
86 91
42 19
72 80
38 0
7 25
43 84
56 24
64 20
4 8
72 52
51 20
90 85
56 39
69 94
30 59
42 72
78 67
5 68
19 12
46 62
96 2
86 12
74 43
20 33
67 92
37 70
65 28
56 21
67 25
67 98
22 15
77 79
36 96
92 82
10 40
53 62
18 85
81 83
65 37
56 85
62 75
83 99
85 57
15 14
37 51
62 81
85 72
21 73
21 74
87 12
0 35
75 70
73 56
45 13
23 7
88 58
59 26
16 74
92 5
77 55
86 14
79 7
39 0
34 26
65 86
14 40
8 87
25 93
78 49
52 66
59 11
44 27
85 37
32 14
92 70
80 23
78 19
24 64
98 41
50 12
33 58
99 81
23 76
26 1
77 78
19 37
90 64
64 27
53 49
94 97
19 74
20 49
46 44
13 44
85 15
56 70
25 55
83 77
1 61
98 98
37 14
77 90
63 71
87 83
46 7
32 92
4 46
12 39
51 63
87 34
93 89
95 1
62 93
99 99
60 76
41 23
0 28
6 46
35 39
90 91
37 78
33 50
74 45
89 25
60 29
59 53
6 84
0 57
83 60
84 86
4 42
84 91
81 26
83 70
4 16
21 78
13 62
55 73
43 14
79 13
21 85
97 22
43 32
34 29
8 70
15 12
13 99
77 87
17 81
55 90
11 68
41 96
32 72
61 54
58 59
28 1
43 62
82 52
85 49
64 98
0 20
96 77
7 13
58 14
3 21
82 8
39 76
56 71
48 17
25 58
28 53
11 72
68 93
24 53
42 40
3 42
61 99
19 20
65 29
35 68
2 69
28 41
13 98
2 90
56 82
96 68
54 64
61 78
17 56
71 72
98 32
71 70
57 54
9 37
47 6
22 12
4 76
3 61
58 99
81 65
15 42
95 32
50 66
56 49
98 27
71 51
90 25
28 51
62 28
40 14
64 43
94 60
40 9
55 35
93 5
2 49
6 0
29 77
3 97
52 46
22 32
97 36
25 1
26 41
96 5
16 43
66 8
52 21
44 98
26 98
99 33
50 28
10 6
25 14
52 99
99 1
36 59
61 13
54 9
92 23
4 10
31 8
31 27
6 58
25 6
86 53
34 12
20 86
11 19
39 99
30 52
91 19
4 36
42 8
46 73
68 78
53 75
88 78
33 31
6 19
84 92
83 56
30 95
46 58
74 11
1 66
82 57
2 24
17 0
49 85
30 2
60 18
33 45
49 91
17 86
84 0
42 14
47 22
36 94
80 11
29 39
90 83
15 7
83 16
92 14
71 5
32 4
2 34
47 19
20 83
20 14
98 67
36 86
13 68
49 22
1 78
61 28
50 97
97 95
63 68
52 47
24 6
81 71
26 53
55 98
20 5
17 8
91 83
77 93
5 30
71 19
99 76
34 96
44 40
34 78
12 60
10 3
24 27
10 89
12 68
71 84
87 45
21 38
22 7
35 45
4 51
73 0
44 7
30 8
19 14
27 29
17 3
56 81
22 19
22 35
71 26
39 44
64 13
51 51
55 84
7 99
43 90
7 62
4 86
91 73
89 99
55 63
70 77
98 57
23 21
65 0
76 68
51 87
75 58
23 35
57 66
25 16
28 81
2 71
54 43
23 61
59 93
39 9
3 14
31 86
77 48
38 6
17 42
45 92
0 69
27 10
35 4
26 64
85 81
87 40
76 10
1 35
56 92
45 59
7 76
76 36
42 93
78 40
86 30
9 65
40 44
70 67
60 55
0 0
47 76
12 18
93 9
37 27
89 13
7 45
23 45
75 84
10 16
29 32
35 41
88 35
93 87
63 56
36 27
26 82
36 56
34 73
83 23
39 50
59 46
95 82
91 22
67 53
90 48
86 25
41 26
13 28
43 2
55 69
84 44
25 18
69 60
10 5
6 57
87 49
32 6
3 22
6 89
0 48
35 28
92 30
30 48
99 66
44 77
37 13
37 83
74 0
88 32
9 27
82 41
34 85
64 92
74 64
92 41
28 27
21 21
9 4
21 9
70 65
86 7
30 75
90 56
75 30
89 85
58 71
78 92
56 42
36 82
58 29
75 87
52 81
27 23
98 65
82 28
40 25
37 68
55 26
5 13
49 35
57 5
78 94
39 88
23 66
62 87
1 67
68 80
42 66
97 24
47 90
58 57
62 15
22 11
50 80
26 7
69 1
25 96
84 87
6 4
73 70
6 74
6 16
83 68
83 6
31 33
38 99
66 64
58 35
65 83
83 1
39 29
24 58
29 47
26 2
17 84
29 75
0 64
43 83
22 26
68 60
25 34
76 35
21 93
18 57
95 92
76 86
44 3
57 16
6 38
91 58
3 86
93 25
12 62
86 89
48 14
24 22
8 94
79 3
39 55
89 12
56 86
15 55
60 73
24 67
77 66
54 71
92 18
85 30
60 85
7 4
83 38
59 22
94 1
34 2
87 2
9 99
27 33
66 38
53 96
57 59
67 49
77 52
31 89
89 27
26 97
32 9
87 91
83 33
35 31
71 97
31 98
82 49
89 35
45 46
94 64
95 24
13 58
5 91
7 89
52 94
81 35
28 25
5 15
57 76
12 88
75 95
89 64
99 57
1 68
87 66
58 85
82 62
31 15
98 59
40 55
27 97
31 39
37 58
86 27
22 69
93 51
85 80
17 63
25 27
0 59
90 32
74 40
91 66
95 18
64 78
10 53
37 48
32 11
96 67
64 89
18 1
22 88
17 47
15 17
49 80
97 93
63 62
23 25
68 12
23 95
99 19
63 15
61 33
16 83
73 85
3 88
98 4
20 48
97 18
92 13
81 67
38 49
1 3
60 52
74 75
19 87
60 88
22 34
73 4
75 76
92 73
81 12
73 30
31 66
95 64
33 34
65 13
50 18
68 10
71 42
37 90
30 98
78 52
32 52
80 1
84 13
66 58
44 49
76 39
13 9
25 30
74 28
48 94
38 19
37 28
62 19
26 92
23 10
96 32
69 77
34 5
90 0
63 86
49 39
78 14
83 92
22 22
64 59
2 78
30 28
70 53
90 19
96 20
16 38
25 73
87 72
10 83
0 94
75 74
68 91
21 15
50 44
68 40
63 54
51 59
26 67
49 50
99 26
23 23
45 47
86 73
21 6
16 6
76 38
21 26
82 90
18 45
96 69
56 75
88 57
25 40
84 1
63 65
63 10
9 9
82 31
53 98
90 29
7 70
5 25
67 2
46 23
29 35
81 54
27 65
82 71
0 92
80 10
39 14
94 93
64 36
74 53
99 82
75 5
59 43
59 6
66 88
93 99
94 20
16 2
10 99
73 62
43 5
71 71
79 35
7 6
40 58
40 16
15 99
66 50
77 61
70 45
15 32
96 40
95 39
97 72
26 68
43 57
55 2
63 48
64 28
3 75
6 12
63 33
86 85
18 75
93 65
67 90
37 45
10 32
65 50
69 81
30 24
56 37
10 52
46 96
37 25
49 55
53 94
72 72
36 9
17 98
93 19
15 31
82 7
62 12
83 71
49 20
84 11
24 30
59 62
8 8
17 13
85 90
51 2
88 97
28 11
37 62
18 51
75 53
74 76
26 58
88 50
41 47
12 1
8 82
14 14
24 51
5 27
5 45
24 78
1 5
89 90
67 59
94 94
71 39
79 11
58 54
73 18
36 39
33 60
90 90
87 95
87 64
25 41
69 67
31 88
78 25
83 91
46 6
82 25
17 24
97 27
78 22
46 66
61 79
78 3
21 65
50 8
81 75
49 2
42 33
91 21
10 26
64 56
32 99
23 30
52 74
19 13
5 97
16 78
14 66
94 88
50 88
61 32
88 55
77 22
56 0
52 85
5 57
11 76
70 69
73 39
47 39
39 3
75 90
92 96
35 53
80 7
31 69
62 8
43 19
60 47
4 19
93 27
88 18
18 88
58 27
26 49
31 1
39 23
50 27
28 30
72 46
67 33
94 75
50 50
95 96
14 99
75 24
27 2
74 58
55 13
33 5
40 13
88 26
25 91
90 94
83 36
70 85
86 17
81 68
4 48
67 80
72 94
82 46
4 89
12 89
47 4
3 87
31 80
78 58
30 68
52 65
56 74
3 43
43 36
84 30
28 57
77 62
55 81
51 67
23 98
72 26
85 55
58 16
65 41
36 17
58 93
44 13
88 87
35 86
33 15
95 10
77 51
44 81
31 94
45 69
85 66
48 73
84 7
18 80
19 22
9 55
61 95
22 56
5 0
59 1
33 82
68 64
76 65
85 78
21 70
44 69
96 80
28 14
73 32
75 34
87 36
29 61
45 35
61 56
88 46
38 57
74 48
71 41
17 67
22 97
33 86
98 6
18 74
41 57
62 70
19 7
57 32
64 46
79 2
55 42
29 13
56 46
80 30
95 14
68 94
72 87
20 65
44 82
88 15
90 97
48 6
95 79
60 50
32 15
96 13
29 4
59 61
86 6
27 55
17 38
55 5
54 97
55 54
55 50
53 58
45 37
73 94
50 2
98 61
16 85
67 43
40 20
95 34
70 26
96 25
67 81
23 64
18 49
3 57
29 19
94 48
63 34
68 58
68 13
23 92
12 94
71 9
71 3
12 47
21 31
28 44
96 98
45 6
68 9
48 83
95 68
94 15
81 17
3 83
34 67
82 55
99 63
61 97
53 32
46 69
31 67
30 79
50 26
41 29
14 49
80 78
60 15
98 95
58 74
96 71
24 49
70 35
89 1
66 92
79 14
88 20
22 71
80 2
2 92
69 0
87 44
49 97
21 42
46 76
17 69
63 6
70 30
50 1
96 91
21 92
45 43
16 77
98 18
70 19
18 9
63 19
59 82
76 62
8 45
31 72
52 53
54 54
45 76
1 403 880
2 360 8
3 125 544
4 169 953
4 446 984
5 108 326
6 528 423
6 397 167
7 370 683
8 63 217
8 472 745
8 579 803
8 192 129
9 543 175
9 558 166
9 346 510
10 125 868
11 294 725
11 393 619
12 143 298
12 86 268
12 67 990
13 223 56
13 12 775
14 302 587
15 288 22
16 512 572
16 379 801
16 367 542
16 175 88
16 354 1000
17 442 346
18 16 163
19 143 3
19 242 163
19 360 764
20 194 779
21 540 317
21 582 52
21 233 428
21 392 256
21 87 756
21 429 42
21 479 231
22 358 393
23 412 329
23 443 878
23 367 353
23 588 855
23 545 171
23 176 628
23 428 424
23 421 348
24 528 248
25 587 10
25 323 677
26 399 212
26 531 490
26 253 876
27 248 865
27 148 434
27 96 642
27 218 757
27 116 847
28 300 330
28 251 522
28 189 370
28 572 58
29 515 427
29 492 378
29 588 771
30 252 744
31 162 473
32 32 274
33 22 632
33 485 163
33 452 822
34 131 787
35 449 177
35 179 252
36 48 570
37 535 973
37 445 808
37 503 83
37 299 354
38 114 612
38 198 862
39 570 14
40 318 959
40 92 860
40 125 188
40 297 338
40 379 969
40 564 508
40 487 787
41 71 393
41 11 104
41 542 697
41 202 650
42 463 814
42 560 436
42 72 497
42 542 77
43 233 702
44 208 633
45 462 199
45 95 273
46 498 645
46 509 189
47 42 357
48 153 346
48 41 244
48 505 470
48 536 901
48 559 888
48 507 481
49 158 297
49 444 758
49 444 655
50 50 966
50 418 34
50 588 454
51 13 160
51 548 79
52 76 149
53 37 299
54 400 238
55 43 299
56 266 581
57 87 252
58 443 190
59 189 585
59 224 927
60 579 303
61 438 895
62 451 774
63 471 633
64 19 911
65 505 352
66 515 473
66 400 460
66 13 484
67 147 98
67 410 372
67 283 251
68 408 16
68 569 350
68 26 49
69 564 968
69 380 484
70 387 95
71 105 80
72 361 761
72 96 632
73 424 252
73 108 240
74 271 508
75 151 451
76 340 567
76 327 886
76 406 137
76 290 837
77 516 400
77 355 521
77 185 368
77 109 132
77 590 235
78 337 594
79 143 181
80 256 946
80 573 106
81 416 544
82 125 515
82 50 661
83 424 981
83 181 604
84 454 278
84 142 900
84 396 434
85 520 319
85 450 424
86 290 76
86 102 607
87 374 648
88 112 489
88 538 190
89 347 451
89 224 843
90 339 77
91 581 383
91 284 972
92 361 76
93 321 871
94 395 283
94 410 856
95 304 302
95 230 300
95 562 481
95 600 839
96 301 227
97 20 578
98 58 387
99 522 464
99 109 302
100 526 439
100 167 794
100 600 819
100 104 606
100 111 955
100 349 23
101 473 145
102 450 801
103 223 714
103 526 930
103 306 333
103 340 504
103 359 887
103 242 310
103 294 739
104 373 646
105 206 439
105 115 892
105 175 577
105 504 727
105 21 750
105 320 851
105 532 319
105 496 13
105 404 568
105 524 353
106 598 127
107 335 110
108 287 468
108 407 860
108 192 581
108 313 48
109 377 841
109 299 95
110 184 868
111 370 486
112 23 565
112 150 996
112 203 236
112 23 946
112 518 63
113 3 467
114 442 721
114 54 69
115 160 822
116 258 862
117 337 384
117 248 425
117 574 836
117 511 740
117 462 930
117 435 600
117 563 721
117 154 34
117 286 862
118 596 261
119 127 452
120 335 57
120 56 592
120 385 665
120 419 120
120 15 174
121 403 388
122 289 760
123 413 837
123 445 247
123 425 173
123 157 729
123 398 850
124 367 118
124 277 30
125 516 396
125 298 869
126 267 965
127 365 243
128 8 711
129 466 247
130 413 431
131 546 165
132 271 891
133 217 840
134 415 218
135 361 650
136 598 159
136 140 683
137 183 384
137 200 517
138 86 982
138 303 692
139 149 542
140 303 321
140 107 833
141 398 665
141 345 511
142 414 778
142 139 537
142 525 309
142 56 622
142 37 257
143 583 85
144 112 643
145 129 217
145 96 180
146 145 762
146 69 760
147 288 951
147 210 113
148 474 898
148 145 200
149 376 308
149 211 29
150 300 646
150 385 622
151 108 273
152 148 128
152 16 69
152 20 114
153 2 603
154 397 495
155 61 457
155 243 890
156 250 790
157 90 863
157 323 435
158 512 11
159 123 444
159 582 956
159 188 602
160 24 400
161 116 337
162 408 564
162 185 402
162 2 297
163 118 960
164 277 595
164 402 544
164 49 98
165 557 310
165 495 60
166 82 95
166 556 458
166 516 981
166 474 74
166 390 678
166 15 427
167 55 763
168 189 207
168 215 834
169 4 490
169 92 23
170 289 826
171 69 375
172 247 354
173 8 928
174 351 664
175 343 80
175 442 605
175 428 234
176 404 869
177 49 245
178 56 203
178 73 437
179 560 776
180 303 295
181 151 381
181 58 141
182 224 600
183 242 135
184 558 944
185 380 725
185 193 443
186 402 222
186 364 187
187 430 255
188 118 411
188 581 908
188 567 299
188 346 673
188 586 146
189 434 164
190 274 552
190 127 990
191 35 76
191 131 457
192 360 798
192 25 939
193 555 187
194 247 283
194 285 659
194 212 988
194 277 419
195 526 934
195 504 904
196 84 652
196 358 61
197 236 585
198 427 884
198 220 44
199 79 656
199 139 708
200 28 560
201 209 859
202 196 380
203 262 318
203 270 528
203 35 309
204 425 146
205 387 105
206 326 156
206 423 545
206 569 553
206 357 15
206 430 1
207 232 315
207 208 200
208 213 580
208 111 429
208 505 1000
208 504 734
208 362 671
208 538 866
208 528 226
208 107 127
209 342 888
210 476 827
210 537 661
210 190 652
210 516 508
210 408 570
211 568 273
211 145 493
211 508 920
212 233 575
213 499 176
214 249 248
215 120 313
216 293 493
217 23 446
217 158 874
217 411 964
218 67 254
219 79 379
219 475 586
220 13 917
220 399 857
221 272 470
221 481 670
221 428 886
222 419 163
222 368 745
223 192 693
224 468 797
224 270 361
225 529 926
225 247 519
226 144 174
227 130 742
228 20 278
229 166 963
229 355 48
229 433 902
230 217 112
230 253 465
231 367 417
231 221 478
232 525 685
233 162 598
234 300 789
234 22 866
235 460 851
235 198 30
236 274 447
236 51 979
236 339 851
236 145 951
237 45 494
238 439 150
238 100 400
239 148 151
239 542 185
239 375 483
239 90 322
239 141 657
239 158 920
240 252 520
240 322 268
241 29 717
242 403 712
243 74 357
243 327 755
244 453 401
244 93 357
245 52 297
246 32 750
247 596 967
248 471 822
248 382 281
248 137 244
249 534 964
250 412 596
250 222 879
251 11 384
251 112 815
251 495 192
252 247 997
253 381 834
254 15 549
255 527 636
256 557 544
257 122 94
258 33 877
258 22 259
259 18 686
260 247 956
260 374 66
261 445 194
261 382 208
261 423 204
261 374 783
262 324 956
262 364 994
263 326 946
264 492 420
264 379 715
264 38 382
265 242 362
266 568 459
266 296 342
267 570 699
267 599 461
268 169 358
269 207 567
270 102 253
270 263 424
270 515 1
271 128 936
272 580 186
273 259 558
273 393 588
273 144 527
273 133 429
274 475 977
274 305 207
274 40 483
275 109 659
276 531 241
277 296 531
278 63 560
279 181 915
280 159 584
280 463 405
281 352 48
281 542 173
281 499 895
282 297 528
282 65 767
283 249 817
284 295 78
284 225 196
284 187 970
285 519 511
285 538 677
285 52 764
286 456 499
286 126 808
286 482 625
286 251 855
287 488 731
288 230 3
288 50 406
289 494 484
289 319 262
290 457 122
290 537 813
290 27 697
290 161 41
291 555 297
292 195 639
293 414 172
293 361 598
293 415 158
293 224 9
294 567 712
294 340 297
294 178 545
295 574 904
295 193 74
296 544 492
296 384 654
296 369 426
297 93 578
298 499 662
298 354 473
299 511 492
299 394 158
299 440 95
300 438 854
300 310 105
301 524 833
302 492 664
302 142 978
303 550 282
304 277 173
304 408 573
305 330 799
306 375 597
306 231 338
306 373 899
306 230 872
306 57 984
306 370 612
306 244 454
306 250 103
307 388 167
307 49 997
307 87 881
307 269 575
307 489 48
308 440 214
308 312 804
308 55 294
308 110 578
308 425 287
309 336 129
309 57 334
309 410 434
310 398 936
311 68 59
312 593 462
313 222 168
313 60 314
314 473 362
314 518 432
315 264 403
316 292 420
317 481 243
317 18 281
317 63 432
318 226 384
318 345 996
318 191 957
319 576 912
319 357 845
319 350 78
319 332 439
319 102 87
319 399 434
320 6 567
320 179 424
321 8 145
322 494 370
323 435 495
324 278 257
325 346 119
325 541 337
326 457 181
326 410 913
327 488 252
328 579 777
329 242 777
329 486 997
330 536 136
330 341 101
330 37 563
331 80 849
331 551 556
332 13 49
333 84 506
333 46 560
333 238 745
333 381 571
333 466 100
334 69 549
334 205 778
334 352 546
334 353 947
335 24 429
335 479 150
336 312 863
337 348 563
338 527 31
338 64 546
338 188 32
338 163 667
338 382 704
338 562 423
338 228 754
338 330 350
338 234 781
339 497 796
340 466 907
340 200 691
340 384 766
341 257 648
342 21 677
343 122 453
344 567 847
344 363 494
345 189 818
346 537 293
347 177 378
348 245 664
349 242 395
349 59 832
350 458 149
351 545 78
351 430 174
351 434 43
352 124 75
353 130 95
353 411 613
353 48 507
353 431 566
353 272 519
354 157 875
354 551 309
355 264 722
356 245 241
356 261 725
357 186 228
357 343 955
358 107 505
359 519 791
359 524 2
359 104 964
359 338 336
359 127 282
359 383 915
360 185 677
361 175 208
362 429 994
362 346 284
362 374 841
363 470 196
363 22 258
364 248 585
364 277 307
365 515 263
365 497 959
365 251 720
365 528 354
365 451 35
365 589 320
365 352 667
365 142 12
366 296 317
366 106 348
367 417 392
367 317 863
367 488 774
367 356 678
367 14 634
368 43 805
368 541 794
369 197 746
369 450 335
369 331 392
370 259 191
370 87 401
371 165 636
371 131 859
372 352 722
373 24 600
373 229 284
373 355 91
373 542 697
374 392 790
375 274 494
376 212 371
377 292 960
378 567 424
379 339 517
380 275 961
381 110 797
381 442 329
381 310 907
382 498 123
382 203 389
383 398 466
384 54 306
385 375 18
385 324 686
385 593 416
385 241 171
385 381 676
386 49 937
386 416 217
386 283 17
386 81 967
386 373 830
386 293 736
386 406 398
386 7 818
387 353 757
387 375 801
387 534 717
388 279 119
389 586 887
390 280 213
390 144 772
391 150 276
391 267 973
391 461 340
391 47 34
391 433 372
391 500 413
391 367 44
392 294 11
392 201 507
392 202 456
392 498 583
393 80 164
393 485 926
393 369 292
393 296 834
393 567 334
394 6 489
394 432 415
394 62 31
395 460 792
396 141 696
396 404 17
397 377 779
398 512 581
398 420 577
399 178 636
400 121 109
401 133 501
402 411 820
403 536 236
403 279 152
403 482 406
404 152 467
404 26 150
404 131 818
405 126 296
405 329 959
406 163 708
406 253 263
406 251 187
407 349 396
408 474 845
408 327 529
409 479 787
410 540 98
410 592 292
411 472 948
412 6 340
412 32 309
413 452 516
413 573 789
414 392 926
414 544 610
414 60 941
414 476 258
414 236 747
415 356 949
415 132 467
416 71 4
416 36 149
417 275 805
418 217 555
418 413 507
418 349 706
419 208 70
420 288 505
420 490 122
421 343 587
421 291 507
421 6 285
421 272 1000
422 239 799
423 449 714
423 65 519
423 201 433
424 105 618
424 409 959
425 82 666
425 285 328
425 12 744
425 128 971
425 586 894
425 157 675
425 468 475
425 440 778
425 263 895
425 268 814
425 237 492
425 81 127
425 40 369
425 453 584
426 305 982
427 73 5
428 13 864
428 133 92
429 413 425
429 107 186
429 260 577
429 49 282
429 132 334
429 67 42
429 159 74
430 511 604
430 23 899
430 83 847
431 587 551
432 167 859
432 369 176
432 532 356
433 377 64
434 541 436
434 24 928
435 508 461
436 28 988
437 273 661
437 127 157
438 383 818
439 250 881
439 419 640
439 431 815
440 56 603
440 597 860
441 516 338
442 378 392
443 587 863
444 406 638
444 253 490
445 148 746
446 22 864
446 420 187
447 226 560
447 178 367
448 436 566
448 528 399
448 107 699
449 4 457
450 337 503
451 117 31
451 187 461
452 366 406
452 242 367
453 140 35
453 13 382
454 504 764
454 300 180
455 258 213
456 200 875
457 340 214
457 137 216
458 36 106
459 253 95
459 520 222
459 389 615
460 549 830
461 270 173
462 2 583
462 425 470
463 109 325
464 125 658
464 279 544
465 370 433
465 244 393
465 599 676
465 435 262
466 374 543
466 19 49
466 243 257
466 403 619
467 388 170
467 237 305
467 593 876
468 149 798
469 6 497
469 118 445
469 416 882
470 472 655
471 286 712
471 309 154
471 301 6
472 27 230
473 182 594
473 241 1
474 100 121
475 414 214
476 588 372
476 235 292
477 562 123
478 72 348
479 398 775
479 366 226
480 323 579
481 527 851
481 50 384
482 231 978
483 363 953
484 447 411
485 439 100
486 536 637
486 99 591
486 528 429
487 82 215
487 213 973
488 153 555
488 44 584
488 398 248
488 435 703
489 179 28
490 11 424
490 57 172
490 264 370
490 206 799
491 387 515
491 110 839
491 43 585
492 388 950
493 233 11
493 379 560
493 567 724
493 575 368
493 520 197
493 247 260
493 552 439
494 560 773
494 351 172
495 512 807
495 231 388
495 348 897
496 522 303
496 314 368
496 552 619
497 107 950
498 242 512
498 583 399
499 328 461
499 527 468
499 299 595
500 541 578
501 304 51
502 339 781
503 5 573
504 533 279
505 177 299
505 554 114
506 363 117
507 487 776
508 104 642
508 329 761
508 52 977
509 431 615
510 31 751
510 465 53
511 246 829
512 12 743
513 397 898
513 202 789
513 112 650
514 348 486
514 154 153
515 597 356
516 207 780
516 180 648
517 92 704
518 209 653
518 265 849
518 600 190
519 66 146
519 279 710
520 83 915
520 236 362
521 164 612
521 452 781
521 522 105
521 393 112
521 453 871
522 247 545
522 559 712
522 61 689
522 70 786
522 585 981
523 208 80
524 520 600
524 31 718
525 131 170
525 74 557
526 575 929
527 98 637
527 238 741
527 57 680
528 237 896
528 374 456
528 27 114
529 52 757
530 327 505
531 216 958
532 270 888
533 96 388
533 109 202
534 112 530
534 126 573
534 166 341
534 106 44
534 296 343
534 489 382
534 144 795
534 128 79
534 581 651
534 170 685
534 192 131
534 571 741
534 538 945
534 362 512
535 218 771
535 63 680
536 130 658
537 314 725
538 520 370
538 11 819
539 578 221
539 209 212
540 221 912
541 378 852
541 346 641
541 332 53
541 273 457
542 557 884
543 308 836
544 80 164
545 490 804
545 441 721
546 329 792
547 191 493
547 245 174
548 293 399
548 237 379
548 392 256
548 193 274
548 506 434
549 258 97
549 542 362
549 528 654
550 373 286
550 78 958
551 158 236
551 26 340
552 414 836
552 192 129
553 38 737
554 369 357
555 334 203
556 293 385
556 268 542
557 213 269
558 279 871
558 28 353
559 234 619
559 88 315
560 352 225
561 492 988
562 421 843
563 555 855
563 257 831
564 569 389
565 217 397
565 579 369
566 395 500
566 42 126
566 67 90
567 33 592
568 540 634
568 504 202
569 198 123
569 406 327
570 140 73
570 132 7
570 81 537
570 517 733
570 51 699
570 445 517
570 61 318
571 514 714
572 171 744
572 344 542
572 143 297
573 597 765
574 483 837
574 457 691
575 534 395
575 51 493
576 519 968
577 483 215
577 26 749
578 327 677
578 11 507
579 348 58
580 429 150
581 212 469
582 32 974
583 291 587
583 533 849
583 389 42
583 99 323
584 398 249
585 264 557
586 373 337
587 382 351
588 398 768
589 198 553
590 519 694
591 348 274
592 323 654
592 96 430
593 417 914
593 573 134
594 196 248
594 254 931
595 542 61
596 138 304
597 13 914
598 476 430
598 72 447
598 432 57
599 213 826
600 207 150
600 73 856
601 223 809
602 453 427
603 227 443
603 292 532
603 185 624
604 362 289
605 296 142
605 206 237
605 472 82
605 540 269
606 171 241
607 413 283
608 202 427
609 353 530
609 564 230
610 336 729
610 105 76
611 85 699
611 248 197
611 40 276
611 388 120
611 297 990
612 134 685
613 65 414
614 485 366
615 100 319
616 391 621
616 180 429
616 449 999
616 96 930
616 153 560
617 33 300
618 426 881
618 37 785
618 294 962
618 154 818
619 474 745
620 62 105
620 558 652
620 322 258
621 568 182
621 212 840
622 369 420
622 331 712
623 489 268
623 479 247
624 521 393
625 496 987
626 419 480
627 178 826
627 552 403
628 552 111
629 436 514
630 246 129
630 219 664
631 407 913
631 307 966
632 234 515
633 27 373
634 106 986
635 503 104
636 379 739
636 198 653
637 552 783
638 200 814
638 522 958
639 577 84
640 545 317
641 213 290
642 48 972
643 89 249
643 334 789
644 499 899
644 216 461
645 222 94
645 462 470
645 255 853
645 387 907
645 462 570
646 105 618
646 580 751
646 276 481
646 6 116
647 451 624
648 414 777
648 369 385
648 532 831
648 416 198
649 167 299
650 385 486
651 337 844
652 514 569
653 368 957
654 511 542
654 108 106
654 444 795
654 483 415
655 6 457
656 294 103
657 242 629
657 318 815
657 540 595
657 37 695
657 531 485
658 189 699
659 234 748
659 534 80
660 211 737
661 79 179
661 499 359
662 450 244
663 452 328
663 236 244
664 22 263
665 378 296
665 284 379
665 473 926
666 182 582
666 163 121
667 534 399
668 317 59
669 341 183
669 527 27
669 286 962
669 136 273
669 491 401
669 447 655
669 64 893
670 471 237
670 354 326
670 558 833
670 512 96
670 558 231
670 273 719
670 297 938
671 414 142
672 84 982
672 195 31
673 511 178
673 325 239
674 35 783
674 139 509
674 345 115
675 401 486
676 466 187
677 422 510
678 15 665
679 367 168
679 496 430
680 145 151
681 177 278
682 513 207
682 490 569
683 30 701
684 512 916
685 27 960
685 17 30
685 516 685
686 366 358
687 345 960
687 581 384
688 81 470
689 20 396
689 39 561
690 491 356
691 434 778
691 369 671
691 430 396
691 286 284
692 486 671
693 8 700
694 420 221
695 480 914
696 302 285
696 397 319
696 235 314
696 232 604
696 106 322
696 60 431
696 541 311
697 140 372
698 188 596
698 381 590
698 479 706
698 78 535
699 299 928
700 525 943
700 441 518
701 320 421
701 64 902
701 545 703
702 23 97
702 197 638
703 190 210
703 339 776
704 303 138
705 190 14
705 17 655
705 484 357
706 453 968
707 333 885
708 153 36
708 327 265
708 134 701
708 314 145
708 530 651
708 355 499
708 143 452
708 147 956
708 79 327
708 191 220
708 30 148
709 358 164
709 392 130
709 528 302
709 275 841
709 599 266
710 275 834
710 504 615
711 348 329
712 450 732
712 542 473
713 229 553
714 484 555
714 357 30
715 308 404
716 176 285
717 141 837
718 393 360
719 40 738
719 392 536
719 391 642
719 579 658
719 500 69
719 441 608
719 422 964
719 114 783
719 103 749
719 78 334
720 192 963
721 450 57
721 471 273
722 288 706
722 291 507
723 232 284
724 241 321
724 221 152
725 294 653
725 444 893
726 38 686
726 5 593
727 327 388
728 202 184
729 562 866
730 502 952
731 142 275
731 578 825
731 589 734
731 557 314
732 428 741
733 69 893
733 208 742
734 17 30
735 9 521
735 58 73
736 324 764
737 335 93
738 116 915
738 112 360
739 469 2
739 253 777
740 483 123
741 140 351
742 257 863
743 120 596
743 395 686
743 578 456
743 307 592
744 534 505
744 141 888
745 403 318
745 450 757
746 477 469
746 92 400
747 527 988
747 8 864
747 109 344
747 279 950
747 401 800
747 432 329
748 414 404
749 434 426
750 119 176
751 101 797
751 150 945
752 374 880
752 398 107
753 156 510
753 339 320
753 268 81
753 389 324
753 592 352
754 414 586
754 267 750
755 314 974
756 450 147
756 260 966
757 567 285
758 290 804
758 477 790
759 149 670
759 258 62
759 471 348
760 434 791
760 120 210
761 410 276
762 286 985
762 35 889
763 213 71
763 214 172
764 454 64
765 508 16
766 492 279
766 542 559
766 548 539
766 488 59
767 99 24
767 321 856
768 39 231
768 272 860
769 430 370
769 252 807
769 304 761
769 322 99
769 133 277
769 160 934
770 308 521
770 444 331
771 146 959
771 404 251
771 449 817
772 117 272
772 351 145
772 35 242
772 128 127
773 438 303
773 66 385
774 15 802
775 115 161
776 83 598
777 208 198
777 134 15
777 217 239
778 165 216
778 257 882
778 367 306
779 344 395
779 18 16
780 400 535
780 503 735
780 134 430
780 421 970
780 41 421
780 591 652
780 115 231
780 264 863
780 149 398
780 364 314
781 211 942
781 250 93
781 266 710
782 179 477
783 354 936
784 479 532
784 399 997
785 360 847
785 134 506
785 192 987
785 569 89
786 144 123
787 588 480
787 415 188
787 354 768
787 555 825
788 220 305
788 563 608
788 582 887
788 374 236
788 201 251
789 139 816
789 343 150
789 140 664
790 472 37
791 534 929
792 244 258
792 589 665
793 295 961
794 164 58
794 192 363
794 300 221
795 387 764
795 574 520
795 280 604
795 506 950
796 485 282
796 532 949
797 177 383
798 132 618
798 65 146
798 493 577
799 578 455
800 244 920
800 7 213
801 507 896
802 271 345
803 481 543
804 507 260
804 387 831
805 149 464
805 183 79
806 517 73
807 311 64
807 24 263
808 349 588
808 574 656
809 485 632
810 458 614
810 394 370
811 560 687
812 113 945
812 565 20
812 585 668
813 511 320
813 141 349
814 531 386
815 295 87
815 281 969
815 548 841
815 73 962
815 518 735
815 325 588
816 423 613
816 540 243
816 522 181
816 252 924
817 126 570
818 389 85
818 416 384
819 73 568
819 370 278
819 326 710
820 345 968
820 329 991
820 273 500
820 237 247
820 367 674
820 137 51
821 161 886
821 194 602
822 51 502
822 87 62
823 509 119
824 45 590
825 396 434
826 541 225
826 490 877
826 212 626
826 470 777
827 160 165
828 476 163
828 218 337
829 363 468
829 190 954
829 556 821
829 266 707
830 321 972
830 277 93
831 492 241
832 51 408
833 56 621
833 540 760
834 138 513
834 253 569
834 217 29
835 138 46
835 482 420
835 166 15
836 395 468
837 3 276
838 584 410
838 74 428
839 303 73
839 296 65
839 69 822
840 432 574
841 37 730
841 60 591
842 534 808
843 242 788
844 332 572
844 43 3
844 73 179
845 99 774
846 119 170
846 202 174
847 47 769
847 237 978
847 511 425
847 561 643
848 579 933
848 297 259
848 258 701
848 564 682
848 256 21
848 163 56
849 107 558
850 545 777
851 493 100
852 248 843
852 560 644
852 130 68
853 47 807
853 5 980
853 372 229
854 402 559
855 593 498
856 178 335
856 469 433
856 60 482
857 207 485
858 96 586
859 222 887
860 252 478
860 121 371
860 427 989
861 536 751
862 480 330
862 316 864
862 452 791
862 353 186
863 583 743
863 37 360
863 373 557
864 251 376
864 42 574
865 62 333
865 419 462
866 186 742
866 84 962
867 4 513
867 592 58
867 72 865
868 265 790
868 63 190
868 222 868
868 207 460
869 517 827
870 519 383
870 486 671
871 304 275
871 499 598
871 267 407
871 359 649
872 104 946
872 35 683
872 254 985
873 94 745
873 108 880
873 381 292
874 76 628
874 441 877
875 66 759
876 563 744
876 203 881
876 57 119
877 301 71
878 366 504
879 172 176
880 268 73
881 211 444
881 283 798
882 517 809
883 530 674
884 579 108
885 285 623
886 26 894
886 131 182
886 173 268
887 254 135
887 293 462
888 4 543
889 157 964
889 334 284
889 283 137
890 370 808
891 569 947
891 546 37
891 196 448
892 536 208
893 126 993
894 537 550
895 225 368
895 467 7
895 345 431
896 577 880
897 373 848
898 46 522
899 323 88
899 114 912
899 32 362
899 479 775
899 543 473
900 39 868
900 397 493
900 184 507
900 335 150
901 584 871
901 350 694
901 450 421
901 457 784
901 197 439
901 422 759
901 533 472
902 316 223
902 94 620
903 139 128
903 487 131
903 408 78
904 133 210
905 595 922
906 333 500
906 35 200
906 336 300
906 445 889
906 6 169
907 363 631
908 179 946
909 576 372
909 239 830
910 181 798
910 318 843
911 279 486
912 419 982
913 574 848
914 141 89
915 169 530
915 284 415
915 5 418
916 214 173
916 587 853
917 489 719
917 364 810
917 125 217
918 213 213
919 284 68
919 35 752
919 104 110
920 116 924
921 511 132
922 565 111
922 395 559
922 528 123
923 379 147
923 524 197
923 488 930
924 31 56
925 175 777
926 229 13
926 497 757
926 374 700
926 411 522
926 279 104
927 380 417
927 470 682
927 292 771
927 530 252
928 194 374
928 91 288
928 452 481
929 269 256
929 85 407
930 187 227
931 79 585
932 387 397
932 567 582
932 315 909
933 507 23
933 300 617
934 363 430
934 208 133
935 527 12
936 393 491
937 175 965
937 598 460
938 451 76
939 74 892
940 429 91
940 566 800
941 136 951
941 358 446
941 451 192
942 454 713
942 479 913
943 414 802
944 407 812
944 594 254
945 569 148
946 323 529
946 86 208
946 71 626
946 141 189
947 495 356
948 370 335
949 122 197
949 114 357
949 414 928
950 453 646
951 543 434
951 351 63
951 528 790
951 276 119
951 142 895
952 144 609
953 179 824
953 373 813
953 446 552
953 590 118
953 94 259
953 68 321
954 157 848
954 190 869
955 15 515
956 101 918
956 102 938
956 400 62
956 437 626
957 373 820
957 337 489
958 596 830
959 311 102
959 235 305
960 599 637
960 370 145
961 568 403
961 474 778
961 591 925
962 249 916
963 536 968
963 318 400
963 158 701
964 161 843
964 148 581
964 333 478
964 5 723
965 307 605
965 339 44
965 11 275
966 19 729
966 287 618
967 530 473
968 128 535
968 83 537
968 367 466
968 227 776
969 258 96
969 285 409
969 214 797
969 127 429
969 32 743
969 276 907
970 530 121
970 138 343
971 543 385
971 497 414
971 398 395
971 248 352
971 488 338
972 82 541
973 30 409
973 461 109
974 330 183
975 390 124
975 120 938
976 194 797
977 211 615
978 253 458
978 91 740
978 139 930
979 567 265
979 40 848
980 334 806
980 568 393
981 301 229
982 86 313
982 449 56
982 391 39
983 348 233
983 530 712
983 404 108
983 5 289
983 55 974
984 43 304
984 235 726
984 63 397
985 422 185
985 413 590
985 383 700
985 399 179
985 76 57
986 11 478
986 301 626
987 94 357
987 556 58
988 490 786
989 63 519
989 414 335
989 504 160
990 507 393
990 206 714
991 538 703
992 214 997
993 205 944
994 216 978
994 390 568
994 185 325
995 483 30
995 225 306
996 412 647
996 293 78
996 463 672
997 166 31
997 587 163
997 389 192
997 446 32
997 394 676
998 65 553
998 391 976
998 98 977
999 370 961
999 137 362
999 25 240
999 518 448
999 94 385
999 332 848
1000 473 709
1001 59 518
1001 293 922
1002 449 136
1002 425 9
1002 107 321
1003 565 893
1004 575 495
1005 567 851
1005 182 312
1005 473 247
1006 541 47
1006 351 624
1006 119 126
1007 350 272
1007 98 465
1008 402 684
1008 23 709
1008 170 559
1009 482 503
1009 409 715
1010 549 345
1010 531 666
1011 148 944
1012 205 287
1012 511 299
1013 261 862
1014 368 988
1014 591 658
1015 137 11
1015 43 774
1016 358 871
1016 519 330
1016 97 592
1016 423 709
1016 465 72
1017 267 148
1018 498 663
1018 337 489
1018 371 597
1018 324 841
1018 369 320
1018 306 306
1018 283 853
1018 409 926
1019 424 389
1019 164 139
1020 327 295
1021 479 916
1021 586 735
1021 235 479
1021 463 816
1022 554 303
1023 381 387
1024 374 230
1025 459 790
1026 101 805
1026 202 618
1026 130 38
1027 2 642
1027 139 224
1027 562 855
1027 265 804
1027 501 514
1028 338 221
1028 389 499
1029 501 34
1029 589 15
1029 445 588
1030 486 502
1030 311 329
1030 443 781
1031 467 212
1031 17 973
1031 190 145
1032 37 101
1033 378 866
1033 359 920
1034 153 801
1035 336 537
1035 132 523
1036 167 949
1037 584 348
1037 284 673
1037 473 373
1037 375 837
1038 130 461
1039 337 919
1039 388 8
1040 23 873
1040 569 935
1040 456 173
1040 375 304
1040 355 378
1041 231 110
1042 263 888
1043 498 428
1043 395 438
1044 555 492
1045 128 922
1046 420 560
1047 36 463
1048 408 58
1048 461 462
1048 432 157
1049 334 675
1050 142 987
1051 460 835
1052 302 429
1052 583 650
1052 192 546
1053 170 104
1053 179 325
1054 444 747
1055 349 678
1055 319 981
1056 566 295
1056 301 233
1056 525 618
1056 333 587
1056 148 754
1056 589 670
1056 477 295
1056 544 991
1057 142 704
1058 253 935
1059 221 319
1059 124 225
1060 3 130
1060 365 799
1061 330 607
1061 269 478
1062 312 710
1062 349 536
1062 241 73
1063 120 968
1064 11 924
1064 439 195
1065 134 778
1065 42 859
1065 73 231
1066 44 773
1067 549 143
1067 178 993
1068 558 500
1069 83 281
1070 504 615
1070 187 709
1071 290 328
1072 278 793
1072 243 613
1073 497 617
1074 533 339
1075 98 39
1076 377 932
1076 334 553
1076 519 800
1076 514 942
1076 93 343
1076 569 734
1076 45 29
1077 595 265
1077 308 334
1077 488 807
1078 479 618
1079 376 676
1080 567 320
1080 7 107
1081 251 318
1081 282 660
1081 289 195
1082 145 254
1082 142 668
1082 555 993
1082 124 68
1083 23 860
1084 350 443
1085 303 631
1086 357 980
1086 138 401
1086 388 535
1086 146 743
1086 44 30
1087 303 403
1088 417 346
1089 49 705
1089 336 318
1090 254 471
1090 385 388
1090 596 431
1091 310 231
1091 401 463
1091 292 752
1091 152 827
1091 504 315
1092 20 607
1093 585 900
1093 8 22
1093 333 221
1093 388 656
1093 265 939
1093 110 211
1094 387 196
1094 434 82
1094 568 767
1095 109 114
1096 200 704
1097 236 485
1097 438 872
1098 184 34
1098 102 741
1098 54 65
1099 516 764
1099 238 880
1099 365 97
1099 258 940
1100 222 198
1100 407 817
1101 71 58
1102 591 79
1102 24 695
1103 61 133
1103 508 615
1103 599 226
1104 393 586
1104 490 169
1104 470 754
1104 537 855
1104 264 865
1104 480 130
1104 492 831
1105 203 956
1105 151 484
1106 303 394
1107 406 560
1108 350 781
1109 323 477
1110 544 15
1110 360 170
1111 378 51
1111 283 933
1111 261 804
1111 348 236
1112 446 79
1112 436 165
1112 29 634
1113 421 714
1113 534 298
1113 232 972
1113 101 647
1114 599 150
1114 112 497
1115 384 599
1116 468 174
1117 380 120
1117 206 341
1117 457 772
1118 230 343
1118 284 192
1118 303 168
1119 339 808
1119 337 597
1120 451 320
1121 316 381
1121 276 280
1122 181 449
1122 245 918
1123 104 369
1123 452 895
1124 274 968
1124 98 580
1124 140 961
1125 525 315
1125 410 69
1126 372 597
1126 597 263
1126 393 492
1126 512 360
1126 158 725
1126 319 506
1126 157 646
1127 276 614
1128 398 524
1128 406 808
1129 443 455
1129 263 802
1129 283 610
1130 281 891
1131 312 852
1132 577 353
1133 310 849
1133 512 768
1134 68 725
1135 400 37
1136 327 595
1137 178 303
1137 228 686
1137 452 92
1137 83 34
1137 235 155
1138 310 913
1139 138 346
1139 125 402
1139 252 280
1140 51 88
1141 179 621
1141 429 870
1141 175 124
1142 55 494
1142 446 402
1142 446 38
1143 580 664
1143 271 992
1144 27 76
1145 120 782
1146 260 2
1147 305 713
1147 65 922
1147 579 905
1147 188 725
1148 44 713
1149 221 743
1149 133 537
1149 362 719
1149 564 233
1149 174 995
1149 189 610
1149 563 886
1149 341 797
1149 374 41
1149 80 179
1150 278 9
1151 296 622
1151 454 705
1152 554 686
1153 581 364
1154 233 240
1154 284 960
1155 51 493
1155 362 957
1155 439 97
1156 454 38
1156 112 241
1156 105 168
1157 511 302
1158 42 564
1159 310 234
1159 222 419
1160 382 506
1161 19 614
1162 443 267
1162 394 111
1163 519 432
1164 305 410
1165 203 65
1166 318 271
1167 44 346
1168 565 455
1168 75 51
1169 483 957
1170 64 112
1170 105 549
1170 306 4
1171 430 332
1172 578 6
1172 495 54
1172 523 740
1172 542 407
1172 61 160
1173 544 699
1174 156 244
1174 287 532
1174 28 858
1175 290 630
1176 172 998
1177 584 312
1177 466 62
1177 264 330
1177 47 169
1177 458 476
1177 569 443
1178 274 207
1178 431 398
1179 141 254
1179 324 147
1180 455 784
1180 501 833
1180 232 267
1180 517 425
1180 143 720
1181 367 555
1181 64 810
1182 478 447
1182 574 634
1183 388 263
1183 81 280
1183 372 338
1184 560 386
1184 356 56
1184 10 786
1184 20 166
1185 547 761
1185 184 970
1185 353 991
1185 441 437
1186 301 960
1186 534 97
1187 32 999
1187 419 478
1187 216 873
1188 50 752
1188 596 500
1189 166 15
1190 357 462
1191 458 101
1192 337 201
1193 263 50
1194 204 320
1195 218 360
1196 560 758
1196 576 986
1197 564 120
1198 323 549
1199 400 606
1200 1 413
1200 278 822
1201 31 36
1202 214 948
1203 537 302
1204 486 164
1205 301 282
1206 223 935
1207 141 981
1208 266 948
1208 264 270
1209 181 762
1210 264 833
1210 311 187
1210 213 844
1211 514 177
1211 46 744
1212 488 820
1213 18 337
1214 231 37
1215 318 590
1215 48 276
1215 143 680
1215 425 398
1216 432 767
1216 227 846
1217 430 180
1218 150 562
1219 9 380
1220 484 625
1220 260 312
1220 160 57
1221 597 704
1222 42 345
1223 10 242
1224 250 497
1225 389 121
1225 56 283
1225 466 674
1225 341 13
1226 135 381
1226 156 100
1227 442 984
1227 196 545
1227 256 227
1227 3 545
1228 54 641
1228 298 712
1229 451 660
1229 87 405
1230 317 912
1230 442 118
1230 65 12
1230 468 854
1230 405 840
1230 589 595
1230 431 731
1230 8 39
1231 378 498
1232 361 792
1233 517 356
1233 477 681
1234 341 779
1234 66 314
1235 45 489
1235 474 410
1236 239 114
1236 305 368
1236 425 625
1236 460 669
1236 237 859
1237 28 901
1237 459 491
1237 58 28
1237 257 932
1238 3 922
1238 439 550
1239 379 873
1240 83 224
1241 403 655
1241 78 501
1242 382 344
1242 1 48
1242 514 72
1243 120 981
1243 45 308
1243 218 145
1244 572 743
1244 178 880
1244 36 851
1244 392 337
1245 540 252
1245 288 583
1246 53 401
1246 395 250
1247 551 231
1248 289 274
1249 456 155
1249 352 105
1250 240 929
1251 260 647
1251 464 12
1251 229 802
1251 29 554
1251 53 257
1251 369 240
1252 205 450
1252 435 910
1252 28 886
1252 135 567
1252 242 404
1252 258 993
1253 291 482
1253 398 373
1253 370 645
1253 366 74
1253 339 979
1254 429 805
1255 395 753
1256 456 682
1257 480 816
1258 304 199
1258 375 68
1259 292 464
1259 341 267
1259 568 372
1259 212 29
1260 499 69
1260 542 37
1260 439 453
1260 356 313
1261 563 403
1262 585 189
1263 319 184
1264 33 849
1265 393 867
1266 228 983
1266 444 374
1266 159 810
1267 205 515
1268 544 215
1268 594 510
1269 20 517
1269 12 972
1269 169 32
1269 439 163
1270 273 183
1270 214 259
1271 552 218
1271 292 446
1272 414 741
1272 205 696
1272 239 842
1272 17 243
1273 592 773
1273 141 478
1273 200 370
1274 107 521
1274 455 617
1274 592 519
1274 60 87
1274 41 832
1274 256 982
1275 592 694
1276 215 639
1277 338 237
1277 268 902
1278 549 197
1278 185 813
1278 373 635
1278 34 789
1279 309 962
1279 552 520
1279 170 38
1280 333 826
1280 569 132
1280 120 159
1280 179 469
1281 54 874
1282 43 963
1283 440 925
1283 540 547
1284 424 878
1285 414 109
1285 67 259
1285 483 189
1286 525 525
1287 311 240
1288 140 610
1289 7 124
1290 557 737
1291 238 364
1291 447 971
1292 223 773
1292 32 773
1293 237 21
1294 82 82
1295 473 660
1295 242 942
1296 246 970
1297 385 289
1298 509 857
1298 325 705
1298 51 523
1299 154 517
1300 236 171
1300 351 572
1301 504 362
1301 484 224
1302 329 314
1302 261 534
1303 322 629
1303 219 443
1304 543 870
1304 599 702
1304 426 877
1305 168 275
1306 157 673
1307 290 831
1307 259 564
1308 137 238
1309 17 552
1309 452 76
1310 472 520
1310 160 456
1310 419 266
1310 189 766
1311 593 53
1312 339 559
1313 152 360
1313 190 582
1314 375 59
1314 375 756
1314 258 906
1315 462 910
1316 479 832
1316 12 374
1317 466 965
1317 550 573
1317 388 292
1318 178 878
1318 366 981
1319 299 572
1320 592 592
1321 5 472
1322 67 22
1323 354 927
1323 252 705
1323 5 127
1324 67 40
1324 12 215
1325 36 13
1325 449 338
1325 283 291
1325 179 643
1325 294 816
1326 558 197
1327 197 203
1327 405 668
1327 434 615
1327 315 849
1327 76 397
1328 367 410
1328 394 181
1329 137 579
1329 511 709
1330 292 93
1331 481 193
1331 375 962
1332 149 953
1333 436 827
1334 271 999
1335 555 698
1335 118 95
1335 538 530
1335 19 514
1336 78 565
1337 79 720
1337 231 496
1338 461 545
1338 80 804
1338 479 524
1339 577 863
1339 476 62
1340 491 976
1341 183 461
1342 592 334
1342 510 857
1342 420 100
1343 452 516
1343 343 941
1343 123 407
1344 504 742
1344 584 219
1344 214 629
1344 126 718
1344 307 635
1345 381 980
1346 150 252
1346 507 132
1346 313 746
1346 190 105
1347 413 287
1348 177 720
1348 330 598
1349 186 916
1350 372 783
1351 12 791
1352 590 411
1353 255 712
1354 236 635
1355 489 17
1355 95 447
1355 188 746
1355 352 789
1356 169 659
1357 311 811
1358 50 25
1359 104 962
1359 89 364
1359 176 844
1360 537 358
1360 236 265
1361 31 791
1362 121 600
1363 516 391
1363 48 417
1363 390 24
1363 594 533
1364 517 120
1364 26 91
1365 582 636
1365 167 192
1365 474 495
1365 164 407
1365 291 899
1366 158 296
1366 232 61
1366 153 134
1366 469 53
1367 419 896
1368 569 364
1368 177 910
1369 510 541
1370 85 500
1370 475 459
1370 364 878
1370 167 470
1371 291 157
1372 471 157
1372 578 242
1373 311 221
1374 3 125
1375 131 966
1375 494 94
1375 278 924
1375 489 635
1375 546 982
1375 312 920
1375 560 482
1375 548 974
1376 396 568
1377 438 28
1377 393 500
1378 588 220
1378 110 68
1378 239 596
1378 341 774
1378 420 888
1378 212 59
1379 587 269
1380 2 430
1381 152 207
1382 458 144
1383 479 63
1383 27 371
1384 200 5
1385 448 1
1386 19 127
1386 434 557
1387 134 553
1388 308 738
1389 226 924
1389 152 264
1389 258 156
1390 268 351
1390 363 526
1390 470 722
1390 77 455
1391 600 168
1392 276 343
1392 444 591
1392 70 38
1392 22 432
1392 354 75
1393 57 519
1393 151 883
1393 346 949
1394 87 272
1394 240 846
1395 283 911
1395 331 891
1395 282 765
1395 192 384
1396 519 27
1397 269 58
1398 58 928
1398 573 917
1398 592 474
1398 421 227
1398 434 919
1399 19 820
1400 78 493
1401 419 718
1402 242 101
1402 430 92
1403 457 808
1403 113 245
1403 440 613
1404 430 540
1405 536 978
1406 408 793
1407 28 18
1408 90 282
1408 101 948
1409 592 229
1409 162 550
1409 258 825
1410 7 823
1411 426 842
1412 147 374
1412 98 419
1412 38 47
1413 447 766
1414 20 23
1415 273 266
1415 39 542
1415 443 676
1415 327 504
1415 557 436
1415 451 886
1415 138 710
1415 293 368
1416 156 694
1416 59 286
1417 392 38
1418 22 53
1419 446 349
1420 243 78
1420 266 63
1420 373 152
1420 430 169
1421 46 356
1422 389 484
1423 410 538
1424 517 842
1424 268 189
1425 48 517
1425 107 90
1426 37 496
1427 426 241
1428 470 969
1428 379 398
1429 471 25
1429 430 928
1430 547 614
1430 389 312
1430 360 817
1431 477 425
1431 183 421
1431 127 425
1432 76 568
1433 597 93
1433 73 196
1433 510 241
1434 440 774
1434 435 372
1434 197 810
1434 599 451
1435 30 863
1435 142 856
1435 493 773
1435 45 6
1436 414 49
1437 225 197
1438 323 285
1439 94 152
1440 42 767
1441 95 532
1442 562 895
1442 314 479
1442 67 778
1442 451 100
1442 359 624
1443 387 277
1443 114 87
1444 148 743
1445 263 980
1445 390 491
1445 488 769
1445 167 297
1445 466 361
1446 191 905
1447 492 99
