600 1000 50 10 3000
5 22
41 33
31 61
50 62
12 37
32 47
58 89
46 29
82 21
63 89
70 5
8 62
69 16
4 11
22 91
20 79
13 62
64 96
23 15
11 87
4 43
86 14
84 85
43 67
6 59
56 29
64 16
91 85
84 47
48 6
38 69
37 3
31 2
0 6
69 11
45 73
6 84
88 43
69 83
10 27
94 18
56 11
86 99
48 70
47 97
28 85
18 17
89 1
71 41
7 40
4 4
66 62
88 6
5 9
41 67
37 88
85 45
99 23
45 99
45 44
96 25
81 66
43 22
67 14
63 26
7 19
83 25
82 71
83 87
33 24
55 70
12 92
67 63
68 64
63 13
8 11
39 90
78 34
12 97
0 28
24 59
47 7
84 29
30 19
69 15
44 76
37 8
68 5
24 36
69 39
2 78
50 93
20 80
27 84
30 79
12 6
39 12
65 75
41 47
95 62
63 91
38 0
51 59
57 75
47 27
14 1
57 17
94 77
49 73
61 31
53 26
37 92
38 2
19 31
50 14
94 65
57 84
65 9
95 23
36 95
2 3
96 59
20 91
88 21
64 49
53 69
75 42
61 13
45 33
45 47
47 91
12 57
27 29
66 23
4 2
70 6
5 66
17 77
9 5
51 26
55 56
95 82
98 9
48 95
42 45
94 41
88 58
98 15
40 16
90 44
19 60
3 76
79 20
6 88
26 57
66 33
65 62
11 65
12 5
58 0
16 9
16 56
25 58
0 96
19 55
73 98
76 79
38 54
88 5
39 53
19 58
68 42
74 31
59 38
89 17
39 5
26 7
61 4
65 13
0 36
69 73
34 45
4 25
51 44
82 42
49 1
0 70
43 74
1 54
65 90
23 4
95 50
11 56
6 28
65 91
80 99
36 36
76 39
33 58
81 82
11 81
52 6
8 6
60 73
96 84
77 44
86 40
0 92
68 22
98 33
13 30
85 1
19 13
40 52
72 73
34 83
55 39
90 63
45 2
36 93
86 65
37 24
5 90
16 25
12 67
11 78
97 96
31 68
9 24
20 33
97 7
69 52
46 11
67 43
13 55
36 0
20 74
76 77
64 93
55 28
12 66
58 9
14 90
78 75
66 50
9 63
57 78
68 55
89 87
98 54
43 35
6 15
61 83
45 77
28 52
5 40
18 64
49 84
6 79
59 72
82 68
87 39
98 55
95 39
95 45
94 38
32 52
5 93
35 50
70 63
2 28
3 72
44 5
56 2
36 16
74 18
36 13
58 87
21 5
26 16
50 72
54 35
25 59
28 12
62 51
76 16
31 31
89 75
36 97
77 73
13 3
91 2
16 1
89 37
58 67
53 61
40 59
96 17
71 76
29 33
79 57
1 10
89 90
85 77
88 14
50 53
17 94
55 86
47 44
23 6
12 29
67 4
88 63
73 11
91 54
96 71
12 98
81 53
40 19
30 80
85 33
34 55
79 41
41 26
38 16
84 2
97 51
6 38
66 31
49 10
85 46
81 49
44 14
54 84
85 37
65 71
70 51
78 1
92 71
27 30
87 64
84 37
15 90
75 34
21 24
44 59
22 77
60 18
91 15
55 77
52 72
0 74
23 78
75 67
49 54
50 88
18 34
25 86
77 52
72 50
29 68
9 51
45 70
70 88
37 25
17 89
97 17
63 72
47 90
91 48
96 41
89 15
28 66
53 5
19 25
55 48
93 17
51 90
39 73
78 76
50 96
17 47
65 32
71 65
74 63
13 70
85 84
21 90
41 40
67 97
40 60
66 91
2 57
65 81
85 67
29 2
15 94
86 38
59 60
1 25
30 10
79 68
94 0
58 36
92 78
85 32
90 3
76 93
60 93
74 45
60 55
99 27
49 37
66 61
97 19
38 79
29 69
47 76
70 58
12 14
36 49
47 26
52 75
19 64
20 45
61 80
52 60
60 54
97 78
15 46
97 5
25 79
74 25
55 96
83 19
11 71
68 10
49 72
85 21
36 57
18 97
89 71
9 49
27 92
4 77
49 81
8 23
6 63
20 41
34 31
12 54
93 14
26 30
35 14
87 53
63 76
76 72
26 53
82 5
45 38
34 94
19 42
70 26
57 90
67 91
73 32
45 18
98 23
48 33
37 35
63 67
24 89
20 6
47 66
96 81
12 16
24 82
94 81
24 13
25 49
67 95
94 15
28 83
2 19
36 66
86 60
7 6
19 54
24 15
88 37
83 64
71 77
91 22
45 88
45 65
84 91
80 64
26 35
83 62
1 69
23 8
28 94
15 52
61 3
41 45
22 16
91 58
2 88
23 38
31 4
91 86
20 92
7 95
0 35
89 67
40 2
22 81
47 41
46 22
10 7
35 53
66 89
41 89
27 72
45 30
81 36
80 75
96 33
63 37
0 3
40 23
36 39
16 35
61 78
94 49
31 60
38 24
2 66
48 99
48 30
88 16
91 80
1 6
69 54
61 9
29 50
1 45
85 62
24 79
11 7
92 50
84 46
68 32
45 68
14 85
84 98
54 27
78 7
34 47
61 95
9 90
45 10
88 82
24 64
14 36
71 6
38 7
4 58
40 49
26 6
87 62
4 93
89 82
0 75
82 14
71 43
56 68
53 44
3 29
60 17
23 55
39 27
13 31
28 91
38 67
53 94
60 95
77 13
70 11
27 93
14 59
32 17
88 92
86 6
76 9
61 16
88 27
99 68
70 89
36 76
84 48
71 13
61 93
24 40
39 30
76 5
41 8
74 29
0 60
87 77
21 1
45 61
28 96
29 98
86 17
74 70
35 79
43 11
20 34
41 48
39 34
56 13
15 8
25 3
4 30
7 84
79 88
34 65
87 76
58 22
7 53
33 27
87 26
27 26
60 83
91 27
92 68
30 29
14 34
12 73
70 91
62 5
56 20
66 95
48 24
17 55
30 2
35 17
80 62
96 92
98 39
8 50
71 22
36 83
96 7
74 10
12 82
82 30
77 30
54 94
48 72
54 28
87 50
20 85
89 40
27 49
42 98
72 78
34 20
82 1
91 64
31 20
67 31
74 15
56 28
96 43
78 16
28 20
8 55
69 50
81 39
65 70
0 47
24 43
11 55
63 57
89 20
98 97
48 94
40 79
10 68
51 71
75 72
73 80
66 6
72 31
77 72
31 1
15 42
8 30
0 54
61 41
74 59
38 74
53 78
5 15
98 56
38 25
29 12
5 47
18 29
30 47
0 20
56 9
51 8
63 64
49 89
75 39
63 80
69 69
47 19
44 6
98 1
53 68
31 36
16 84
97 16
57 53
77 8
61 92
24 62
81 99
53 45
79 22
66 26
41 43
64 37
39 55
83 70
91 51
6 41
19 63
94 97
89 47
22 23
98 76
68 29
50 86
8 44
29 72
81 31
87 20
87 22
42 30
73 1
71 44
16 18
93 40
78 83
39 0
58 90
28 78
19 79
64 27
23 93
0 4
25 39
77 64
61 19
46 34
20 70
30 37
40 24
29 18
59 20
70 17
10 99
30 59
61 5
4 61
61 29
52 38
45 13
10 92
99 30
14 30
54 0
72 13
73 94
30 35
45 25
17 75
36 79
32 40
92 94
22 97
32 67
10 42
11 62
25 25
92 96
79 98
49 3
63 22
98 93
9 95
70 27
58 3
98 2
49 20
99 82
88 62
76 51
24 1
77 68
50 8
18 99
12 81
73 62
74 82
57 96
54 71
36 52
74 85
73 25
67 13
87 96
64 63
97 93
83 99
2 1
82 23
28 8
58 85
4 19
66 58
63 17
39 36
42 7
49 82
3 65
97 52
59 81
34 54
27 17
30 55
77 88
40 82
59 58
12 7
19 52
43 62
11 44
96 66
10 93
70 69
26 74
30 61
81 57
30 11
64 7
51 4
41 10
63 86
13 27
93 32
79 89
46 90
33 94
8 95
16 66
5 98
79 86
7 9
49 71
76 10
48 28
18 94
12 50
83 11
5 1
64 45
32 80
79 43
24 86
5 25
10 74
78 86
29 85
21 99
79 85
49 14
96 94
82 54
95 98
51 27
31 15
16 62
59 40
0 64
18 10
90 96
48 26
89 77
63 62
29 94
47 30
60 96
2 71
93 53
50 24
69 67
86 80
59 39
96 77
49 86
25 98
64 66
27 80
74 28
39 35
30 26
39 23
31 89
0 0
8 38
32 20
77 28
49 27
14 75
77 31
41 56
11 22
65 37
50 4
24 26
4 10
52 82
88 60
20 20
32 98
77 15
9 54
46 50
10 9
24 75
99 74
31 23
30 56
65 12
92 17
94 80
30 14
0 62
44 41
17 53
47 63
56 58
25 80
85 24
7 69
99 59
24 29
16 89
93 60
7 87
40 37
54 92
99 70
94 96
12 11
1 59
69 51
90 7
76 27
8 0
8 76
89 2
36 48
41 28
37 47
21 89
18 67
85 82
78 38
41 4
96 63
70 87
87 46
14 47
76 87
77 12
88 18
93 25
66 66
33 51
18 11
90 11
67 38
74 27
15 67
42 29
14 92
4 42
80 81
7 68
52 0
66 12
6 99
63 24
62 53
35 81
9 71
58 76
38 53
57 5
45 62
99 77
95 6
97 47
6 43
69 24
55 75
75 70
99 37
71 19
49 32
43 59
8 33
12 65
90 10
79 90
87 27
96 37
26 55
80 96
79 87
71 55
57 23
44 33
10 15
53 11
99 48
22 59
81 87
25 72
97 56
83 10
73 10
65 53
6 97
92 77
52 50
52 48
16 88
25 15
88 48
35 52
94 84
8 8
20 44
70 94
99 12
85 92
41 37
94 94
37 29
8 53
70 86
69 58
34 96
80 69
48 74
53 8
34 25
4 5
19 10
93 71
22 30
15 16
19 9
62 56
38 22
10 8
8 31
27 99
63 75
74 68
35 60
94 40
65 65
50 10
88 25
40 3
93 59
64 55
68 3
29 78
63 38
9 34
32 88
63 60
16 50
20 10
90 86
28 93
48 16
18 41
72 63
52 36
18 20
91 47
50 7
37 11
41 70
99 75
66 14
35 34
65 8
45 7
46 25
0 94
35 13
33 88
50 51
60 41
51 11
48 40
22 42
10 22
17 28
63 53
13 60
61 59
85 61
5 78
32 93
44 65
33 46
69 93
39 72
56 88
64 79
82 27
53 99
55 41
56 70
47 21
82 8
21 38
98 5
31 42
23 64
88 44
9 27
68 66
67 32
97 49
59 50
1 67
43 9
37 90
31 72
50 15
91 72
5 89
83 52
52 71
96 14
51 64
80 70
49 77
72 8
79 25
75 22
65 17
37 15
85 28
87 90
79 53
77 66
97 80
82 29
50 31
6 74
99 67
60 34
84 25
3 73
92 88
54 80
79 76
93 58
36 91
38 19
50 79
16 15
62 28
1 98
5 4
72 98
45 78
30 76
54 79
86 35
49 79
22 32
57 43
73 59
74 41
54 42
56 16
71 57
66 28
13 38
78 58
68 8
34 22
39 20
10 41
52 4
79 74
88 88
69 14
99 43
55 53
38 63
21 9
20 88
89 85
78 68
96 99
28 30
73 20
3 83
61 55
39 92
29 28
32 99
42 31
37 32
12 10
93 84
50 83
69 81
80 83
48 53
3 51
89 16
58 28
60 39
56 92
38 50
76 85
51 13
17 63
75 63
98 69
7 1
34 39
84 34
44 40
37 33
56 95
14 17
35 22
9 25
25 85
62 76
50 32
40 26
60 63
46 47
54 30
81 98
22 19
84 79
96 1
72 57
79 97
95 93
74 97
25 66
23 20
57 79
65 18
94 11
65 48
94 98
99 16
17 83
47 84
33 43
37 57
62 81
45 87
99 21
60 56
52 25
26 47
89 43
95 35
42 46
3 59
29 51
95 14
46 33
24 99
53 79
47 15
12 45
3 11
66 15
19 18
92 98
17 81
41 65
11 72
47 93
23 42
59 69
27 83
62 68
96 26
13 51
89 31
18 61
2 11
59 71
92 52
36 61
40 48
33 87
29 0
77 9
90 98
19 38
77 84
42 66
68 60
27 70
71 38
41 16
43 30
77 83
78 62
70 71
71 99
60 7
50 2
58 69
93 35
53 35
53 21
47 81
43 19
71 37
87 14
67 16
97 97
78 19
68 0
71 91
51 83
51 1
86 9
70 79
96 76
66 49
49 13
30 45
84 54
68 1
39 18
98 17
37 66
69 60
57 21
44 8
22 82
69 45
13 65
73 31
15 22
96 45
67 33
4 20
2 96
90 0
66 35
40 76
56 36
36 30
71 0
66 86
75 62
84 94
96 52
55 50
48 45
25 69
48 17
45 56
53 82
88 66
58 11
19 24
98 46
86 82
40 34
69 88
86 77
74 42
99 99
11 48
56 21
43 95
44 31
14 2
94 33
26 92
31 65
26 71
99 96
73 51
71 47
93 22
99 56
70 67
65 79
89 8
74 33
91 40
88 38
73 66
31 57
28 82
53 40
19 78
43 42
25 88
65 24
96 87
74 93
18 18
33 6
56 59
15 56
95 95
91 0
78 82
5 56
70 22
32 19
61 76
33 80
9 7
86 81
20 37
20 15
32 63
16 72
25 46
54 82
2 77
4 87
96 18
63 81
98 25
88 23
81 43
47 3
35 72
94 3
96 19
1 51
54 56
80 10
43 76
28 58
57 26
83 97
49 40
63 83
36 63
86 95
82 26
74 17
50 68
72 47
39 74
58 84
35 15
64 12
11 28
95 99
91 33
94 73
11 20
40 15
41 11
25 23
93 81
0 51
66 36
7 82
10 89
70 53
74 16
37 22
0 77
89 13
9 83
6 69
20 59
20 86
95 90
67 54
72 61
76 35
2 46
88 76
15 19
14 52
41 66
81 83
66 7
30 24
76 50
83 48
89 30
38 8
69 13
98 71
11 38
0 26
58 66
30 51
33 12
34 64
7 52
24 37
53 80
43 43
89 79
6 10
44 56
34 56
95 86
52 13
8 37
77 43
73 24
82 64
45 32
48 8
94 82
16 41
20 98
63 6
1 68
28 49
25 33
18 14
68 15
46 99
1 62
37 1
22 83
36 38
24 56
88 22
81 52
96 82
83 67
78 8
11 21
72 64
83 61
66 5
44 54
43 20
10 32
94 44
36 74
92 84
8 60
9 43
52 79
36 27
48 76
64 32
37 82
89 33
36 85
5 99
69 99
95 5
89 86
99 51
1 557 407
2 123 420
3 69 950
4 190 704
4 184 807
5 103 271
5 402 326
5 584 1000
6 388 417
7 440 319
7 439 67
7 150 959
8 379 583
9 43 514
9 275 352
9 485 154
9 468 7
10 434 419
11 319 440
12 512 846
12 187 280
12 464 979
12 214 859
13 170 442
14 201 158
14 25 535
14 214 458
15 317 833
15 93 225
16 556 960
16 307 862
17 105 342
17 448 962
18 148 844
19 228 163
20 490 671
20 451 669
21 492 334
22 311 740
22 471 72
22 261 358
22 417 982
22 260 142
23 178 910
24 98 436
24 4 687
24 12 212
24 241 753
25 484 433
26 445 988
27 143 251
28 191 931
28 234 406
28 426 297
28 229 198
29 513 691
29 599 412
29 470 191
29 379 564
29 526 407
29 13 205
29 402 759
30 29 696
30 293 883
31 213 526
31 547 334
32 398 512
32 415 393
32 189 894
33 149 922
33 127 80
33 595 845
34 494 370
34 118 201
34 285 942
34 44 51
34 231 942
34 160 178
34 45 328
34 308 401
35 330 201
35 201 555
36 559 979
37 155 449
37 462 246
37 236 328
38 440 409
38 491 686
38 66 513
39 91 271
39 135 523
39 440 394
39 484 410
40 515 165
41 76 573
42 58 592
42 316 285
42 531 137
43 26 718
43 169 922
44 19 336
45 259 198
45 599 246
45 19 62
46 164 701
46 80 471
47 256 764
47 476 174
47 548 573
48 68 515
48 313 739
48 406 975
49 49 237
50 86 845
51 238 453
52 29 74
53 582 682
53 16 7
54 112 755
54 245 676
54 329 441
55 234 899
55 153 662
55 89 859
56 483 546
57 215 491
58 69 497
59 585 21
59 486 313
60 371 840
61 99 109
62 13 691
62 149 226
63 402 576
63 117 676
63 153 2
63 50 966
64 416 519
64 268 177
64 300 818
64 174 104
64 571 59
64 599 974
64 493 171
65 557 420
65 414 540
66 135 916
67 415 729
67 216 250
68 434 769
69 91 640
69 172 387
69 575 680
70 590 878
70 366 497
71 444 516
72 257 979
72 162 880
72 28 242
73 464 948
74 190 478
75 327 172
75 262 709
76 518 573
77 520 872
77 205 635
78 53 694
79 34 92
80 197 351
81 204 486
82 296 601
82 248 255
83 216 887
83 20 857
83 499 897
84 254 954
84 557 630
85 450 304
85 548 332
85 54 584
85 240 490
86 342 527
87 526 521
88 442 903
88 401 563
89 424 716
89 445 46
90 577 943
91 108 748
92 97 776
92 227 305
92 312 884
92 149 600
93 198 903
93 429 224
94 74 144
95 368 479
96 301 454
96 150 56
97 506 183
98 470 640
98 575 146
99 496 727
99 450 189
99 565 939
100 74 770
101 76 215
101 545 975
101 471 854
102 204 68
102 508 125
103 71 780
103 172 478
104 407 817
104 456 558
105 586 542
106 150 162
106 322 382
106 325 390
106 557 172
107 199 798
108 489 940
109 117 76
109 354 988
109 191 162
110 413 86
111 242 22
112 296 363
112 343 178
112 339 784
112 401 208
113 586 523
113 461 386
114 232 126
114 131 613
114 206 405
114 329 133
115 435 952
115 171 359
116 296 145
117 386 501
117 304 515
117 219 972
118 500 582
118 583 963
118 256 649
118 465 827
119 373 162
119 292 164
120 167 400
121 204 221
121 427 257
121 212 764
121 573 232
121 130 538
121 9 40
122 167 319
123 115 95
124 520 688
124 254 984
125 501 906
125 212 227
126 51 847
127 297 18
128 318 494
129 328 401
130 531 634
130 470 632
131 132 792
132 485 372
133 161 685
133 420 146
133 408 359
134 583 571
135 181 2
135 8 112
136 552 231
136 302 705
137 199 481
138 156 978
139 183 339
139 416 341
140 205 148
141 209 169
142 270 519
143 55 604
144 23 677
144 60 480
145 252 975
145 456 889
145 417 358
145 393 826
145 398 901
145 456 904
145 553 72
145 96 31
146 120 47
147 307 735
147 571 563
147 500 466
148 431 602
149 595 713
149 373 801
150 32 649
150 269 557
150 514 744
151 373 131
152 74 410
152 405 948
152 497 821
152 361 696
153 318 587
153 147 534
153 221 26
153 221 532
154 339 493
155 150 86
156 509 239
156 208 292
156 545 145
157 454 467
157 343 346
158 529 588
158 4 269
158 300 245
159 131 271
159 100 956
159 112 84
159 21 280
159 184 408
159 498 499
160 585 557
161 165 996
162 103 583
162 16 852
163 46 599
164 352 637
165 310 803
165 373 174
166 159 132
167 424 661
167 311 204
167 464 52
167 337 884
167 538 343
167 446 988
168 350 498
168 454 111
169 88 860
170 81 809
170 208 730
170 368 489
170 459 628
171 66 384
171 440 302
171 352 880
171 375 251
171 192 178
171 579 207
172 408 946
172 590 61
173 585 73
173 493 979
174 424 89
174 199 200
175 309 657
175 537 508
176 368 786
176 33 632
176 18 793
176 396 138
176 379 780
177 497 189
177 236 874
177 68 76
178 36 199
178 456 360
179 411 694
180 87 650
181 422 622
182 117 777
182 418 578
183 475 34
184 583 128
185 355 712
185 65 990
186 347 143
186 360 884
186 475 275
186 285 986
187 509 645
188 450 210
189 215 325
190 35 509
190 521 357
191 570 265
191 43 402
192 595 398
192 455 410
193 376 866
194 444 183
194 359 436
195 93 504
195 473 148
195 408 603
196 310 595
196 86 946
196 36 194
196 583 2
197 431 864
198 310 358
199 351 63
200 581 199
200 563 88
200 576 10
201 276 346
201 485 570
201 269 663
202 170 501
203 168 91
203 45 20
203 189 902
203 223 665
204 568 283
205 164 480
205 109 151
205 188 33
205 193 531
206 469 196
206 156 276
207 30 840
208 518 67
208 97 943
208 496 696
209 514 519
209 447 65
210 437 838
211 81 831
211 573 708
212 50 267
213 367 276
214 85 115
215 290 299
215 105 489
216 1 478
217 70 309
218 423 598
218 504 958
219 323 873
219 196 489
220 554 375
221 477 347
221 43 283
222 417 503
222 411 922
222 523 678
223 249 753
223 397 267
223 415 808
224 54 654
224 571 9
225 160 101
225 560 959
225 133 648
226 525 960
227 582 510
227 56 822
227 431 330
228 274 343
228 364 547
229 147 70
229 449 627
230 222 481
230 20 516
230 438 127
231 358 574
231 600 31
231 365 813
232 433 403
233 565 911
233 304 573
233 296 47
234 341 278
235 78 399
236 195 990
237 148 202
238 474 643
238 546 612
238 489 748
239 394 75
240 10 256
240 416 169
240 310 900
241 415 134
242 313 207
243 124 480
244 121 651
245 224 40
246 459 900
246 320 30
246 466 693
246 276 143
246 215 204
247 393 647
248 385 69
248 136 815
248 81 825
249 361 641
249 403 499
250 330 337
250 146 698
251 25 142
252 226 531
253 308 494
253 378 630
253 256 547
254 114 185
255 600 789
256 332 398
257 353 157
257 58 509
257 457 222
258 366 697
258 253 54
258 84 686
258 264 416
259 225 860
260 405 929
260 33 707
260 147 471
261 144 681
261 319 612
261 200 192
262 125 259
263 187 469
264 587 805
265 525 127
265 276 3
265 153 664
265 30 66
266 514 84
267 406 537
268 261 398
269 212 646
269 235 264
270 131 429
271 234 16
272 421 825
272 216 314
272 178 240
272 174 343
272 384 879
273 490 609
273 565 233
273 594 62
274 172 432
274 190 498
275 511 291
275 386 502
275 199 811
276 210 797
277 466 431
277 118 178
278 556 646
278 415 379
278 379 146
279 206 274
280 47 635
280 178 565
281 263 902
282 152 932
283 197 165
283 354 458
283 171 503
283 474 528
284 415 738
285 409 79
285 530 555
285 187 28
286 437 828
286 399 868
287 505 986
288 596 628
289 321 674
290 298 673
291 347 879
291 250 737
292 363 901
292 107 628
292 145 500
292 380 300
293 236 980
294 76 499
294 106 580
295 544 578
296 270 106
296 196 36
296 169 95
297 256 256
297 346 108
298 544 726
298 19 29
298 389 834
298 338 74
299 11 305
299 558 691
300 519 890
300 486 565
300 214 463
301 469 112
301 263 389
302 288 212
302 332 555
303 352 156
303 275 38
304 572 958
305 507 588
306 335 861
307 537 764
308 155 400
309 140 531
310 9 362
311 145 950
312 298 89
313 260 642
313 129 900
313 221 964
313 163 43
313 284 891
314 550 625
314 378 911
315 251 858
315 329 238
315 70 711
316 291 255
317 172 473
318 200 10
318 564 635
319 378 762
320 87 885
320 593 587
321 436 637
321 463 567
321 544 557
322 183 97
323 76 592
323 524 884
323 342 415
323 371 528
324 368 977
325 53 374
326 305 373
326 138 315
326 357 184
326 444 286
327 512 191
327 51 788
328 590 678
329 508 627
329 351 396
329 181 657
329 306 160
329 91 502
329 173 308
329 503 308
330 213 612
331 289 400
332 563 915
332 505 819
333 320 582
334 177 297
334 431 390
334 530 881
335 199 452
335 574 227
336 281 441
336 162 687
336 95 986
337 86 55
337 256 810
338 74 400
339 143 496
339 258 808
340 146 943
341 212 126
341 235 468
342 467 728
342 427 646
343 77 614
343 42 39
343 388 626
343 241 629
343 315 858
343 554 388
343 410 780
344 421 522
344 169 921
344 317 357
344 5 81
344 449 764
345 350 68
346 538 456
346 420 95
347 116 899
348 53 54
348 316 534
349 501 707
350 378 162
351 74 270
351 480 632
351 337 250
351 101 552
352 472 817
352 101 768
352 41 361
353 92 614
353 475 124
354 442 446
355 257 317
355 409 372
356 188 460
357 572 807
357 69 564
357 43 303
357 383 216
357 502 422
358 397 103
358 15 492
358 391 573
359 341 604
359 486 760
360 516 80
361 431 226
361 190 180
362 411 919
362 52 746
362 576 918
362 182 298
363 197 806
364 94 932
364 179 722
365 361 639
365 161 2
365 11 321
366 21 523
366 554 114
367 141 660
367 456 265
368 412 102
368 352 793
368 437 583
368 293 509
369 471 301
369 534 848
369 597 311
370 526 434
370 473 509
371 306 776
372 76 761
373 58 253
374 26 355
375 167 129
375 518 60
375 300 314
376 167 416
377 555 642
377 479 310
377 14 930
378 63 166
379 29 771
380 116 209
380 256 591
381 338 286
382 109 111
382 320 874
382 470 588
383 244 27
384 123 309
384 320 107
384 113 610
385 581 998
385 205 53
386 64 361
386 567 407
386 335 917
387 452 128
387 266 334
388 445 912
389 83 864
390 274 766
390 240 545
390 181 912
391 394 637
391 309 84
391 4 982
391 238 521
391 150 382
391 84 794
391 5 593
392 252 556
393 467 824
393 419 508
394 200 177
394 113 489
395 21 236
396 175 377
397 480 38
398 414 723
398 486 289
399 240 731
400 565 775
401 8 904
401 162 471
401 529 551
401 5 976
401 231 715
401 533 589
401 115 42
402 319 497
403 462 187
404 212 149
405 557 192
406 543 646
406 570 681
406 278 704
407 98 753
408 443 201
408 193 610
409 528 505
410 144 930
411 11 211
411 155 204
412 215 513
413 546 99
414 72 656
415 596 286
415 200 399
415 417 698
415 295 342
416 75 344
417 289 498
418 279 576
418 569 899
419 342 189
419 568 639
419 343 844
419 4 415
419 15 992
419 58 255
420 297 129
421 368 696
421 395 384
422 452 427
422 560 346
422 460 732
423 460 114
424 486 24
425 436 921
426 84 593
426 191 680
427 133 622
427 414 519
427 99 814
427 493 59
428 448 905
429 375 657
430 50 195
430 136 89
431 307 8
432 280 603
433 362 765
434 392 43
435 283 122
436 246 863
436 78 355
437 445 600
437 90 547
437 45 685
438 154 610
438 148 166
438 82 780
438 103 503
438 76 975
439 263 135
439 359 436
440 179 265
440 377 359
441 289 600
441 64 959
442 150 332
443 436 495
444 199 141
445 100 868
446 133 62
446 574 276
447 83 401
448 102 152
449 549 950
450 162 897
450 555 317
451 354 844
451 277 720
452 93 154
452 320 167
453 97 810
453 589 974
454 143 238
455 590 787
455 43 652
455 83 447
455 382 152
455 524 285
455 149 509
455 358 792
456 282 359
456 584 817
457 273 409
458 203 978
459 345 196
459 205 258
459 12 107
459 585 588
460 146 301
460 71 259
461 561 573
462 357 540
463 21 708
463 221 79
464 440 522
464 365 560
465 120 157
465 232 119
465 117 280
465 516 716
465 212 208
466 328 605
466 26 865
467 235 231
468 575 931
469 227 619
470 428 519
471 333 803
472 81 424
473 357 699
474 589 941
475 496 587
476 312 694
477 240 258
477 245 877
477 578 846
478 386 850
479 348 446
479 186 144
479 130 170
480 541 606
481 584 898
481 508 739
481 581 674
481 497 510
482 449 57
482 401 544
483 352 534
484 328 226
484 317 333
485 335 400
486 275 260
487 89 511
487 178 769
487 348 760
487 436 590
488 436 305
489 196 130
490 276 509
490 47 596
490 10 209
491 528 987
492 320 51
493 61 953
493 163 454
493 154 112
494 49 656
495 584 636
496 152 615
497 198 531
498 248 163
498 90 169
498 596 102
499 516 700
499 170 283
499 319 397
499 92 445
499 71 474
500 504 342
501 172 621
501 465 386
502 353 73
502 39 457
503 316 687
504 137 839
504 48 900
504 13 822
504 586 115
505 126 738
506 430 692
506 189 348
507 231 278
507 329 821
507 573 531
507 240 930
507 143 825
507 141 179
508 329 8
509 132 178
510 366 152
510 150 156
511 52 64
512 304 614
513 406 581
513 187 560
514 258 529
515 98 49
516 330 118
517 432 522
518 250 545
518 246 188
519 387 782
519 434 263
520 378 625
520 25 579
521 274 306
522 570 827
522 113 507
523 416 413
524 477 443
524 151 993
525 68 143
525 77 714
525 359 926
526 519 908
527 237 508
528 44 339
529 340 891
529 481 615
529 224 194
529 379 789
530 296 242
531 312 364
532 463 855
532 221 106
532 164 462
532 327 660
533 134 836
534 21 954
535 378 627
535 584 505
536 496 448
536 540 451
536 376 424
536 459 884
537 206 314
538 204 35
538 40 894
539 413 226
539 212 576
540 599 933
541 205 106
541 352 626
542 218 256
542 353 830
543 560 422
543 294 447
544 251 959
545 161 949
546 94 236
547 329 7
548 159 233
548 527 646
549 425 786
550 147 186
550 259 652
551 103 269
552 115 822
553 133 387
553 132 960
554 314 815
554 568 437
555 352 433
556 489 412
556 288 505
556 281 185
556 235 3
556 193 86
556 376 769
556 510 498
556 484 493
557 228 168
558 172 751
558 562 769
558 399 427
559 260 830
559 113 20
560 9 164
560 330 590
561 202 704
561 344 295
561 94 152
561 180 533
561 258 181
562 583 212
563 168 428
563 94 358
563 419 534
564 486 460
565 271 805
565 13 207
565 192 599
566 92 815
567 318 422
568 242 375
568 181 161
569 478 203
569 461 939
569 461 71
570 294 405
570 587 465
570 314 678
570 180 127
571 438 298
572 324 103
573 442 922
574 461 666
575 256 502
575 358 712
576 362 144
576 36 220
576 456 865
577 350 797
577 251 305
577 432 113
577 211 324
577 454 438
577 47 888
577 161 330
578 60 139
579 357 173
579 80 278
580 50 268
581 306 832
581 367 991
581 275 733
582 245 969
583 478 703
583 221 622
584 256 316
585 389 390
585 355 470
586 392 18
587 427 705
587 395 285
587 483 760
587 334 324
588 400 279
589 258 227
589 162 709
589 509 743
590 239 581
590 511 922
590 83 479
590 76 893
590 261 815
590 26 861
590 212 347
590 479 992
591 116 653
592 420 814
592 586 858
593 228 899
593 357 295
594 537 982
595 86 655
595 47 923
595 530 154
596 452 473
597 496 381
598 54 963
598 110 889
599 174 459
599 211 578
600 549 579
601 436 109
602 246 945
602 499 415
602 231 319
602 369 199
602 545 244
603 346 295
603 282 84
604 527 528
605 60 418
605 293 244
606 498 441
607 548 306
607 136 277
607 130 682
607 330 775
608 323 573
608 579 842
608 110 79
609 498 185
610 58 166
611 488 784
612 70 681
613 131 873
613 367 573
613 65 249
613 55 568
613 121 420
613 558 121
613 137 882
613 496 903
614 64 931
615 440 284
615 164 412
615 493 537
615 453 805
615 177 198
616 438 893
616 544 792
617 198 861
617 536 168
617 368 275
618 313 600
619 138 280
619 417 604
620 532 737
620 519 701
621 161 855
622 369 237
622 302 828
622 87 14
622 77 756
623 309 849
624 265 204
625 107 379
625 110 55
625 403 813
626 475 944
626 539 251
626 379 684
627 302 247
627 370 823
628 504 532
629 381 740
629 276 1000
630 113 757
631 296 334
632 423 993
632 327 859
633 143 917
633 506 966
633 344 444
634 300 589
635 384 240
635 106 528
636 307 207
636 31 235
636 332 238
636 298 591
637 579 954
637 79 422
637 110 862
638 253 359
639 324 489
640 293 361
640 188 829
641 201 278
642 372 951
643 325 3
643 148 163
644 135 981
645 173 773
645 199 382
646 453 153
646 254 745
647 389 986
647 240 128
648 2 69
648 232 707
649 339 306
649 534 808
649 210 344
650 152 989
651 34 711
651 570 976
652 497 941
652 535 214
652 109 816
653 142 822
653 124 410
653 262 151
654 244 613
654 168 203
655 289 880
656 401 226
657 241 185
657 383 508
657 157 455
658 157 595
659 319 890
659 195 57
659 62 773
659 319 105
660 430 313
661 203 367
661 97 979
661 436 490
661 564 794
662 79 764
662 450 312
663 581 342
664 69 119
664 357 648
664 594 210
664 462 598
664 16 561
664 412 984
664 217 676
665 324 18
666 237 825
666 471 534
667 338 30
668 200 932
668 184 485
668 20 163
668 30 467
668 354 908
668 534 384
668 112 46
669 492 899
669 565 916
670 389 824
671 227 522
671 410 930
671 241 480
672 434 503
673 275 528
673 97 768
674 17 120
674 197 96
674 288 168
674 525 733
674 348 483
674 534 657
674 270 159
674 111 829
675 534 653
675 211 696
676 148 989
676 555 57
676 291 313
677 486 991
678 29 524
679 270 987
679 434 292
680 30 963
681 360 708
681 376 734
681 317 798
682 447 897
683 533 629
683 253 746
683 190 669
683 477 392
683 587 395
683 102 999
684 542 418
685 10 468
685 115 201
685 43 231
685 285 33
685 296 521
685 373 721
685 494 884
686 578 158
687 465 832
687 592 545
687 61 2
688 57 790
689 297 977
689 582 820
690 340 997
691 553 810
692 284 587
692 595 462
693 152 871
693 415 572
694 3 656
695 127 884
695 559 506
696 117 537
696 202 856
696 425 584
697 389 189
697 142 518
698 367 798
698 253 31
698 277 32
698 425 237
698 410 673
698 505 143
698 68 846
699 454 558
700 114 601
700 164 380
700 38 415
700 73 900
701 436 480
701 346 161
702 172 824
702 354 126
702 396 217
703 473 555
704 464 816
705 202 75
706 424 639
706 384 796
707 13 987
708 136 531
709 236 311
709 447 70
709 425 212
710 600 406
710 162 458
711 280 619
711 124 292
712 237 691
713 355 29
713 2 586
713 142 586
713 172 33
713 222 546
713 17 188
714 526 386
715 265 684
716 294 325
717 378 713
718 156 391
718 415 710
719 207 762
720 475 955
720 237 991
721 319 236
721 135 989
721 164 903
721 266 688
722 358 887
722 380 484
723 304 737
723 87 243
723 502 984
724 307 380
724 247 353
725 593 902
725 258 70
725 570 589
726 71 370
727 94 833
728 518 600
729 80 363
730 78 562
731 446 296
731 56 900
731 463 17
731 430 182
732 475 317
733 184 718
734 146 139
735 45 68
736 17 190
736 490 198
736 56 836
737 436 559
738 325 933
738 542 650
739 536 847
740 157 731
741 211 112
741 68 789
742 166 715
742 456 181
742 176 967
742 141 387
742 118 351
743 42 62
743 41 526
743 483 874
744 41 895
744 398 143
744 13 726
744 523 956
745 42 390
746 290 908
746 267 65
747 112 854
747 35 991
747 179 414
747 130 883
748 57 768
749 161 584
750 266 495
750 146 918
751 159 32
752 561 1000
753 74 781
754 169 456
754 48 155
755 8 971
755 471 240
755 130 545
755 263 393
755 238 465
755 115 239
755 580 305
756 303 422
756 464 413
757 18 874
758 503 427
759 355 205
760 156 947
761 383 95
762 85 812
762 258 91
763 93 514
763 68 444
763 254 44
764 535 176
764 412 250
764 331 588
764 439 531
765 358 572
765 505 7
765 79 23
765 156 504
766 433 99
766 489 488
767 248 153
768 368 710
769 444 261
770 208 193
770 130 685
771 470 325
771 14 219
771 14 449
772 583 84
773 193 494
773 366 443
773 123 335
773 333 846
774 566 328
775 478 257
775 139 540
776 150 511
776 384 214
777 93 756
778 239 531
778 169 818
778 325 307
779 569 647
779 515 561
779 517 555
779 481 909
779 84 379
780 590 789
780 473 700
781 391 227
782 154 537
783 272 371
784 501 36
784 299 601
784 484 465
785 450 642
786 467 141
786 506 57
787 485 416
787 137 869
788 382 380
788 241 3
789 145 256
789 477 774
790 82 272
790 387 396
790 400 65
790 319 932
790 350 269
791 490 182
792 296 214
792 472 945
793 84 775
793 155 382
794 117 90
795 257 309
795 193 757
796 370 106
796 299 373
796 553 321
797 475 223
798 549 716
799 535 809
799 472 380
800 90 12
800 331 72
801 33 76
801 137 850
801 28 130
801 130 869
802 505 629
802 216 438
802 298 655
802 367 125
802 599 795
802 309 304
802 207 883
802 19 779
802 231 388
803 395 886
804 198 598
804 426 962
805 22 449
805 452 647
805 384 392
805 504 366
806 278 566
807 307 450
807 45 471
807 39 78
808 266 939
809 364 178
810 174 490
811 150 118
812 146 906
813 502 686
814 408 219
814 473 963
815 253 172
816 22 665
816 125 397
816 319 845
817 277 599
818 106 148
818 493 939
819 211 664
820 34 583
821 87 822
822 113 906
823 423 992
823 77 790
823 297 378
824 74 233
825 397 60
825 384 506
825 110 802
825 349 587
825 78 27
826 465 482
826 127 989
826 307 616
826 62 240
827 234 512
828 196 985
829 215 850
829 101 488
829 507 483
829 9 649
829 586 676
829 203 462
829 138 453
829 331 363
829 237 960
830 100 93
831 185 831
832 288 359
833 55 511
833 458 704
833 287 732
833 548 837
833 532 577
833 198 851
834 277 85
835 37 281
836 533 310
837 479 384
838 37 120
839 105 345
840 90 692
840 92 975
841 118 875
842 121 379
843 65 47
843 588 681
844 599 331
844 388 24
844 190 868
845 488 710
846 38 864
846 3 505
847 442 329
848 377 780
849 173 222
849 195 804
849 452 479
849 257 125
850 63 49
851 516 915
852 488 834
853 188 701
853 281 14
854 496 291
855 395 415
856 511 173
856 196 158
856 308 117
856 73 552
856 448 272
856 218 152
856 266 990
856 286 391
857 367 359
858 75 426
859 425 530
859 587 820
859 314 413
859 392 703
859 97 621
859 197 914
860 433 855
861 95 929
862 415 1
862 104 186
862 440 272
863 246 799
863 406 534
863 299 909
863 587 809
863 63 245
864 260 830
865 41 86
865 561 897
865 31 244
865 135 777
866 97 671
867 116 613
868 418 18
869 581 139
870 75 69
871 298 709
872 481 894
873 92 476
873 1 303
874 542 37
875 107 225
875 230 710
876 508 820
877 369 889
878 410 902
879 205 51
879 566 890
879 322 474
880 477 926
880 434 644
880 449 543
880 417 6
880 474 15
880 8 800
881 464 327
881 4 550
881 97 29
881 421 513
881 578 162
881 307 260
882 184 858
883 276 910
884 310 713
884 557 28
885 64 969
885 241 284
886 290 706
886 266 658
886 310 394
887 280 366
888 267 733
889 183 803
889 196 141
890 98 177
890 412 177
891 500 150
891 493 848
891 162 857
892 324 868
893 66 127
893 294 295
894 121 612
894 434 653
894 26 712
895 376 431
896 259 104
897 490 930
898 281 852
899 469 764
900 564 966
900 389 902
900 484 219
901 361 267
902 412 465
902 507 217
902 237 271
902 208 116
903 59 864
903 207 295
903 423 63
904 100 37
904 133 574
905 455 361
906 331 338
907 78 396
908 442 447
908 159 671
909 539 795
910 498 855
911 133 983
912 373 869
913 26 946
913 7 896
914 205 607
915 98 941
916 3 77
916 593 642
916 102 286
917 517 794
918 1 125
918 303 88
919 200 583
919 13 212
920 101 426
920 400 696
920 249 216
921 166 838
921 479 204
921 525 401
922 513 816
922 368 126
923 241 704
924 151 55
925 594 366
925 574 555
925 220 930
925 586 824
925 545 7
925 123 468
926 548 130
927 31 116
928 76 566
928 464 120
929 60 577
929 111 339
929 261 701
929 514 134
929 111 260
929 154 679
930 259 897
931 140 12
931 440 487
931 199 604
932 141 469
933 432 652
934 20 470
934 168 385
934 513 148
935 410 55
935 279 368
935 207 486
935 487 160
936 493 919
937 180 419
938 169 318
939 434 409
939 146 422
939 532 305
940 249 94
940 42 195
941 430 642
941 419 917
942 315 387
942 398 186
943 78 229
944 109 417
944 300 11
945 144 524
946 244 339
946 41 123
947 425 172
947 271 976
948 21 676
949 176 539
949 417 418
949 366 527
949 316 221
949 36 508
950 337 705
950 15 679
950 151 579
951 194 908
951 304 763
952 251 14
952 147 387
953 78 925
953 527 285
953 459 314
954 268 904
955 224 691
955 109 17
956 553 503
957 591 702
958 228 819
959 317 321
959 179 171
959 187 792
960 127 215
961 508 56
962 431 800
963 221 875
963 597 981
963 3 48
963 332 658
963 6 393
963 121 615
964 77 986
964 5 227
964 222 871
964 302 386
964 239 374
964 40 346
965 419 763
965 525 744
966 588 959
967 150 736
967 465 351
968 254 835
968 7 179
969 422 15
969 574 607
969 182 370
969 146 293
970 44 226
970 370 934
971 506 396
972 269 56
972 366 367
972 474 785
972 424 537
972 56 645
972 195 193
973 185 308
973 354 793
973 3 61
974 75 704
974 379 614
975 43 460
976 478 167
976 52 44
977 299 140
977 1 259
977 491 630
977 317 154
977 585 917
978 224 9
978 49 886
978 70 850
978 265 125
978 354 996
978 165 220
978 369 982
978 149 758
978 276 127
979 337 572
979 12 98
979 492 310
979 540 70
980 245 123
980 507 465
980 217 237
981 587 901
981 187 246
982 453 4
983 291 433
984 103 660
984 564 136
985 281 477
985 429 105
985 416 788
986 593 102
986 413 669
986 201 382
987 204 254
987 379 235
987 419 764
987 529 793
987 147 949
988 167 924
988 293 539
988 503 74
989 563 874
989 584 364
990 82 59
991 430 525
992 147 506
993 261 40
994 479 246
995 178 538
995 405 509
995 553 309
996 17 103
997 296 551
997 499 57
998 71 428
998 453 864
999 188 264
1000 143 611
1001 73 925
1001 550 986
1002 407 86
1002 115 258
1002 559 563
1003 314 929
1004 585 198
1004 516 875
1004 310 338
1005 2 15
1006 131 566
1007 223 778
1008 467 322
1009 385 178
1009 414 794
1010 410 388
1010 236 276
1011 248 541
1011 208 118
1011 193 195
1012 27 303
1013 358 774
1013 277 120
1014 139 705
1015 28 967
1015 69 121
1016 221 655
1016 514 794
1016 172 768
1017 120 753
1018 506 880
1018 312 43
1019 356 430
1020 137 435
1020 452 845
1021 576 106
1021 194 140
1021 326 582
1022 256 659
1022 531 432
1023 337 311
1023 68 640
1024 301 685
1025 327 585
1025 65 527
1026 475 936
1026 22 432
1026 22 335
1027 535 634
1028 220 527
1028 535 284
1028 434 24
1028 332 909
1029 126 449
1030 153 956
1031 527 170
1032 25 406
1032 325 31
1033 457 866
1034 185 302
1035 575 966
1036 127 476
1037 326 859
1037 73 70
1037 164 880
1037 203 886
1038 350 442
1038 572 607
1038 447 818
1039 229 164
1040 85 374
1041 538 183
1042 50 919
1042 37 4
1042 29 190
1043 66 56
1043 363 566
1044 589 584
1044 408 303
1045 93 743
1045 240 55
1045 400 172
1046 62 823
1046 112 149
1047 14 28
1047 497 128
1047 368 311
1047 520 854
1047 369 79
1048 433 192
1048 242 212
1048 491 281
1048 467 359
1049 193 843
1049 388 659
1049 324 701
1050 110 340
1050 541 974
1051 114 571
1052 403 582
1053 272 926
1053 544 810
1054 512 311
1054 183 828
1054 454 462
1055 551 735
1055 547 479
1055 590 243
1055 527 858
1055 207 840
1056 502 223
1056 191 946
1056 442 509
1056 359 513
1057 209 632
1057 137 791
1057 563 679
1058 328 429
1058 530 213
1059 301 469
1059 396 346
1059 555 508
1060 404 60
1061 586 723
1061 367 736
1062 170 93
1063 113 502
1064 401 110
1065 228 269
1065 307 805
1066 240 180
1066 293 16
1066 66 495
1066 385 115
1067 380 562
1068 130 312
1069 38 407
1070 493 238
1071 317 442
1071 321 115
1072 543 97
1073 44 149
1073 509 508
1074 598 551
1075 386 8
1076 433 480
1077 137 119
1077 279 128
1077 20 556
1077 575 785
1078 529 270
1079 599 489
1079 522 531
1079 70 666
1079 348 85
1079 162 666
1080 74 303
1081 22 748
1081 319 840
1082 220 397
1082 453 187
1083 133 367
1084 303 981
1084 283 78
1085 494 779
1085 133 772
1086 310 391
1086 139 526
1087 185 462
1088 33 901
1088 395 94
1088 248 828
1088 546 14
1089 413 450
1089 429 93
1090 341 829
1090 190 988
1091 193 984
1092 305 560
1093 295 195
1094 343 829
1094 531 210
1094 104 621
1094 435 657
1094 533 897
1094 566 178
1094 10 959
1094 140 134
1095 374 623
1095 69 141
1096 78 217
1097 248 993
1098 495 275
1098 99 190
1098 531 367
1098 393 794
1099 140 994
1100 117 661
1101 166 209
1101 469 90
1101 303 868
1102 235 830
1103 433 601
1103 519 936
1103 171 152
1104 398 160
1104 325 783
1105 288 785
1105 242 352
1106 66 751
1106 283 717
1106 162 666
1106 552 64
1106 181 965
1106 359 37
1106 179 48
1106 99 473
1106 103 292
1106 396 239
1107 387 376
1108 271 501
1109 272 206
1110 497 557
1110 308 79
1110 282 948
1111 219 73
1112 555 160
1113 252 83
1113 170 900
1113 580 887
1114 304 290
1115 246 148
1116 325 771
1116 95 485
1117 262 684
1117 463 502
1118 551 382
1119 594 476
1120 420 175
1120 76 647
1121 269 859
1122 299 605
1122 493 989
1123 164 284
1124 451 95
1124 355 973
1125 449 418
1126 339 557
1126 44 452
1126 6 152
1126 320 30
1127 579 951
1128 531 713
1129 5 345
1129 520 972
1130 515 159
1130 491 600
1131 215 524
1131 245 270
1132 254 651
1133 442 48
1133 444 778
1133 319 114
1133 568 319
1133 415 328
1134 210 85
1134 351 865
1134 561 673
1135 252 722
1136 404 716
1136 543 232
1136 99 496
1136 231 151
1136 77 662
1137 168 531
1138 169 647
1138 128 826
1138 545 259
1138 394 159
1138 357 146
1138 419 467
1139 515 250
1139 40 861
1139 16 466
1139 140 65
1139 449 520
1140 23 589
1141 334 574
1142 33 576
1142 184 499
1142 407 498
1142 9 813
1142 478 270
1142 259 257
1142 34 382
1142 442 577
1143 107 388
1144 213 520
1144 484 460
1144 34 506
1144 184 119
1144 569 567
1144 556 767
1145 387 953
1145 216 327
1146 549 617
1146 99 468
1146 60 907
1146 191 879
1147 313 656
1148 61 224
1148 297 673
1148 413 794
1149 281 69
1149 58 348
1149 167 529
1150 134 337
1150 299 433
1151 107 168
1151 208 13
1151 182 481
1152 433 156
1152 571 142
1152 167 2
1153 10 219
1153 325 942
1153 23 996
1154 400 929
1155 174 557
1156 511 91
1157 160 572
1157 115 244
1158 9 449
1158 236 499
1159 173 407
1159 522 528
1160 484 411
1161 291 929
1161 269 232
1162 378 204
1162 418 636
1163 568 497
1163 116 17
1163 505 236
1163 464 955
1163 78 479
1164 237 586
1165 557 415
1165 319 629
1165 55 510
1166 493 252
1166 461 444
1166 289 603
1167 546 983
1167 464 758
1168 100 984
1168 508 623
1169 266 725
1169 327 134
1170 591 877
1170 46 364
1170 251 179
1171 262 668
1172 161 713
1172 282 227
1172 240 911
1173 44 842
1174 218 760
1174 339 843
1174 591 993
1175 373 839
1175 464 177
1176 238 77
1177 160 50
1178 505 365
1178 353 694
1179 194 104
1179 336 994
1180 450 579
1180 470 914
1180 455 512
1181 538 400
1181 247 875
1181 49 246
1181 319 921
1182 522 254
1182 148 416
1182 530 23
1182 272 567
1182 505 556
1182 194 127
1182 570 755
1182 333 915
1183 3 90
1184 224 934
1184 11 775
1184 458 456
1185 546 616
1185 6 585
1185 156 163
1186 196 926
1187 2 241
1187 370 155
1187 288 903
1187 325 509
1188 572 198
1188 563 134
1189 554 612
1190 85 869
1190 264 23
1191 292 90
1191 343 500
1192 30 812
1192 39 77
1192 323 298
1193 158 710
1194 552 479
1194 572 219
1194 9 939
1195 73 375
1196 237 109
1196 16 386
1197 204 603
1198 153 45
1199 492 258
1199 49 348
1199 425 697
1200 74 755
1201 230 595
1201 564 175
1202 157 394
1202 133 448
1203 2 4
1203 186 56
1204 314 497
1205 474 128
1206 454 546
1207 161 431
1207 99 326
1208 568 517
1209 238 278
1209 118 327
1210 430 591
1210 120 593
1210 334 393
1211 379 863
1211 179 305
1212 584 570
1212 219 340
1212 175 792
1212 452 510
1213 196 357
1213 509 751
1214 572 179
1214 239 617
1215 154 969
1216 544 544
1216 185 104
1217 275 670
1218 310 700
1218 83 312
1218 467 378
1219 249 442
1220 396 835
1220 487 502
1220 393 506
1220 572 374
1220 574 895
1220 168 692
1221 248 978
1222 57 467
1223 587 267
1224 317 795
1224 337 85
1224 520 499
1225 396 576
1226 44 205
1226 410 451
1226 239 323
1227 65 234
1227 42 545
1227 66 762
1227 9 763
1227 186 734
1228 456 72
1229 87 835
1230 173 377
1230 54 590
1231 478 358
1231 536 869
1232 76 315
1232 543 28
1233 235 620
1234 10 929
1235 213 541
1236 70 542
1237 281 6
1237 487 11
1238 237 336
1239 200 152
1240 278 22
1240 238 122
1241 307 85
1241 485 813
1241 156 618
1242 454 999
1243 308 910
1243 418 959
1244 405 778
1245 110 834
1246 337 722
1247 110 204
1248 145 177
1248 162 861
1249 324 585
1249 597 357
1250 169 368
1250 472 400
1250 306 484
1250 472 426
1251 368 567
1251 469 658
1251 241 276
1251 239 662
1252 527 541
1252 174 466
1253 45 397
1253 206 224
1253 370 202
1254 98 406
1254 97 678
1255 207 290
1256 577 383
1257 331 677
1258 201 966
1258 488 965
1258 7 345
1258 12 891
1258 575 347
1259 586 36
1260 144 766
1261 579 637
1261 557 830
1261 9 359
1262 288 361
1263 74 181
1263 340 174
1263 44 181
1264 187 88
1264 408 454
1265 567 197
1265 566 502
1265 437 870
1266 225 590
1266 20 353
1267 474 499
1268 140 858
1268 407 674
1268 269 518
1269 477 515
1270 349 662
1270 547 933
1270 530 327
1270 151 749
1271 558 439
1272 12 204
1272 475 804
1273 289 951
1274 558 142
1274 509 670
1274 218 624
1274 586 884
1274 574 582
1274 504 105
1274 301 882
1275 9 555
1276 521 100
1276 159 357
1276 430 379
1276 245 15
1277 454 734
1278 508 693
1279 190 879
1280 139 931
1280 433 917
1281 233 834
1282 439 46
1282 141 325
1283 92 481
1284 568 834
1285 398 772
1285 277 993
1286 345 217
1286 106 253
1287 558 119
1287 200 308
1288 81 59
1289 469 252
1290 548 845
1291 546 147
1291 309 722
1292 548 92
1293 276 378
1293 190 799
1294 166 117
1294 384 549
1295 239 657
1295 178 82
1295 445 399
1296 9 3
1296 216 81
1297 25 553
1297 17 995
1298 590 898
1299 571 944
1300 306 301
1301 167 248
1301 263 869
1302 201 265
1302 474 91
1303 180 354
1303 48 778
1304 142 192
1304 518 611
1304 216 911
1304 408 529
1304 577 221
1304 80 62
1305 5 709
1306 158 733
1307 439 68
1308 529 448
1308 461 119
1308 463 755
1309 79 824
1310 397 778
1310 314 172
1311 222 750
1312 303 942
1313 34 845
1313 206 443
1314 162 741
1314 241 355
1315 141 25
1316 174 802
1317 79 893
1317 153 905
1317 127 463
1318 486 116
1319 258 229
1319 79 17
1319 223 875
1320 512 771
1321 283 105
1321 244 462
1321 29 298
1322 315 750
1322 225 376
1322 320 898
1323 128 492
1324 88 714
1325 293 739
1325 88 425
1326 19 438
1327 596 626
1327 433 752
1327 102 371
1327 562 329
1328 26 384
1329 519 699
1330 189 348
1331 545 296
1332 487 470
1333 175 778
1333 18 949
1333 312 20
1334 501 18
1334 341 310
1334 492 593
1334 202 729
1335 506 91
1335 279 834
1336 84 522
1337 191 790
1337 220 591
1338 256 559
1339 545 721
1340 95 966
1340 482 793
1341 70 307
1341 333 205
1342 324 595
1342 76 357
1343 443 388
1344 192 545
1345 22 405
1346 347 776
1347 498 436
1348 21 30
1348 406 626
1349 76 938
1349 351 667
1350 461 510
1350 596 295
1350 423 737
1350 189 481
1350 288 630
1351 93 790
1351 375 468
1351 460 266
1352 495 615
1352 161 112
1352 254 13
1352 110 194
1353 9 299
1353 482 52
1353 321 357
1353 525 17
1353 123 869
1353 90 945
1354 353 191
1354 431 711
1355 326 231
1356 179 77
1357 232 143
1357 175 496
1357 222 912
1357 493 113
1357 208 110
1357 226 164
1357 151 276
1358 276 861
1358 464 858
1358 575 491
1359 285 430
1359 9 682
1359 557 784
1360 76 652
1361 546 646
1361 424 885
1362 271 82
1363 600 977
1363 257 258
1364 287 229
1365 189 575
1366 355 190
1366 428 580
1367 464 228
1368 572 45
1368 97 349
1369 348 760
1369 218 154
1369 110 713
1370 518 599
1371 456 35
1371 179 571
1372 348 918
1372 398 352
1372 370 923
1373 576 672
1373 91 393
1374 545 236
1374 552 549
1374 537 941
1375 84 783
1376 147 507
1377 102 24
1378 573 470
1378 23 941
1378 14 471
1379 542 252
1380 57 695
1381 7 461
1381 337 645
1382 229 88
1383 335 265
1384 584 735
1385 458 225
1385 582 425
1386 551 44
1387 149 96
1387 229 781
1388 69 870
1389 208 770
1390 592 628
1391 38 265
1392 79 140
1392 151 162
1393 473 181
1393 35 566
1393 125 268
1394 354 52
1395 204 294
1395 538 150
1396 304 793
1396 275 600
1396 108 976
1396 313 333
1397 457 732
1397 378 207
1398 170 636
1398 370 372
1398 516 535
1398 67 891
1398 359 651
1399 423 204
1400 112 389
1400 448 444
1400 45 387
1400 204 241
1401 384 213
1402 85 570
1402 137 565
1402 23 341
1402 374 733
1403 589 797
1404 599 897
1404 418 611
1405 510 420
1405 241 247
1405 133 523
1406 263 785
1407 228 548
1408 11 812
1408 296 247
1409 305 690
1410 92 433
1410 389 189
1411 107 492
1411 494 622
1411 269 280
1411 299 833
1411 401 440
1411 575 464
1412 378 174
1413 508 590
1414 547 936
1414 591 271
1415 567 123
1416 253 60
1416 86 533
1416 544 472
1416 180 992
1416 2 27
1416 497 965
1417 314 364
1418 190 967
1418 497 65
1419 30 930
1420 415 367
1420 265 93
1421 336 928
1421 489 550
1421 62 133
1421 381 632
1421 405 453
1422 39 701
1423 502 877
1423 54 110
1423 393 129
1424 140 369
1425 35 478
1426 205 228
1427 359 560
1428 332 950
1428 442 417
1428 226 588
1429 450 8
1429 551 209
1430 347 289
1430 393 369
1431 406 99
1432 483 609
1433 221 857
1434 305 16
1434 364 559
1434 261 311
1435 597 256
1435 50 673
1436 121 305
1436 585 864
1436 123 39
1436 493 642
1436 475 757
1436 509 344
1436 307 660
1437 435 648
1438 570 243
1439 274 423
1440 490 472
1440 320 309
1440 105 154
1440 107 655
1441 461 807
1442 68 305
1442 443 553
1443 269 541
1443 445 957
1444 111 375
1445 395 516
1446 228 871
1447 236 321
1447 267 239
1448 214 30
1448 536 557
1448 60 568
1449 404 930
1449 18 530
1450 244 671
1451 21 732
1452 409 693
1453 111 202
1454 27 109
1455 384 849
1456 81 309
1456 455 380
1457 139 930
1457 93 260
1458 452 559
1458 424 133
1458 263 57
1459 190 56
1459 515 462
1459 518 942
1459 102 181
1459 490 874
1459 254 283
1460 589 734
1460 405 551
1461 437 372
1462 530 550
1463 274 926
1464 216 64
1465 442 400
1465 302 295
1466 481 931
1467 208 369
1468 160 130
1468 106 847
1468 243 440
1468 35 810
1469 589 680
1470 36 923
1470 142 186
1471 172 877
1472 64 921
1472 425 798
1472 162 591
1473 199 378
1474 512 500
1475 420 753
1476 203 902
1477 125 764
1478 122 770
1478 513 517
1479 78 68
1480 368 77
1480 336 846
1481 397 237
1482 243 485
1482 103 757
1482 236 722
1483 435 348
1484 517 682
1485 53 503
1486 416 711
1486 256 605
1487 379 474
1488 57 560
1488 49 592
1489 358 546
1490 145 870
1490 9 227
