600 1000 50 10 3000
59 42
84 91
68 1
9 37
65 73
79 62
39 73
96 92
40 23
28 39
78 9
54 38
48 25
75 50
86 39
69 45
81 54
88 49
55 50
38 20
23 70
34 15
43 31
7 35
6 35
74 84
97 81
74 45
58 49
47 44
88 69
41 21
23 81
22 30
31 61
2 7
83 89
22 26
20 81
61 78
69 87
14 18
68 89
15 26
38 62
22 79
31 15
0 6
97 23
88 28
36 91
87 19
80 61
45 52
43 58
30 64
45 44
82 66
85 97
92 24
11 15
3 43
30 3
1 79
78 90
60 14
33 47
85 65
9 82
17 4
40 99
68 38
95 2
4 81
51 96
5 62
63 60
57 46
15 59
25 94
1 37
60 34
37 46
99 98
28 68
2 21
19 22
59 14
24 15
47 27
63 4
89 27
64 47
25 32
58 2
26 59
40 38
45 77
36 96
75 17
64 29
38 83
3 49
49 79
64 97
6 27
1 95
6 18
94 83
50 4
86 28
15 78
66 60
7 55
56 82
72 72
63 10
55 66
11 5
45 75
54 51
54 55
98 13
73 93
96 23
97 82
51 13
60 70
25 67
25 34
1 97
6 16
82 22
71 27
97 25
80 29
16 6
74 65
81 71
47 85
36 60
55 14
79 32
48 33
49 92
68 32
14 39
11 63
16 94
66 49
23 35
55 97
0 88
20 99
73 9
59 80
23 91
12 71
24 45
77 25
37 98
9 51
89 73
14 6
67 33
55 90
68 62
39 68
50 59
19 76
20 31
56 43
22 21
66 98
66 44
23 56
42 85
7 31
58 74
37 25
7 44
15 27
58 6
47 61
17 66
37 38
97 45
33 19
18 0
69 37
44 45
93 38
30 52
69 88
78 59
13 37
55 80
64 14
38 11
75 55
93 27
9 79
99 28
79 20
17 75
65 10
13 95
14 34
35 93
45 0
30 1
80 47
15 70
10 90
26 40
6 71
20 15
50 71
95 81
91 12
56 9
74 69
56 89
56 92
34 1
92 16
2 25
63 69
95 26
11 73
18 17
45 38
61 80
29 5
45 85
14 19
7 70
60 63
62 46
16 7
63 19
84 78
40 31
4 52
5 23
69 50
13 54
97 27
87 78
32 32
64 46
3 23
16 16
86 31
62 54
90 25
73 74
56 66
5 12
18 10
87 39
12 1
94 62
80 81
40 12
65 56
10 68
79 78
36 17
61 99
72 51
76 97
77 32
63 83
45 33
45 32
73 10
85 67
24 65
0 16
29 17
73 39
37 4
70 74
74 31
73 46
83 1
95 60
34 11
95 31
44 93
15 17
55 53
36 79
70 88
95 0
5 20
91 43
25 61
69 99
93 42
97 28
43 92
40 29
3 88
12 48
81 28
17 36
33 54
67 3
42 62
3 0
83 47
43 60
8 12
59 53
6 8
81 1
0 74
83 56
62 95
56 95
75 73
83 8
79 50
12 22
64 67
22 99
14 17
59 75
81 70
28 87
78 62
40 79
36 23
87 50
71 43
45 98
68 28
7 48
30 71
70 94
90 44
94 57
61 5
32 94
76 60
74 73
85 10
97 72
60 20
67 57
18 36
85 77
84 67
62 91
50 8
48 63
13 80
57 89
92 90
96 19
63 81
81 12
54 42
84 21
51 3
9 89
32 93
56 33
99 70
76 1
78 24
64 44
56 73
85 0
15 81
19 79
63 53
43 69
95 80
90 98
35 0
87 67
52 97
14 28
98 45
4 15
89 12
40 74
56 84
87 71
37 30
40 84
10 82
35 45
34 22
65 80
77 85
46 27
30 2
94 71
15 35
97 80
91 5
16 78
28 6
60 68
42 23
51 77
20 85
52 85
17 70
55 94
7 53
74 89
55 68
3 10
54 94
67 71
24 96
29 85
64 23
8 67
53 80
5 5
66 22
27 73
69 35
26 43
76 33
11 89
56 67
51 10
13 18
33 38
66 62
75 83
50 91
15 55
78 75
6 47
62 32
42 91
66 53
80 74
72 31
84 86
49 70
24 68
32 99
51 22
13 49
9 61
83 39
89 41
38 3
74 80
94 92
85 74
66 58
5 2
44 7
72 20
75 57
71 78
79 57
31 93
6 40
6 41
31 95
83 69
99 9
49 93
1 35
20 19
21 41
36 46
13 63
3 84
41 82
41 73
27 99
65 34
41 97
29 76
66 80
37 16
26 90
3 46
9 0
23 82
41 60
28 54
23 83
90 17
18 31
90 45
82 55
79 75
52 61
51 71
41 88
39 67
30 42
65 39
94 89
74 87
1 54
93 76
93 56
66 35
53 48
91 33
24 95
66 87
68 5
7 98
99 24
38 93
13 64
32 66
18 25
95 8
8 88
64 74
76 18
75 67
3 99
14 49
26 33
88 46
38 47
45 90
72 35
35 37
99 68
56 17
93 51
78 54
91 94
80 67
12 55
86 67
6 1
68 85
34 9
31 24
8 76
11 2
70 62
32 15
29 10
21 20
4 54
9 26
88 68
53 65
90 26
65 8
7 76
10 77
91 32
55 23
0 84
33 73
4 89
27 44
58 89
23 47
57 2
56 62
68 74
50 10
0 15
18 7
44 81
36 35
65 43
58 65
27 43
91 84
32 18
80 91
59 3
90 68
6 46
30 26
36 20
48 6
80 92
87 68
27 53
12 37
70 91
32 61
27 65
32 60
8 91
15 98
60 73
96 42
99 16
75 35
88 24
94 68
16 81
89 96
34 53
85 5
44 18
66 24
35 50
84 43
42 99
93 54
73 89
96 24
57 72
12 45
96 6
66 64
87 7
60 98
79 4
16 97
80 51
48 64
46 90
16 91
96 41
32 92
65 89
64 77
86 12
83 4
29 71
11 41
45 71
39 24
28 7
21 8
10 69
25 56
47 7
34 79
52 99
20 16
77 59
83 27
3 80
98 95
4 78
2 78
87 13
47 64
21 11
57 21
0 22
90 73
91 19
32 72
32 47
34 67
48 73
84 4
3 87
82 90
52 82
54 25
93 11
46 63
54 99
38 45
72 29
16 56
53 0
68 78
3 13
24 6
52 7
49 56
41 55
81 34
19 28
49 73
27 87
70 51
16 87
7 21
87 10
8 7
40 37
75 43
2 0
2 54
59 51
10 0
58 43
86 77
71 87
51 50
1 43
60 60
17 0
71 25
7 63
14 35
7 68
87 61
22 98
64 84
98 22
28 36
0 51
23 3
2 50
76 55
46 89
16 63
41 87
40 0
50 55
35 9
75 74
72 86
9 14
58 9
66 34
64 68
84 40
81 39
45 22
78 86
93 10
42 68
37 65
18 61
51 53
84 60
67 94
21 85
28 37
30 29
47 11
20 93
86 51
31 9
84 76
71 26
44 8
43 15
70 47
20 6
59 39
0 81
25 81
70 30
46 0
11 45
12 32
35 21
59 19
97 30
97 94
91 41
61 13
88 81
19 99
72 71
80 49
52 51
80 50
51 91
96 15
75 86
65 62
60 24
81 9
3 98
24 16
11 12
49 82
11 22
53 44
71 58
47 3
60 50
47 8
18 74
47 83
37 7
8 70
68 15
1 24
65 25
40 28
89 90
10 53
12 15
49 35
73 48
39 86
98 38
12 93
52 49
0 12
20 69
79 73
93 44
99 85
72 40
75 34
93 39
49 42
75 75
90 66
13 41
4 7
9 16
1 13
18 53
25 90
74 4
48 14
5 72
55 32
58 48
24 60
43 51
87 85
26 73
59 88
41 12
1 59
66 79
1 92
83 65
31 21
8 86
53 19
87 77
79 30
28 66
15 97
66 94
22 77
34 64
90 87
75 8
66 77
52 2
94 16
38 77
64 43
17 51
72 96
33 53
62 48
2 80
94 25
10 28
89 0
68 16
8 34
45 60
88 91
29 26
69 66
25 33
61 42
36 86
91 69
39 5
69 41
38 64
18 48
48 12
76 8
99 21
20 87
66 82
68 43
67 81
85 3
67 76
72 58
34 93
0 72
9 70
78 68
18 6
28 69
27 48
9 92
50 27
26 70
70 93
51 7
96 71
29 70
66 81
42 75
52 62
81 82
82 52
88 62
73 67
62 82
60 12
61 86
34 31
32 86
39 80
57 75
53 38
97 19
20 39
46 72
53 28
54 87
32 42
49 5
9 11
40 21
24 1
60 10
85 92
24 5
44 0
96 16
39 43
88 44
23 42
31 7
36 80
12 97
91 4
19 67
58 79
78 43
23 26
19 47
32 22
25 28
22 73
44 13
68 84
57 43
26 88
50 14
11 59
19 30
79 77
61 57
72 36
35 91
84 19
65 61
47 87
86 43
0 55
27 9
50 5
97 1
19 65
16 31
77 87
13 8
65 27
17 89
63 52
72 98
60 71
67 90
54 46
0 4
67 73
6 44
61 72
67 62
73 52
62 45
3 22
21 36
83 75
82 35
80 86
85 37
10 52
63 68
48 24
40 52
54 39
73 73
2 98
26 16
96 29
38 65
22 60
1 5
35 35
41 67
57 32
30 20
52 78
82 50
32 7
23 86
5 1
2 53
30 93
18 4
53 71
62 40
7 3
60 81
81 17
65 63
37 17
41 33
10 23
35 95
30 58
33 87
60 88
41 42
81 11
99 86
35 61
78 94
64 38
75 97
55 40
60 44
57 53
29 20
28 64
67 58
75 0
97 87
40 90
29 21
2 28
7 37
89 38
31 5
76 58
54 84
98 14
19 10
79 47
26 98
57 1
99 55
88 39
45 18
13 99
98 72
88 40
10 71
97 39
29 52
23 79
18 3
39 38
85 40
17 43
41 68
50 82
59 47
52 24
47 50
97 35
42 59
7 40
98 88
92 21
68 10
25 7
48 90
77 86
82 46
81 76
14 31
58 26
30 10
50 77
60 47
65 55
7 24
95 57
12 87
79 80
39 50
46 17
36 29
57 30
52 15
25 6
6 29
92 65
53 87
22 17
26 53
50 28
78 8
58 66
89 74
35 46
56 39
61 12
21 38
70 85
75 28
14 20
45 19
89 86
14 83
80 44
43 91
10 32
65 97
30 21
85 9
29 55
47 56
36 13
76 81
85 36
1 74
74 75
65 88
10 45
84 53
37 53
43 67
10 11
92 91
19 91
5 76
36 42
64 90
16 38
65 81
78 27
26 62
8 69
68 3
88 95
86 50
6 30
93 25
22 92
32 79
20 21
21 84
11 37
74 28
70 52
55 48
63 26
8 84
81 48
79 67
98 37
15 72
35 47
51 56
68 24
61 15
59 83
19 66
31 38
53 95
64 13
31 46
61 10
65 11
99 15
54 14
39 90
14 42
46 34
66 38
53 77
62 25
44 94
63 49
41 79
63 72
77 76
82 43
40 33
10 94
48 2
84 62
44 82
21 14
42 26
44 5
51 88
99 14
37 92
94 52
81 98
18 21
31 29
15 31
83 52
45 79
34 94
42 55
8 85
92 93
0 82
85 46
34 49
21 15
47 40
36 78
21 4
62 4
56 7
83 90
1 26
98 62
63 32
66 5
17 59
98 69
41 83
32 89
29 31
61 50
87 23
54 43
31 89
86 32
67 84
46 30
68 13
35 85
72 33
55 65
68 22
92 52
11 87
83 40
71 97
90 58
20 96
54 3
38 40
88 5
76 34
36 44
99 23
9 36
88 77
59 81
82 70
20 65
63 91
14 5
2 35
54 56
90 92
96 30
97 24
65 85
68 64
61 49
88 70
86 76
99 97
9 81
19 82
47 82
73 13
40 75
0 94
31 91
38 79
21 35
3 38
73 23
55 34
73 95
56 11
23 55
8 33
37 79
15 36
49 54
68 50
48 99
93 86
31 66
73 34
5 98
58 12
84 83
94 30
48 54
15 85
33 82
73 47
75 22
94 17
87 25
12 41
88 51
94 36
57 10
73 42
44 46
90 19
21 43
14 97
97 9
86 3
49 50
72 49
61 77
61 1
80 7
38 37
17 63
32 14
10 74
85 31
28 14
61 95
3 47
98 52
98 94
17 22
95 78
0 8
80 32
16 70
22 85
99 43
28 85
26 97
85 7
64 98
54 67
45 5
19 95
51 89
18 47
67 70
55 99
54 23
69 76
9 55
82 8
98 10
93 77
60 30
36 24
28 42
91 26
99 62
73 51
51 43
13 57
70 20
81 92
96 90
47 31
50 97
41 44
77 7
57 20
85 56
35 58
7 38
2 9
61 67
87 48
76 36
38 23
67 88
72 60
84 99
66 63
13 43
22 70
27 3
65 86
93 19
96 55
39 15
39 78
63 15
90 85
93 62
98 30
59 15
74 76
30 91
15 24
31 2
78 70
80 93
37 47
46 79
32 91
93 30
21 7
46 66
34 6
33 83
33 7
12 64
99 79
40 62
64 72
93 96
65 82
43 63
13 28
54 6
10 76
65 57
94 51
63 28
35 48
35 99
64 86
78 4
48 20
27 64
44 72
61 61
6 56
24 71
36 30
78 47
6 95
4 53
47 19
19 68
33 84
55 11
40 55
83 20
72 27
92 85
41 64
77 53
4 87
29 23
7 14
7 62
25 48
70 60
20 94
39 64
79 79
43 90
2 37
42 31
42 42
64 48
89 20
87 70
44 95
84 3
9 9
3 31
69 23
25 60
88 56
39 55
29 82
45 83
15 14
94 48
3 59
40 59
82 68
22 22
24 62
30 5
44 75
67 56
83 2
39 98
52 72
43 2
51 99
61 44
58 3
6 92
23 28
67 0
42 97
57 39
24 98
7 92
6 42
46 46
41 45
96 85
47 0
96 94
15 2
86 91
82 53
91 77
50 48
16 75
99 75
19 5
3 62
7 89
82 6
41 18
18 37
64 34
25 74
56 68
51 58
68 19
94 4
25 64
21 28
27 14
25 86
4 59
93 97
29 11
97 26
44 74
0 52
42 3
74 96
30 69
52 55
84 64
40 61
21 44
94 50
7 29
44 57
31 8
63 54
50 67
75 44
9 69
72 12
66 93
41 92
72 48
56 28
30 72
34 19
10 85
38 21
40 13
17 21
24 78
42 49
90 60
42 98
72 90
66 13
34 90
62 18
46 70
98 76
42 33
47 4
70 86
25 62
35 76
73 77
62 62
62 80
28 96
71 42
67 17
12 17
46 7
50 93
31 41
34 83
36 21
59 9
99 36
7 88
3 69
68 31
18 39
73 85
9 38
0 170 767
1 211 927
2 158 395
3 114 26
3 515 582
3 571 156
4 550 295
4 35 221
5 496 780
5 263 531
6 480 434
7 466 3
8 209 357
8 338 493
9 475 545
9 415 750
9 12 213
9 197 465
10 547 788
11 353 182
11 234 488
12 571 205
13 261 638
14 264 231
14 581 148
15 42 769
15 280 695
15 416 858
15 374 532
16 458 518
16 286 896
16 209 176
16 30 406
17 96 754
18 540 904
19 394 495
20 261 654
21 438 59
22 400 565
23 327 382
24 443 239
24 234 728
24 56 14
24 277 234
24 155 370
25 160 897
26 181 711
26 91 817
26 234 380
26 456 505
27 78 538
27 51 528
28 582 993
28 412 477
29 598 269
29 175 979
30 122 603
30 400 258
30 406 420
31 492 638
32 252 156
32 362 291
32 17 488
32 189 577
33 168 71
34 449 780
35 197 745
35 86 197
35 252 563
35 430 678
36 298 480
37 424 957
37 218 884
37 73 215
37 89 67
37 485 205
38 442 796
39 12 798
39 7 583
40 355 370
41 319 824
42 148 900
42 222 582
43 400 557
43 484 212
44 10 663
45 163 189
46 135 842
47 186 885
48 65 895
49 482 260
50 65 652
51 241 997
52 315 116
53 221 959
53 458 506
53 546 553
53 88 31
53 255 676
54 184 676
54 437 364
54 488 49
54 131 318
54 541 84
54 358 321
54 292 893
54 105 128
55 502 284
56 170 719
56 160 352
57 582 396
58 321 893
59 137 752
60 11 341
60 486 289
61 351 30
61 468 438
62 468 662
63 41 709
63 508 419
63 190 833
63 437 845
64 358 97
65 515 164
66 252 35
66 120 182
67 143 427
68 596 779
68 232 972
69 572 466
69 413 309
69 161 411
70 287 513
71 258 689
71 526 373
72 326 691
73 421 170
73 110 676
74 390 659
75 236 522
75 10 446
75 225 453
75 398 647
76 68 394
77 193 604
77 557 12
78 214 232
79 290 385
80 210 933
80 463 792
81 592 196
82 587 502
82 205 48
82 582 262
82 261 886
83 125 963
83 20 108
84 169 51
84 163 436
84 42 270
84 512 461
85 347 230
85 378 533
85 208 312
85 178 381
85 267 760
86 369 4
87 310 394
87 394 682
87 57 184
87 10 192
87 61 47
87 125 24
87 197 201
87 235 314
88 491 879
88 390 806
89 43 230
90 129 749
91 41 986
92 241 930
92 80 829
92 566 921
93 559 811
94 501 910
94 236 592
94 137 634
95 216 508
96 271 515
96 566 291
96 225 454
96 524 647
97 25 244
97 555 528
97 24 571
98 522 467
99 82 844
100 405 714
101 231 598
102 285 307
102 537 286
103 510 18
103 150 496
103 170 229
103 464 515
103 60 308
103 88 985
103 291 480
104 439 611
105 475 973
105 535 146
105 513 151
106 136 139
106 594 652
107 343 322
107 507 380
108 365 302
109 182 72
109 531 162
109 238 492
110 506 998
110 182 564
110 214 707
111 187 401
111 199 587
111 10 758
111 214 323
112 343 834
112 126 124
113 235 319
114 554 357
114 441 454
115 399 497
116 455 705
116 459 980
117 147 24
118 561 744
118 515 866
119 356 787
119 133 629
120 584 765
121 73 702
121 152 242
122 67 401
122 417 276
123 117 46
124 467 984
125 93 170
125 72 709
126 59 610
127 263 217
128 475 818
129 283 614
129 300 886
129 392 135
129 577 863
129 303 399
130 368 185
131 26 33
131 468 766
131 191 884
131 221 788
131 421 217
132 365 797
133 509 453
134 35 250
134 30 670
134 554 252
135 42 465
135 145 613
135 178 639
136 251 395
137 319 226
137 187 876
137 228 68
138 548 781
139 576 710
140 509 341
140 8 624
141 508 41
142 528 366
142 327 152
143 213 673
143 513 851
143 379 157
144 125 247
144 371 135
144 334 75
144 469 844
144 24 190
145 552 188
146 204 208
146 342 285
147 412 527
147 545 188
147 305 682
147 248 831
148 467 843
148 150 865
148 423 505
149 328 443
150 271 821
151 487 797
151 67 62
152 86 508
153 437 668
153 402 902
154 93 190
154 596 550
154 236 616
154 187 220
155 479 556
155 14 950
156 226 101
156 449 909
156 231 162
157 443 405
157 312 345
158 69 806
159 445 767
159 102 442
159 283 826
159 506 832
160 38 946
161 227 639
162 577 459
163 385 684
163 593 403
163 365 802
164 277 943
164 260 948
165 39 968
165 367 863
166 447 699
167 218 519
167 312 193
167 382 825
168 190 395
169 438 560
169 192 810
169 446 360
170 49 311
170 226 358
170 293 585
171 120 774
171 578 484
172 514 452
172 212 980
172 519 300
172 504 228
173 137 274
174 417 408
174 64 332
174 107 417
174 510 986
175 502 878
176 327 451
177 41 466
178 159 861
179 452 255
179 416 295
180 57 908
180 17 837
181 477 692
181 159 581
182 415 257
183 392 690
183 81 833
184 547 18
184 431 568
185 171 774
186 373 942
187 302 559
188 207 327
189 355 496
189 196 139
190 278 499
190 320 121
190 506 981
191 472 96
191 111 764
191 312 612
191 135 126
191 310 756
191 303 746
191 63 861
191 498 11
192 379 723
193 117 799
194 96 713
194 320 382
194 286 324
195 155 964
195 497 866
196 560 401
197 148 995
198 94 50
198 88 319
198 174 895
198 108 895
198 149 210
199 274 123
200 326 205
201 353 867
201 3 581
202 118 425
202 187 441
203 415 635
204 185 922
204 78 83
204 480 368
204 333 868
204 515 454
205 386 207
205 506 677
205 52 970
206 232 150
206 229 792
207 57 553
208 156 41
208 426 427
209 507 926
210 239 93
211 255 632
212 465 610
212 401 953
212 188 836
213 527 753
213 334 997
213 124 76
214 371 646
214 275 504
215 184 853
216 324 261
217 205 685
218 400 433
218 224 455
219 500 609
219 202 374
220 108 578
220 483 380
221 79 260
222 461 597
222 385 688
222 410 57
222 108 642
223 69 426
224 251 499
224 414 252
224 354 87
224 545 622
224 159 816
224 272 340
225 503 268
226 74 588
227 550 125
228 303 898
228 550 463
228 399 613
229 528 245
229 153 122
229 168 630
230 272 508
230 310 694
231 100 23
232 379 430
233 522 94
234 299 26
234 93 420
234 250 905
234 117 274
234 459 662
235 301 60
235 302 776
236 527 596
237 132 609
237 553 504
237 130 369
237 397 895
237 20 907
237 396 680
238 459 650
239 283 788
239 212 773
239 36 221
239 29 792
239 166 622
239 320 434
239 273 138
239 470 878
240 520 105
241 589 514
241 293 630
242 126 175
243 426 920
244 6 244
244 550 569
244 363 959
244 241 374
244 445 782
244 88 438
245 347 662
246 333 34
247 186 685
248 410 574
248 312 449
248 594 236
249 564 67
249 406 290
250 241 401
251 256 208
251 34 986
251 305 548
251 169 463
252 181 141
252 299 197
253 26 529
254 550 289
254 572 726
255 33 807
256 153 567
256 400 191
256 308 63
256 320 997
257 185 50
258 166 641
259 585 726
260 253 840
260 258 331
260 15 438
261 377 938
261 370 50
262 4 860
262 540 485
262 18 300
262 371 392
262 164 247
262 350 934
263 357 282
263 14 719
264 334 47
264 463 722
265 241 669
266 221 53
267 365 438
267 139 828
267 549 65
267 237 596
268 421 7
268 84 998
269 343 482
269 375 162
269 77 939
269 458 148
269 464 37
270 251 998
271 397 616
271 104 977
271 546 396
272 392 996
272 164 196
272 466 492
272 92 124
273 552 147
273 483 699
273 256 529
274 310 246
275 38 522
275 212 621
275 1 105
276 50 608
276 46 746
276 207 482
276 424 887
277 525 220
278 532 457
278 88 187
279 151 244
280 19 434
281 502 622
281 452 186
282 156 601
282 120 685
282 305 585
283 411 596
283 599 705
283 588 689
283 137 750
283 185 537
283 203 112
283 41 565
283 264 176
283 68 127
283 175 86
284 234 147
285 174 793
285 531 943
285 438 980
285 312 192
285 442 259
285 23 671
286 28 949
286 360 888
287 418 266
287 288 410
287 46 418
287 543 974
287 286 200
288 444 520
288 250 885
288 250 741
289 487 175
290 285 32
290 518 816
290 99 127
290 497 658
290 41 573
290 488 190
290 409 242
291 160 353
291 174 312
291 367 326
292 161 748
293 578 47
293 551 717
294 379 826
294 312 903
294 502 405
295 398 715
295 392 543
296 17 134
296 478 865
297 337 723
298 432 396
299 109 799
300 178 889
301 395 419
302 418 13
302 557 532
303 33 315
304 339 782
304 36 775
304 481 771
304 478 602
304 193 568
304 569 985
304 143 279
304 450 952
304 29 910
305 379 197
306 506 178
307 390 727
308 288 962
309 507 653
309 393 438
309 254 593
309 401 252
309 414 637
309 567 890
310 469 735
310 66 709
311 98 229
312 90 554
313 125 100
314 391 465
314 565 881
315 213 312
315 17 617
315 95 710
316 162 144
317 354 67
318 32 405
319 362 824
319 464 149
319 273 700
320 475 374
320 433 234
320 72 134
321 378 630
322 539 834
323 338 185
324 529 682
324 294 726
325 257 913
325 254 294
325 54 807
326 228 662
326 383 34
326 473 680
327 401 514
328 1 857
328 308 24
329 519 839
330 384 535
331 591 618
331 200 521
332 49 345
332 296 385
332 455 930
333 197 499
334 430 849
334 514 287
335 444 296
335 527 332
335 216 833
336 534 719
337 599 61
337 265 727
338 527 778
339 223 545
340 379 104
341 465 848
341 293 956
342 97 500
342 474 103
342 537 908
343 11 783
344 228 195
344 99 962
345 597 338
345 165 811
346 277 413
347 383 551
348 106 838
348 162 425
349 329 847
350 499 799
350 194 407
351 236 25
351 83 510
352 441 947
353 228 557
353 462 854
353 525 334
354 163 512
354 166 343
355 239 815
356 181 967
356 438 467
357 548 496
357 426 249
357 304 625
357 183 524
357 373 960
358 438 817
358 413 125
358 282 204
359 205 693
360 546 519
360 404 33
360 174 763
361 220 539
362 492 266
362 99 24
363 122 896
363 560 675
364 514 43
364 363 281
364 129 561
364 537 221
364 586 840
365 560 209
366 220 813
366 115 396
366 582 2
367 350 89
367 331 673
368 390 928
368 476 280
369 574 250
369 266 575
369 303 250
370 388 898
370 76 753
370 78 766
370 263 153
370 353 367
370 207 317
371 300 224
372 493 65
372 499 48
372 111 429
373 344 384
374 517 116
374 227 901
374 593 242
375 78 732
376 543 392
376 182 298
377 544 403
378 86 98
379 262 237
380 592 855
381 400 31
382 346 212
383 565 104
383 545 421
383 306 157
383 108 326
383 67 785
384 164 887
385 404 11
385 477 667
385 394 294
386 482 248
386 24 253
386 181 313
386 118 516
386 191 532
386 297 19
387 372 828
387 511 964
387 382 234
387 236 435
388 284 965
388 310 807
388 208 939
389 228 16
390 84 403
391 546 56
391 360 462
391 250 450
391 467 145
392 43 949
393 364 595
394 541 424
394 27 610
395 447 108
396 315 373
397 385 539
398 281 719
398 252 179
398 582 733
399 342 562
399 347 694
400 218 837
401 581 162
402 419 527
403 312 438
404 518 378
405 297 181
406 46 545
407 438 807
408 273 449
409 278 749
410 328 581
411 486 767
411 28 905
411 27 736
411 121 740
412 255 463
412 55 697
412 315 76
413 177 348
413 6 57
413 534 304
413 205 434
413 63 973
414 101 825
414 558 875
415 68 343
416 205 744
416 370 994
417 28 234
417 307 430
418 168 455
419 111 115
419 47 300
419 344 995
419 518 317
420 559 940
421 221 19
422 287 770
423 182 98
423 232 578
424 259 302
424 459 601
425 584 696
426 67 234
426 586 578
427 49 835
427 54 609
427 259 488
428 306 441
429 456 330
429 248 923
430 319 849
431 435 187
432 582 1000
433 193 480
434 407 521
434 511 225
434 169 33
434 538 170
434 438 151
434 277 50
435 123 866
436 354 552
436 464 807
437 197 110
438 311 600
438 504 317
438 446 398
439 50 26
440 446 674
440 352 105
440 79 760
441 255 924
442 174 145
443 565 39
444 520 595
444 203 606
445 406 553
446 62 99
447 43 194
447 593 281
447 455 227
448 332 325
449 74 89
450 370 969
450 289 205
451 405 658
452 333 669
452 420 56
453 306 120
454 123 830
454 539 650
454 467 77
454 112 949
455 329 930
456 519 64
456 3 627
457 502 954
458 241 389
459 435 273
459 361 462
460 283 35
461 268 497
462 282 26
462 458 505
462 561 821
462 353 350
462 532 265
463 350 700
464 179 281
465 508 800
466 504 974
467 12 171
467 8 687
467 287 264
467 379 236
467 144 819
468 344 415
468 126 895
468 221 203
468 135 320
469 227 700
470 288 172
470 525 21
470 394 649
470 91 920
471 100 53
471 353 260
472 8 238
472 338 73
473 163 399
474 436 555
475 519 958
475 488 309
475 195 499
476 265 987
476 357 385
476 302 367
477 98 954
478 181 520
479 485 564
480 569 553
480 439 742
481 283 737
482 92 625
482 267 691
483 583 474
483 10 621
483 109 385
484 550 88
484 555 976
484 463 52
485 403 12
486 78 114
487 448 851
488 240 763
489 289 693
489 382 317
490 580 858
490 102 54
491 388 383
491 175 45
492 106 422
492 298 323
492 452 51
493 26 713
493 106 675
493 385 447
494 578 379
495 530 221
496 123 839
497 444 358
497 578 425
498 2 398
498 44 893
498 50 295
499 413 29
500 125 591
500 436 755
501 217 789
502 15 549
502 210 265
502 20 175
502 125 247
502 574 518
503 410 431
504 180 622
505 555 790
506 429 507
506 78 640
506 480 691
506 463 173
506 289 177
507 521 106
508 70 699
508 187 706
509 589 971
510 251 544
510 584 810
510 20 95
510 500 119
511 25 433
512 43 933
513 43 922
513 543 197
514 321 193
515 259 169
516 430 724
517 252 48
518 417 525
519 64 204
519 119 804
520 108 75
521 110 702
521 132 877
522 543 284
522 503 891
523 593 549
524 237 476
525 302 775
526 89 24
527 69 743
527 29 829
528 460 201
528 202 769
529 10 786
530 293 538
531 521 72
531 211 23
532 427 847
532 432 588
532 320 15
532 7 989
533 18 696
534 196 773
534 287 64
535 19 387
535 155 587
536 128 791
536 280 360
537 374 258
537 249 667
537 6 693
538 158 440
539 135 402
539 443 796
539 259 74
540 9 247
541 520 260
542 13 804
543 575 436
543 90 720
543 193 53
544 334 75
545 318 809
546 430 563
546 134 892
546 210 406
546 191 188
546 104 534
547 379 477
547 191 340
547 196 442
548 392 933
548 507 737
548 348 943
549 534 803
550 48 605
550 334 347
550 322 44
551 15 648
551 578 177
552 249 419
553 214 316
554 216 641
554 366 570
555 65 297
556 356 723
556 276 706
556 42 483
557 150 236
558 453 288
558 348 235
559 541 485
559 8 109
560 251 388
560 569 369
560 50 603
561 91 570
562 382 716
562 371 495
562 513 819
563 120 666
563 597 583
564 498 183
565 278 930
565 483 642
565 36 459
565 387 243
566 551 33
566 307 81
567 286 947
568 429 34
569 74 161
569 475 310
569 90 794
569 548 638
570 45 696
571 128 886
571 278 816
572 346 408
572 114 387
573 52 226
574 3 395
574 322 960
575 218 375
575 226 611
575 251 949
576 2 339
577 211 176
578 528 302
579 593 82
580 405 590
581 552 251
582 483 35
582 38 692
582 495 878
582 454 229
582 100 327
583 375 910
584 191 343
585 585 417
585 305 387
585 157 237
585 558 49
586 584 737
586 351 216
586 214 323
586 31 495
587 268 708
587 546 166
587 47 420
587 180 362
588 275 512
589 82 322
589 192 581
589 382 794
589 426 769
589 265 833
590 569 112
591 293 68
591 131 343
591 69 316
592 299 584
593 591 669
593 279 877
594 85 997
595 388 784
595 420 259
595 508 738
595 456 320
596 301 976
597 287 562
598 108 759
599 382 291
600 459 820
600 556 187
601 369 428
601 431 313
601 95 330
601 49 44
601 597 643
601 584 534
601 166 336
601 34 697
601 36 430
601 146 288
601 432 530
601 582 657
602 264 20
602 349 982
603 25 364
604 243 905
604 486 790
604 548 114
604 460 109
604 212 797
604 91 639
605 577 520
605 308 739
605 126 798
605 573 340
606 113 291
607 177 641
608 405 976
608 231 706
608 285 720
609 316 607
610 332 383
610 476 924
611 344 416
611 303 544
612 585 225
612 105 308
612 49 411
613 456 46
613 265 946
614 295 669
615 134 922
615 306 895
615 59 262
616 393 493
617 415 252
618 443 758
618 465 685
618 390 19
619 223 306
619 522 504
619 282 337
619 481 983
620 5 114
620 239 742
620 29 574
620 409 467
621 405 374
622 577 492
623 313 529
624 419 226
624 180 656
624 202 48
624 410 321
624 425 755
624 169 417
625 25 168
625 572 316
626 154 156
626 519 239
626 446 374
626 289 867
627 591 543
627 435 507
627 285 488
628 479 95
629 135 146
630 498 618
631 282 677
632 401 100
632 126 544
633 155 694
634 505 906
634 552 941
634 521 278
635 229 73
636 87 484
637 179 67
637 384 540
637 79 655
637 502 664
637 500 254
638 581 558
638 382 513
638 401 961
639 235 382
640 532 532
641 458 222
642 348 837
642 118 469
643 130 315
644 63 519
644 552 408
644 430 792
645 440 80
645 459 339
646 580 363
646 37 987
647 454 447
647 475 853
647 381 447
648 419 296
648 380 903
649 4 426
650 292 779
650 342 289
651 98 403
651 489 666
652 521 551
653 139 686
654 253 748
655 486 238
656 264 950
656 25 671
656 457 820
657 332 139
658 163 531
659 599 55
659 542 56
659 276 836
660 505 926
661 4 265
662 253 416
663 88 693
663 75 234
663 41 228
664 332 455
665 344 421
665 107 298
665 13 460
665 95 107
665 283 572
666 225 936
666 512 765
666 155 470
666 248 532
666 447 905
667 396 21
668 5 543
668 347 265
668 274 197
668 257 78
669 41 142
669 367 806
669 150 382
670 208 576
671 199 888
672 273 586
672 199 938
672 404 478
673 568 852
674 303 64
675 433 803
675 106 550
675 176 229
676 392 411
676 14 438
677 57 313
678 95 346
678 141 197
679 44 464
680 560 534
681 435 290
681 257 895
682 245 270
683 175 301
684 199 327
685 202 527
685 385 120
685 268 821
686 397 246
686 238 109
686 232 355
687 51 833
687 492 171
687 346 549
687 308 161
687 30 907
688 21 294
689 383 904
689 546 683
689 183 36
689 256 883
690 49 599
690 297 797
691 175 798
692 80 98
692 216 905
692 129 41
692 47 192
692 474 374
692 190 244
693 512 53
694 153 335
694 198 125
694 308 983
694 400 253
695 50 610
696 334 968
696 64 457
697 45 973
698 396 800
699 12 905
700 334 140
700 548 363
701 377 426
702 344 733
702 162 590
703 189 464
703 525 954
704 342 663
705 508 312
705 586 939
705 17 739
706 207 428
706 121 766
707 437 926
707 210 537
707 333 916
708 547 356
708 329 132
709 28 154
710 84 21
711 370 658
711 287 730
711 61 315
712 157 4
713 414 911
714 371 869
714 293 671
715 196 721
716 411 871
717 561 216
717 35 229
717 400 825
718 456 2
718 284 347
718 106 113
718 22 772
719 536 216
719 180 303
720 429 326
721 364 267
722 66 4
723 299 767
723 355 423
724 396 557
724 227 597
724 230 563
724 333 91
724 525 460
724 31 454
725 257 615
726 438 615
727 349 82
728 483 505
729 161 475
729 198 442
729 409 960
730 581 226
730 182 224
730 395 653
730 35 802
730 143 998
730 263 719
730 107 841
731 206 388
731 595 53
731 122 137
732 413 537
732 442 822
733 116 556
734 493 238
735 374 350
735 128 943
735 476 378
736 201 488
737 383 262
738 247 673
739 491 836
740 201 99
741 327 344
742 181 255
742 487 568
742 538 905
742 119 933
742 190 949
742 285 21
742 14 814
742 76 521
743 552 610
743 152 395
743 476 194
744 353 43
744 206 584
745 284 250
746 25 961
746 371 409
747 593 654
747 429 202
748 252 16
749 414 204
750 281 576
750 185 174
750 145 553
751 326 359
752 304 143
753 282 994
753 39 803
753 575 769
753 259 753
753 346 180
754 347 150
755 475 952
755 63 335
756 10 738
757 123 458
757 595 667
758 269 357
759 233 299
760 378 93
760 346 885
760 297 177
761 151 929
762 377 672
762 94 985
762 248 193
763 445 425
763 278 22
763 281 284
764 571 323
764 44 523
765 471 541
765 561 402
765 58 556
765 39 894
766 168 793
767 550 33
768 178 629
769 176 104
770 309 449
770 519 518
771 14 852
771 372 37
772 128 373
772 334 70
772 39 751
773 563 584
773 432 153
774 162 155
774 105 319
775 571 527
775 400 904
775 501 76
776 48 123
777 14 415
778 358 740
779 241 198
779 456 223
780 159 408
781 194 980
782 451 289
783 330 525
784 462 30
785 308 450
785 537 892
786 173 330
786 277 311
787 155 841
787 13 252
787 157 456
788 120 107
788 13 545
789 336 263
790 230 710
790 193 24
791 414 621
792 66 297
793 477 458
793 14 802
794 134 340
795 23 345
796 387 368
797 184 444
797 101 970
797 436 973
797 33 160
798 502 981
798 509 643
799 63 908
799 586 189
800 467 767
800 508 990
800 180 386
800 378 726
800 365 215
800 129 161
801 24 706
801 310 863
802 131 638
802 455 511
802 123 665
802 137 688
802 364 59
802 42 54
802 216 586
802 591 57
803 54 993
804 587 375
805 262 172
806 229 858
806 176 252
807 330 35
808 190 505
809 584 151
810 485 846
811 329 47
811 1 711
811 430 845
812 424 537
813 459 240
813 523 194
814 231 699
815 540 164
815 550 881
816 472 778
817 571 453
817 207 881
818 286 551
818 366 93
818 54 929
819 63 809
819 373 74
819 94 382
820 110 994
820 146 17
820 561 97
820 308 564
820 453 600
820 435 36
821 347 864
822 4 147
822 81 679
822 253 958
822 175 202
822 177 222
823 160 469
823 105 615
823 574 244
824 43 780
825 356 710
826 587 303
826 189 267
826 97 663
826 544 652
826 512 185
826 580 121
826 418 720
827 595 539
828 532 899
828 141 781
829 94 472
829 250 341
829 228 178
830 254 565
831 371 289
832 98 739
832 353 250
833 558 567
834 258 453
834 68 485
835 33 704
835 578 17
835 208 562
836 580 85
837 434 779
837 270 771
838 576 63
839 591 13
839 456 217
839 341 601
839 25 971
840 486 257
840 194 411
841 102 347
841 556 129
842 486 895
843 483 729
843 244 684
843 294 80
843 34 782
843 73 141
844 401 786
844 92 115
844 166 797
844 441 773
845 384 932
846 357 367
846 346 537
847 578 590
847 379 580
847 573 828
847 539 828
848 34 900
849 350 106
850 355 740
850 553 3
851 348 134
851 55 80
852 480 515
852 331 430
853 518 810
854 542 476
855 136 796
856 34 130
856 136 707
857 331 926
857 356 586
858 383 447
859 572 847
859 327 515
860 165 465
861 406 999
862 180 355
863 346 431
863 475 839
863 12 481
864 458 615
865 271 349
865 144 768
865 596 649
865 569 533
866 477 954
866 107 112
867 523 949
867 61 265
868 368 706
869 495 143
870 587 733
870 256 853
870 187 882
871 135 893
872 365 889
873 136 424
874 8 148
874 543 99
874 52 766
874 442 61
875 399 483
876 334 37
876 86 559
877 33 942
878 451 742
879 31 256
880 449 859
880 399 784
881 38 798
882 166 659
883 54 29
884 492 834
885 153 739
886 243 820
887 445 234
887 205 376
888 179 297
888 212 387
888 18 535
889 137 124
890 484 537
890 376 848
891 591 377
892 351 677
893 430 415
893 563 172
893 44 885
893 491 919
893 480 401
893 19 165
894 71 104
895 531 875
895 428 695
896 62 898
897 36 236
898 335 214
898 268 716
898 176 904
899 92 640
899 128 859
900 527 196
901 383 811
902 490 278
902 407 618
902 15 723
902 469 368
903 563 994
903 198 835
903 423 946
904 441 942
905 47 487
906 103 920
907 26 654
907 483 456
907 426 117
908 161 931
908 336 211
908 291 627
909 131 323
909 112 217
910 222 964
910 316 600
910 2 957
911 129 601
912 77 240
913 539 335
913 445 351
913 149 807
914 557 405
915 429 709
915 319 912
915 246 400
915 307 562
916 367 869
916 161 521
917 314 352
918 208 240
919 509 999
920 531 833
921 530 161
922 549 200
922 382 855
922 94 688
922 463 825
922 100 693
922 400 871
923 154 230
923 285 359
923 224 469
924 233 849
924 449 549
925 5 677
926 48 137
926 10 38
926 50 679
927 185 828
928 122 340
928 62 777
929 297 710
929 1 171
929 280 202
930 421 912
930 399 18
930 91 456
930 153 455
931 138 717
932 248 137
933 574 758
933 152 113
933 442 280
933 553 280
934 57 321
934 191 216
934 269 227
934 577 320
934 463 897
934 384 183
935 89 353
935 493 875
935 325 871
935 530 514
936 530 721
936 320 884
936 452 816
937 78 722
937 193 801
938 449 464
939 213 704
940 428 1
940 275 889
941 253 142
942 390 752
943 293 401
943 582 173
944 209 917
945 578 305
946 583 525
947 318 568
947 29 827
948 155 926
949 441 92
949 344 747
950 5 629
950 398 463
950 182 630
951 526 320
951 38 463
951 332 182
951 340 733
952 270 52
952 146 902
953 36 714
953 323 516
953 50 744
954 120 900
955 156 159
956 495 79
956 545 330
956 466 22
956 376 301
956 560 89
956 109 478
957 293 150
958 218 783
958 4 752
958 355 358
958 218 954
959 431 761
960 524 763
960 558 995
960 119 341
961 176 861
961 180 14
962 221 540
963 6 384
963 439 308
963 566 750
964 244 986
964 481 284
965 585 986
965 242 311
965 159 607
965 172 938
965 209 394
966 60 295
967 528 533
967 132 72
967 459 548
968 33 965
968 408 561
968 590 480
969 564 317
969 202 784
970 60 902
970 32 237
970 290 231
971 577 902
971 23 241
972 348 397
973 410 977
973 495 607
973 112 595
973 151 306
973 347 46
974 589 74
975 321 837
975 291 30
975 81 282
975 346 575
975 553 495
976 558 901
977 76 509
977 256 19
978 521 976
979 530 211
980 67 79
980 544 403
981 455 286
982 441 517
983 91 210
983 520 147
984 581 719
984 291 85
984 572 999
984 520 414
984 157 811
985 272 281
985 21 184
985 6 523
985 408 806
986 77 65
986 491 970
986 277 951
987 239 485
987 557 25
987 169 549
987 436 202
987 399 974
987 94 970
987 153 373
987 390 108
988 50 795
989 489 973
989 407 688
989 547 74
990 240 173
990 282 711
990 486 429
990 428 157
991 231 626
992 561 272
992 451 57
993 142 552
994 156 78
995 150 588
996 556 337
997 84 81
997 197 149
998 359 794
999 332 925
999 217 831
999 20 237
1000 161 94
1001 111 603
1002 229 360
1003 84 635
1004 403 574
1005 322 211
1006 17 914
1007 457 992
1007 373 487
1008 366 537
1008 23 345
1009 293 349
1010 96 816
1010 27 769
1010 572 490
1011 283 427
1011 483 251
1012 392 658
1013 112 545
1014 350 75
1015 583 417
1015 480 455
1015 246 398
1015 585 432
1016 108 974
1017 224 299
1017 96 881
1018 255 210
1018 527 853
1019 27 595
1020 97 374
1021 305 194
1021 472 433
1022 364 796
1022 479 821
1023 53 897
1023 511 99
1024 555 734
1024 587 643
1024 44 178
1024 218 152
1024 272 66
1024 564 29
1025 593 805
1025 309 489
1025 223 379
1026 224 599
1026 19 765
1027 197 644
1027 26 138
1028 227 60
1029 171 564
1029 85 823
1030 513 713
1031 290 812
1032 547 985
1032 559 537
1032 70 119
1032 234 404
1032 163 250
1033 138 344
1033 238 851
1034 276 261
1035 70 205
1036 256 936
1037 53 451
1037 33 64
1038 414 867
1038 140 418
1038 16 167
1038 91 272
1038 580 421
1038 561 865
1038 200 706
1039 357 488
1039 576 265
1039 577 105
1039 148 162
1039 464 535
1039 452 157
1039 598 383
1040 149 585
1041 360 992
1041 409 651
1041 131 691
1041 110 567
1041 181 708
1041 51 911
1041 257 304
1041 590 970
1041 569 876
1042 274 933
1042 457 417
1043 8 229
1043 265 248
1044 85 170
1044 563 943
1044 388 822
1045 9 357
1045 509 294
1045 165 979
1046 532 517
1046 553 899
1046 162 197
1047 542 671
1048 245 321
1048 462 739
1049 358 580
1049 147 58
1049 592 732
1050 262 330
1050 558 414
1051 300 501
1051 310 921
1052 272 183
1053 195 56
1054 435 563
1055 559 191
1056 105 978
1057 235 929
1058 245 75
1059 561 701
1060 169 868
1060 449 494
1060 544 759
1061 413 369
1062 157 510
1062 528 685
1062 415 479
1062 306 746
1062 143 364
1062 305 266
1063 432 586
1063 202 914
1064 132 252
1064 230 651
1064 391 675
1065 320 178
1065 391 304
1065 302 295
1065 382 628
1066 212 465
1066 403 124
1067 170 127
1067 54 551
1068 509 737
1069 501 422
1070 401 905
1070 222 364
1070 111 51
1070 151 492
1070 51 715
1070 408 993
1071 224 168
1071 222 862
1071 160 667
1072 568 643
1073 458 296
1074 214 153
1075 191 653
1075 277 844
1076 221 554
1077 72 687
1078 143 529
1078 392 442
1078 441 820
1078 519 656
1078 182 89
1078 17 865
1078 312 993
1078 128 19
1078 560 829
1079 68 451
1079 17 820
1080 454 267
1081 392 507
1081 301 596
1081 202 178
1081 339 319
1081 163 670
1082 17 789
1083 507 683
1083 112 425
1084 338 168
1084 542 894
1084 128 19
1085 351 525
1086 553 680
1086 439 174
1086 63 983
1086 400 891
1086 214 176
1086 284 956
1086 569 568
1087 298 57
1087 588 95
1087 265 175
1088 424 29
1088 110 7
1088 444 306
1089 65 725
1089 6 414
1089 116 889
1090 421 78
1090 599 948
1090 234 425
1090 505 757
1090 236 417
1090 102 996
1091 312 880
1092 243 64
1093 518 930
1093 324 476
1094 446 380
1094 418 943
1094 393 229
1094 12 49
1094 65 421
1094 24 316
1094 319 537
1094 286 386
1094 13 600
1094 451 503
1094 387 864
1094 337 231
1095 29 186
1095 481 101
1096 370 156
1097 19 486
1097 78 29
1098 575 19
1098 155 390
1098 511 211
1098 301 807
1099 299 159
1100 506 901
1100 451 823
1100 174 706
1101 230 196
1101 337 345
1102 212 171
1102 233 534
1102 149 833
1103 324 860
1103 76 319
1103 374 7
1104 248 184
1104 139 143
1104 269 289
1105 20 947
1105 267 111
1106 79 981
1106 341 726
1106 254 250
1107 262 509
1107 538 751
1108 134 872
1108 142 855
1109 502 881
1109 595 459
1109 201 238
1110 235 82
1111 595 993
1112 524 430
1113 200 809
1113 304 504
1113 160 568
1114 223 888
1114 105 275
1115 123 374
1116 264 528
1117 319 69
1117 585 625
1118 418 293
1118 200 472
1118 298 104
1118 157 367
1118 185 647
1118 333 740
1118 587 912
1119 84 427
1119 505 265
1120 253 440
1121 553 385
1121 229 838
1122 63 927
1122 394 605
1123 419 4
1124 486 592
1125 179 367
1125 190 108
1126 361 524
1126 538 856
1127 71 939
1127 194 247
1128 585 171
1129 525 360
1129 232 593
1129 141 342
1129 399 563
1129 171 914
1129 492 945
1130 427 297
1130 76 900
1131 183 301
1131 496 411
1131 104 109
1132 49 39
1132 595 897
1132 503 447
1132 327 241
1133 83 460
1133 273 532
1134 247 275
1135 512 34
1135 228 690
1135 501 384
1136 158 774
1137 421 414
1138 251 365
1138 352 587
1139 423 502
1140 35 875
1141 82 571
1141 210 967
1142 124 933
1142 458 252
1142 178 179
1142 553 176
1143 384 628
1143 587 310
1143 213 188
1144 24 484
1145 502 756
1145 339 826
1145 178 347
1146 395 569
1146 33 668
1146 474 290
1147 182 189
1147 599 534
1147 394 375
1148 317 612
1148 565 853
1149 468 754
1149 479 779
1149 451 796
1149 197 679
1150 435 59
1151 547 932
1152 250 972
1153 523 670
1154 446 366
1154 107 479
1154 353 596
1155 327 13
1155 490 558
1156 370 167
1157 546 358
1157 494 414
1157 30 883
1158 124 101
1158 73 401
1159 551 225
1160 421 909
1160 96 990
1161 82 240
1161 172 733
1161 201 756
1162 88 406
1162 435 875
1162 298 117
1163 588 688
1164 521 845
1164 389 480
1165 122 600
1166 264 107
1166 48 985
1167 328 244
1167 12 781
1168 80 235
1168 233 18
1169 182 79
1169 517 661
1170 316 211
1170 123 642
1170 148 398
1171 478 408
1172 374 930
1173 592 440
1174 187 841
1175 355 789
1176 581 171
1177 326 702
1177 457 678
1177 274 921
1178 309 290
1179 28 893
1179 77 741
1180 8 956
1181 111 848
1181 99 291
1182 577 809
1182 84 793
1183 33 516
1184 586 669
1185 573 116
1185 501 525
1186 467 803
1186 534 887
1186 49 613
1186 163 257
1187 551 353
1187 331 575
1188 190 607
1188 377 905
1188 282 508
1189 49 948
1190 296 510
1191 521 45
1191 593 508
1191 322 951
1191 289 558
1192 315 325
1193 378 107
1193 397 980
1194 17 941
1194 143 627
1195 54 341
1195 595 585
1196 419 295
1196 205 705
1196 16 54
1196 123 874
1197 259 144
1197 502 984
1198 1 772
1198 82 488
1198 349 835
1198 17 677
1199 284 394
1200 599 750
1200 396 558
1200 577 137
1201 214 556
1202 289 634
1202 432 68
1203 231 592
1203 444 547
1204 258 796
1204 439 837
1205 378 797
1206 276 368
1206 497 337
1206 398 573
1206 534 802
1206 541 179
1206 475 572
1206 153 748
1207 372 863
1207 268 231
1208 451 964
1208 403 11
1208 422 266
1209 206 413
1210 269 838
1210 186 502
1210 198 302
1211 465 198
1212 77 405
1212 545 536
1212 496 517
1212 593 153
1212 388 668
1212 491 735
1213 142 550
1213 296 545
1213 404 374
1213 458 572
1213 331 226
1214 559 753
1214 39 329
1215 371 91
1215 15 319
1215 489 802
1215 332 811
1215 274 53
1215 378 425
1215 15 514
1215 498 529
1216 46 343
1216 38 723
1217 92 322
1218 407 244
1218 461 537
1218 250 905
1218 469 262
1219 317 583
1219 293 463
1219 593 50
1219 436 868
1219 343 480
1219 93 120
1219 317 673
1220 209 735
1221 528 393
1222 541 352
1223 474 683
1224 547 523
1225 476 523
1226 101 353
1227 346 168
1228 448 416
1229 110 865
1230 338 943
1231 350 911
1232 174 819
1232 120 780
1233 580 774
1234 308 528
1234 279 693
1234 530 31
1235 500 419
1235 417 156
1235 67 910
1236 397 389
1236 597 610
1236 222 563
1236 307 86
1237 580 746
1237 223 743
1237 599 878
1238 89 967
1239 556 270
1239 488 85
1239 540 629
1239 90 696
1240 196 821
1241 189 753
1242 176 677
1242 312 455
1243 508 271
1243 118 128
1244 83 62
1244 532 867
1244 417 275
1244 134 846
1245 501 124
1245 412 39
1246 584 262
1246 369 357
1246 372 358
1246 365 313
1247 213 950
1247 123 569
1247 373 745
1247 563 129
1248 513 83
1248 442 880
1249 329 382
1249 491 975
1250 511 70
1251 503 164
1252 349 725
1252 214 365
1252 15 504
1252 290 479
1252 419 775
1253 183 717
1254 433 792
1255 476 481
1255 504 818
1255 190 942
1255 248 894
1256 94 162
1256 528 862
1256 454 760
1256 50 414
1257 46 221
1257 332 660
1258 495 4
1259 588 331
1259 384 756
1260 597 254
1260 384 369
1261 306 581
1262 21 50
1263 223 695
1263 49 171
1263 472 337
1263 433 2
1263 489 550
1264 363 958
1265 138 438
1266 396 323
1267 85 218
1268 584 978
1269 266 554
1270 285 320
1271 555 999
1272 62 147
1272 488 312
1273 484 159
1274 199 749
1274 1 675
1274 148 469
1274 238 18
1274 128 338
1274 180 297
1275 347 824
1275 559 18
1275 423 765
1276 326 824
1277 507 361
1278 46 592
1279 478 418
1279 453 75
1280 434 745
1280 328 546
1280 285 229
1281 178 938
1281 192 538
1281 570 12
1281 473 855
1281 202 367
1282 265 157
1283 66 982
1284 235 244
1285 144 613
1285 272 801
1285 443 602
1285 318 667
1285 135 156
1286 348 182
1287 258 223
1288 348 555
1288 251 19
1289 67 932
1290 542 137
1290 450 93
1291 264 679
1291 370 440
1291 122 669
1291 39 141
1292 185 494
1292 34 547
1293 275 292
1294 38 356
1295 408 324
1295 405 819
1296 211 893
1296 8 631
1296 231 91
1297 190 152
1297 591 49
1297 166 112
1297 286 371
1298 546 598
1298 38 770
1299 100 449
1300 170 764
1300 334 315
1301 268 855
1302 525 863
1302 351 527
1303 316 595
1303 332 996
1303 146 29
1303 140 928
1303 553 827
1303 13 295
1304 355 911
1304 594 925
1305 189 690
1306 17 606
1307 532 550
1308 339 116
1309 404 521
1309 463 524
1309 587 72
1310 417 637
1311 246 703
1311 161 92
1312 267 180
1312 45 238
1312 15 864
1312 432 414
1312 388 959
1313 85 189
1313 36 318
1313 277 193
1313 295 58
1313 427 834
1314 502 749
1315 136 135
1315 563 952
1315 487 741
1315 184 126
1315 14 66
1316 400 250
1316 345 868
1317 373 706
1317 373 289
1317 151 444
1317 454 813
1317 93 148
1318 564 976
1319 136 203
1320 85 879
1321 417 28
1322 499 861
1322 214 347
1322 426 63
1323 252 211
1324 32 116
1324 6 149
1325 89 281
1326 31 11
1326 125 829
1326 138 243
1327 126 969
1327 516 79
1327 530 466
1327 296 465
1327 95 728
1328 276 271
1328 494 782
1328 223 408
1329 36 974
1330 325 890
1331 184 471
1332 310 890
1332 100 184
1332 376 629
1333 550 825
1333 234 293
1333 56 29
1333 407 131
1334 514 695
1335 465 778
1336 298 860
1336 469 517
1337 102 337
1338 18 233
1339 63 353
1339 498 873
1340 333 948
1340 8 638
1340 99 881
1340 90 655
1340 267 324
1341 520 369
1341 392 589
1341 21 117
1342 288 469
1342 513 938
1343 69 79
1343 123 24
1344 119 934
1345 212 718
1346 98 479
1346 235 991
1346 571 522
1347 224 12
1347 404 159
1347 226 758
1348 73 202
1348 537 848
1348 436 395
1348 120 234
1349 170 770
1349 353 33
1349 156 404
1349 579 907
1350 507 160
1351 46 160
1352 600 6
1353 485 843
1354 435 591
1355 445 460
1356 281 566
1357 151 455
1357 338 347
1358 597 663
1359 72 76
1359 341 747
1359 242 801
1359 208 81
1359 65 967
1360 114 790
1361 267 511
1362 8 890
1363 471 230
1363 487 934
1363 407 605
1363 196 26
1363 195 953
1364 205 987
1364 487 366
1364 544 309
1365 467 228
1365 583 501
1365 250 997
1366 399 756
1366 313 626
1366 39 658
1366 360 508
1367 570 121
1368 137 68
1369 36 288
1369 287 309
1369 418 722
1369 174 10
1370 419 194
1371 320 961
1372 245 536
1373 191 881
1374 256 984
1375 462 502
1376 424 77
1376 427 939
1377 556 271
1377 482 192
1377 219 230
1378 133 321
1378 35 311
1378 539 256
1379 512 894
1380 488 5
1380 236 151
1381 318 383
1381 305 499
1381 475 640
1381 453 217
1382 352 756
1383 460 935
1383 376 28
1384 342 593
1384 115 976
1385 320 684
1385 288 876
1386 426 844
1387 472 844
1387 285 108
1387 59 418
1387 268 84
1388 491 740
1389 486 271
1389 88 546
1389 381 152
1389 68 652
1389 276 496
1390 238 839
1390 35 973
1390 348 312
1390 109 617
1390 399 449
1390 362 394
1391 17 962
1392 423 61
1393 467 816
1394 148 354
1395 392 857
1396 388 597
1397 280 970
1397 372 933
1397 36 284
1398 144 745
1399 29 379
1400 248 747
1400 398 513
1401 318 356
1401 560 385
1402 469 593
1403 197 843
1403 310 3
1404 513 228
1404 226 96
1405 514 468
1406 294 235
1406 9 797
1407 466 251
1407 198 291
1407 515 37
1408 39 440
1408 470 730
1408 567 355
1409 427 685
1410 437 892
1410 94 10
1410 436 832
1410 262 528
1411 227 818
1412 568 784
1413 48 738
1413 88 729
1414 468 256
1414 564 980
1415 124 836
1415 90 843
1416 471 745
1417 483 403
1418 568 730
1419 374 135
1419 543 322
1419 330 451
1420 86 956
1421 117 635
1421 74 350
1421 277 404
1422 375 628
1422 446 74
1423 128 951
1424 170 992
1424 508 862
1424 29 68
1425 474 424
1426 376 761
1427 369 987
1427 329 735
1428 205 449
1429 396 944
1429 86 165
1429 192 832
1429 354 642
1429 451 1000
1429 414 502
1430 96 861
1430 221 231
1431 272 251
1432 313 727
1433 97 225
1433 200 962
1433 303 890
1433 354 327
1433 274 633
1433 179 316
1434 314 744
1435 396 795
1435 481 235
1436 127 707
1436 299 948
1436 543 645
1436 556 853
1437 169 92
1438 59 979
1438 254 84
1439 267 697
1439 499 427
1440 557 186
1441 90 916
1442 62 611
1442 255 833
1442 346 667
1443 183 369
1443 9 324
1443 141 206
1444 112 478
1445 580 665
1445 321 812
1445 218 385
1445 538 837
1446 479 798
1446 139 194
1446 286 190
1447 34 688
1447 241 867
1447 66 508
1447 524 288
1448 526 794
1448 337 776
1449 232 620
1449 413 899
1449 47 989
1450 536 124
1451 515 431
1452 93 290
1453 62 267
