600 1000 50 10 3000
89 61
27 17
40 59
38 9
52 44
21 67
48 24
71 16
72 21
91 66
53 63
85 76
57 35
70 1
19 83
29 60
97 8
78 89
67 68
98 71
12 72
38 12
96 62
80 20
35 72
86 41
87 24
17 45
59 88
46 78
23 27
91 72
87 21
62 7
89 60
30 53
84 21
18 32
83 98
52 18
22 91
59 10
15 29
55 74
17 53
4 92
32 95
65 19
68 27
78 57
39 9
63 24
30 81
8 13
79 61
83 2
52 95
12 19
24 19
93 93
24 49
37 56
97 2
27 65
81 6
75 73
67 38
49 97
19 57
62 98
70 97
52 22
92 64
93 68
35 86
13 59
88 51
67 85
5 95
2 39
53 77
64 20
15 65
69 34
74 83
85 45
80 37
19 25
54 13
93 89
51 59
1 39
62 68
76 67
63 79
58 68
8 74
40 24
10 14
92 47
11 25
85 30
50 39
43 43
80 47
54 81
86 16
50 15
36 65
46 94
34 54
69 26
30 60
36 93
74 80
40 85
5 25
68 55
16 63
51 49
10 5
30 49
74 32
64 10
98 10
4 84
16 25
10 47
38 98
40 12
79 80
50 36
58 70
44 74
33 95
75 44
52 6
93 26
38 57
36 88
19 93
72 35
70 35
82 8
33 74
73 12
55 75
1 65
45 45
91 78
92 67
22 96
73 15
23 63
24 11
56 76
31 27
11 65
35 45
40 60
9 47
35 62
12 80
7 3
59 51
70 33
48 95
49 23
59 25
34 63
21 43
91 4
70 3
69 57
0 9
18 61
8 5
24 20
86 83
76 45
87 98
78 35
94 79
57 96
20 30
39 11
34 9
66 3
19 18
65 89
80 25
94 56
98 80
91 74
77 78
72 8
65 18
87 75
23 96
72 95
26 11
7 60
73 25
16 44
44 81
33 76
6 27
84 4
8 75
30 37
6 55
45 71
73 33
99 49
29 23
44 8
86 3
68 59
29 36
3 25
17 88
1 76
16 37
32 76
12 63
13 70
70 59
94 43
44 93
44 73
16 41
33 54
44 54
14 25
90 69
50 8
10 3
36 26
40 20
2 5
35 15
75 5
26 69
1 70
14 45
96 82
86 29
37 83
83 3
24 59
34 34
62 22
12 3
42 14
60 78
82 35
83 8
57 36
31 71
34 27
6 72
56 95
55 92
98 64
66 74
75 52
61 89
74 73
44 68
88 4
98 22
92 34
82 49
70 13
72 4
40 30
77 49
25 32
41 75
48 59
50 75
63 11
84 61
57 24
66 56
46 58
90 29
59 60
94 31
17 35
14 94
84 39
78 77
15 79
54 99
28 71
33 97
37 51
5 35
61 95
16 20
8 11
98 17
71 34
57 49
11 24
80 99
89 35
50 17
58 90
81 91
87 70
94 45
58 55
40 74
27 0
37 31
77 35
0 48
50 32
81 30
31 22
17 81
91 28
23 25
71 63
95 66
8 53
21 0
80 49
1 17
32 30
5 32
31 26
42 81
59 75
63 42
50 33
76 41
61 99
62 14
19 72
23 99
73 76
6 26
41 37
52 83
70 11
11 34
54 61
19 82
54 80
81 73
64 96
39 15
18 10
39 93
62 12
69 83
21 76
9 62
65 61
98 36
73 9
22 79
22 41
13 28
73 94
53 37
42 92
4 61
55 43
54 17
7 76
0 28
52 9
43 69
70 41
2 27
26 24
20 39
52 45
86 6
35 28
41 57
35 48
74 42
24 26
23 28
87 66
97 10
59 55
57 61
34 84
37 55
75 89
0 13
47 87
42 50
27 35
7 62
83 34
56 59
12 79
39 0
97 89
10 56
44 67
17 78
3 54
85 31
96 38
44 95
25 38
97 4
74 57
66 9
91 75
21 55
54 60
55 52
8 45
37 78
76 92
84 13
23 80
51 68
28 29
58 25
33 32
82 52
94 25
27 15
81 33
27 88
85 81
6 46
26 95
76 54
87 60
68 63
93 71
83 21
52 41
46 38
74 81
42 20
6 21
87 87
54 66
47 34
90 26
81 66
80 68
78 0
83 71
24 66
44 28
8 43
66 34
24 8
54 30
81 93
70 36
59 98
80 7
32 70
33 65
88 65
85 18
66 69
90 42
70 43
29 37
77 53
97 83
36 79
76 6
67 36
4 47
43 88
69 28
53 9
93 38
27 11
7 69
53 43
56 24
38 37
61 68
91 10
51 79
41 28
85 8
16 89
7 11
29 28
39 82
37 84
72 65
96 32
34 49
27 42
73 65
80 86
33 23
49 37
2 90
65 39
51 33
28 58
44 9
87 83
43 76
19 15
41 15
99 28
65 26
22 90
29 29
66 31
68 83
70 71
16 50
59 69
95 2
45 15
70 39
82 69
19 47
48 41
90 92
96 19
97 40
57 17
41 92
30 71
4 89
92 52
44 89
19 66
28 1
35 47
1 35
89 91
79 37
62 53
62 11
99 21
12 81
92 17
21 66
26 40
32 54
93 20
54 94
37 87
32 99
40 94
10 85
66 91
5 17
12 70
98 57
39 20
93 60
39 71
52 71
26 45
43 80
40 51
75 77
38 59
29 30
53 39
67 71
82 72
40 95
42 90
4 81
63 49
93 2
21 45
25 47
91 69
79 31
72 6
60 62
92 70
81 59
94 63
10 26
25 14
64 53
42 85
98 67
84 41
88 15
24 12
73 85
74 90
26 18
60 59
77 54
23 61
41 85
39 66
0 50
6 16
55 48
53 54
67 37
95 8
4 20
20 77
57 47
67 35
65 79
95 43
34 70
56 75
55 47
93 7
97 51
75 53
51 28
59 18
17 6
78 21
78 99
50 87
46 17
75 11
49 70
6 83
92 14
10 99
13 55
59 11
58 34
16 9
15 27
79 32
85 58
54 64
9 56
3 55
26 78
18 75
0 77
58 92
43 20
44 57
27 3
68 85
89 36
94 4
15 73
37 0
83 43
16 92
51 20
99 77
50 18
52 51
47 62
95 90
34 39
47 61
94 67
40 70
18 29
23 1
24 39
46 76
11 45
53 62
15 6
13 62
20 8
5 55
0 52
16 46
72 15
82 27
59 23
50 29
4 25
83 29
64 29
57 28
74 62
90 90
20 55
4 41
15 9
96 15
14 12
62 86
79 44
65 91
19 67
20 24
92 3
5 9
32 14
37 7
76 79
34 53
90 49
15 86
17 29
50 79
67 82
75 84
73 47
4 93
49 80
57 81
94 94
40 22
73 41
71 59
95 61
9 10
47 26
91 50
57 58
32 84
94 5
31 98
50 54
47 99
34 4
33 80
51 25
3 76
67 74
36 14
88 45
24 87
23 15
37 32
25 69
16 19
26 0
18 77
6 65
28 93
21 61
73 72
39 28
49 6
55 85
20 43
82 96
30 57
63 20
89 88
59 68
57 29
97 64
57 16
40 78
11 89
36 66
74 56
61 8
4 43
65 67
15 54
7 57
12 66
77 21
96 74
85 42
51 94
10 42
77 51
72 40
40 8
58 67
16 71
75 20
14 41
87 30
47 94
13 16
33 9
42 70
3 93
17 14
88 46
65 60
38 5
21 96
72 37
67 0
58 33
93 97
15 40
4 9
22 89
70 64
11 73
10 28
26 52
10 64
10 31
12 82
69 79
34 79
65 27
28 32
68 72
39 24
81 61
13 51
77 88
53 64
86 31
69 96
96 79
80 8
13 49
40 48
80 57
75 8
89 95
33 28
42 32
70 20
8 14
11 46
45 32
94 93
11 74
2 77
75 94
25 55
51 52
0 49
73 19
15 15
4 85
35 65
32 43
79 96
89 24
28 83
18 92
10 72
69 85
18 46
41 69
50 57
13 50
58 86
22 73
1 78
11 36
43 95
43 72
98 24
56 68
16 66
92 37
3 10
35 96
31 85
53 45
36 63
83 58
89 85
88 0
73 31
47 5
5 91
29 3
24 35
3 16
72 59
79 7
55 10
7 80
24 91
90 13
76 78
13 1
61 61
58 66
4 88
25 46
6 29
62 30
88 41
4 33
4 11
66 81
2 8
94 30
87 8
32 48
21 90
67 77
78 37
0 4
35 6
85 97
88 25
91 77
20 47
62 77
58 28
58 13
89 52
12 75
76 85
18 43
14 48
4 67
72 41
17 60
66 60
89 39
7 4
68 17
32 78
30 21
82 74
49 47
32 71
73 99
20 6
13 24
66 94
98 84
54 40
75 13
31 28
73 61
2 56
87 3
55 89
81 87
60 55
38 32
13 52
9 90
90 75
85 40
11 39
32 39
53 28
34 36
57 8
97 11
14 71
26 48
10 38
55 49
23 20
53 32
10 95
59 95
87 22
87 20
61 92
0 96
28 57
56 77
20 72
14 35
95 92
35 5
83 42
6 6
62 59
90 72
6 49
20 94
66 85
51 66
81 31
76 37
60 96
61 75
83 56
19 70
13 2
12 20
60 74
31 50
99 38
51 71
84 75
30 50
60 33
68 93
64 44
30 24
93 43
51 76
99 64
25 11
84 86
86 68
88 85
6 92
8 90
92 79
71 60
72 87
57 54
11 50
97 15
78 48
86 77
64 63
89 1
1 27
69 90
64 75
34 72
17 1
10 9
32 33
21 4
20 78
58 83
80 55
98 59
55 36
88 19
20 1
56 89
16 77
92 85
30 54
46 62
87 68
18 7
98 76
91 79
31 89
38 38
78 78
58 78
56 78
31 64
20 75
85 36
4 29
22 87
84 20
1 23
88 20
31 87
66 80
15 56
18 93
34 28
23 42
7 55
7 79
82 44
15 38
73 89
25 57
10 79
33 50
37 47
90 55
79 5
63 98
99 98
78 74
29 51
64 11
95 32
50 69
73 27
58 11
27 75
83 88
23 46
38 74
96 17
48 89
2 30
40 19
93 36
3 43
23 87
64 81
99 2
91 26
29 0
96 64
88 71
11 79
45 59
96 45
48 50
75 41
69 69
29 24
64 86
73 69
73 24
23 16
3 4
16 99
69 56
70 32
87 67
91 83
64 92
34 40
33 55
61 14
80 77
0 85
17 25
6 90
2 29
6 57
56 54
82 78
86 70
97 30
5 61
22 39
53 7
47 66
21 27
44 21
64 61
98 70
3 52
51 61
9 36
87 17
91 21
47 29
43 44
59 49
58 81
40 63
88 87
30 9
82 30
87 33
52 42
85 3
55 95
40 42
12 83
15 60
12 59
56 72
60 66
5 0
30 46
88 60
7 6
86 42
37 25
27 41
19 12
45 74
59 37
20 83
84 84
94 40
8 54
59 14
12 95
1 71
53 87
13 42
64 40
84 83
5 81
57 64
18 25
88 90
8 72
74 55
65 83
9 24
49 16
65 13
63 66
84 17
53 50
59 17
42 43
52 47
76 9
64 94
34 52
36 94
77 11
1 94
46 11
70 95
60 43
1 44
60 6
46 19
88 91
88 52
57 74
20 34
37 22
80 83
30 12
37 90
55 90
96 33
39 23
74 54
2 63
97 90
67 87
64 24
14 84
58 51
87 91
40 17
60 11
79 67
32 18
90 59
24 92
34 89
61 98
14 75
35 24
78 41
85 7
83 89
37 95
52 56
94 83
24 78
53 66
37 77
11 59
3 45
1 16
96 67
43 31
24 58
87 9
18 22
50 55
17 3
63 63
86 39
41 40
6 79
14 91
88 10
5 18
12 44
27 30
66 78
37 35
33 1
50 19
40 91
11 98
22 81
67 13
5 34
56 46
29 90
21 34
78 87
16 96
83 50
6 33
22 99
25 33
97 99
66 17
3 21
18 51
88 47
93 61
46 64
93 62
61 10
13 74
30 35
73 55
20 23
54 87
92 19
40 29
46 80
28 40
45 39
79 38
2 40
44 66
53 70
73 73
93 80
12 85
99 23
32 91
52 30
23 33
22 16
47 68
7 26
58 9
18 59
31 55
77 28
73 30
98 47
56 91
27 68
28 78
44 60
21 48
90 44
81 13
12 29
33 19
7 91
81 26
3 64
81 80
92 54
11 90
53 19
87 61
21 31
80 64
27 13
77 91
94 10
63 2
53 96
28 56
60 9
37 53
15 0
95 69
19 29
1 6
90 64
47 22
28 75
18 30
67 33
29 12
29 42
73 66
47 88
66 42
9 85
43 14
79 85
78 26
53 95
63 72
77 82
73 83
81 98
1 28
86 67
70 48
4 94
63 0
60 42
85 90
68 45
48 74
98 69
45 55
82 51
94 7
5 88
3 91
8 26
91 12
72 54
64 32
74 69
95 22
43 87
85 41
56 82
33 91
45 20
66 50
61 22
93 69
48 37
33 20
43 98
0 78
0 56
82 37
80 52
36 25
27 38
77 72
7 77
9 92
97 53
42 53
97 42
66 71
72 63
13 91
8 93
95 45
70 72
52 97
10 29
70 69
6 31
62 55
99 43
78 9
12 50
72 25
93 81
71 40
13 82
91 23
63 61
45 21
44 7
76 81
63 36
14 14
31 58
3 9
67 15
11 92
92 4
25 63
44 3
57 9
37 48
85 0
61 30
21 5
37 49
86 52
85 1
11 70
37 88
70 81
54 35
20 54
9 59
58 46
60 25
47 43
1 36
31 24
70 27
71 67
68 74
73 18
13 27
5 53
42 22
65 14
28 27
73 86
12 40
83 10
0 67
94 57
37 14
31 10
84 45
89 41
50 83
63 15
97 91
42 23
78 68
8 42
8 69
5 43
10 65
75 57
74 12
23 6
74 8
51 15
49 1
98 65
68 48
56 11
71 86
31 31
80 39
0 86
34 31
91 97
48 67
54 23
31 29
29 58
25 39
85 24
4 53
16 47
51 99
78 31
38 31
69 25
14 61
22 63
80 76
86 63
57 67
73 95
86 36
75 42
41 99
6 10
46 57
9 76
41 0
77 74
37 3
19 84
94 92
31 45
43 17
33 18
11 26
69 18
88 67
27 50
2 3
31 79
29 54
78 18
58 5
93 29
21 21
36 17
90 21
35 2
48 57
72 88
24 99
38 20
20 92
76 51
71 5
5 1
24 15
6 69
96 48
61 18
69 97
35 11
19 22
59 4
89 98
76 61
42 52
64 14
58 69
15 34
37 74
3 33
22 64
14 90
54 85
65 72
4 96
61 15
52 50
65 29
63 8
81 27
49 89
73 38
63 29
23 85
45 79
28 59
69 35
44 86
1 382 295
1 275 792
2 473 994
2 401 599
2 377 771
3 441 792
4 86 37
5 239 38
5 85 127
5 505 890
6 82 35
6 549 815
6 409 228
7 192 224
8 307 837
9 79 860
10 385 16
11 72 488
12 390 433
12 203 611
12 487 545
12 574 350
12 47 465
13 232 48
14 472 903
14 16 228
15 117 253
16 102 58
17 412 303
18 151 122
19 214 389
19 467 796
19 265 840
19 557 893
20 59 247
20 240 98
20 69 679
20 87 912
21 323 246
21 211 802
21 266 898
22 307 278
22 538 606
22 480 851
22 57 672
22 414 640
23 46 77
24 472 19
25 271 712
25 493 207
25 424 959
26 402 992
27 114 92
27 416 469
27 346 486
27 59 326
27 108 817
28 446 229
29 467 996
29 454 203
30 156 769
31 122 619
31 227 665
32 59 904
33 185 900
34 316 868
35 46 817
36 586 321
37 402 416
37 169 159
37 211 883
37 478 634
38 388 206
38 230 447
38 129 867
38 339 510
38 262 909
38 42 553
39 311 144
40 314 89
40 118 957
41 389 316
41 51 210
42 382 717
43 141 324
44 253 800
44 366 389
44 419 655
44 600 37
45 529 750
45 348 573
46 536 868
46 263 382
46 553 960
46 231 783
46 60 995
46 521 663
47 349 150
48 496 188
49 409 496
49 515 726
50 437 269
51 147 755
52 138 666
52 582 883
52 425 865
53 372 629
53 8 686
53 309 922
54 411 973
54 194 457
54 243 716
54 449 762
54 77 717
54 417 152
54 363 84
55 443 881
55 463 377
55 515 303
55 174 864
56 177 675
56 597 19
57 375 442
57 576 780
57 128 538
57 188 380
57 256 987
57 101 779
58 127 874
59 48 108
59 334 680
60 219 14
61 328 98
62 531 451
63 516 11
64 7 219
65 513 337
65 126 224
66 236 452
67 106 545
68 166 16
69 319 278
69 215 61
69 268 385
69 260 843
69 531 103
69 102 173
70 298 508
70 82 722
70 527 886
71 12 891
72 539 205
72 38 140
73 341 640
74 242 259
74 144 401
75 134 711
76 148 536
77 86 745
77 235 415
78 164 103
79 320 204
79 197 723
79 25 53
79 251 197
80 308 666
81 136 192
81 228 796
82 305 265
82 520 524
83 585 222
84 385 13
84 416 936
85 33 304
86 583 626
86 544 228
87 285 927
88 75 810
89 218 93
90 182 918
91 255 912
92 44 257
93 274 782
94 386 528
94 345 683
94 383 446
95 178 872
96 29 703
96 165 829
96 486 102
97 139 537
98 209 100
99 497 432
100 410 838
101 596 866
101 552 619
101 433 990
101 379 712
101 257 646
101 484 243
101 231 980
102 490 79
103 226 757
103 96 226
104 48 635
104 554 885
104 211 346
104 58 623
105 82 342
105 173 903
105 371 944
105 502 354
106 114 333
107 174 101
108 529 682
109 569 669
110 318 234
110 331 614
110 503 285
111 312 790
112 74 124
113 171 485
113 527 856
113 9 98
114 475 637
115 424 468
115 473 50
116 13 910
117 199 548
117 352 328
118 393 769
118 358 360
118 563 608
118 165 529
118 377 814
119 392 713
119 144 543
120 367 542
121 383 214
122 149 216
123 178 136
124 180 355
125 104 244
125 62 232
125 545 8
125 487 700
126 587 477
126 450 556
127 75 281
128 192 274
129 237 909
129 532 260
129 566 310
129 125 996
129 441 747
130 290 358
131 202 779
132 107 565
133 448 953
134 144 938
135 360 40
135 172 428
136 369 963
137 233 323
138 264 354
139 276 148
139 262 671
140 198 152
140 315 995
140 536 715
141 460 405
142 329 306
143 70 460
143 348 306
144 272 454
144 540 515
145 243 466
145 52 429
145 516 234
145 184 301
146 340 201
147 233 278
147 436 781
147 159 389
148 572 916
148 276 845
149 479 563
150 187 717
151 520 199
151 24 293
151 36 611
152 454 257
153 226 587
154 174 51
154 326 478
154 434 146
154 322 147
155 165 275
156 522 727
157 177 561
158 114 480
158 166 85
158 437 139
158 485 696
159 387 100
159 565 843
159 53 368
159 14 915
159 443 57
159 228 934
159 369 173
159 247 263
159 590 684
159 398 183
159 533 26
160 170 157
160 294 758
161 89 12
161 167 92
161 349 229
161 223 630
161 452 781
162 556 645
163 351 756
164 19 569
165 234 993
166 86 722
166 384 756
166 52 522
166 41 737
167 362 365
168 242 624
169 355 901
170 477 784
170 410 910
170 23 28
171 233 988
171 266 983
171 572 804
171 515 788
172 535 223
172 181 661
172 262 8
173 164 982
173 509 836
173 554 228
173 24 734
173 592 348
174 409 639
175 64 893
175 376 814
176 503 829
177 29 674
178 348 832
178 143 403
179 418 11
180 425 770
181 323 469
182 345 993
183 232 100
183 125 507
183 260 343
184 223 627
185 518 977
186 313 98
187 380 991
188 451 720
189 450 316
190 275 615
191 460 687
192 121 570
192 172 761
193 135 168
194 452 647
195 158 156
196 108 218
197 87 599
197 170 139
198 332 833
198 315 932
199 197 171
199 471 517
199 329 499
199 428 18
200 91 976
200 195 539
201 369 946
201 183 440
201 495 5
201 150 708
201 7 112
201 51 368
201 445 840
202 233 16
203 127 978
203 36 42
203 342 183
203 401 64
204 119 450
205 333 428
206 492 13
206 148 263
206 577 310
206 479 656
207 87 286
208 5 2
209 527 2
209 347 743
210 97 919
210 51 193
210 53 440
210 591 568
210 49 771
210 278 235
211 383 234
211 459 96
212 262 187
212 544 667
212 268 717
213 76 635
214 272 596
214 496 60
215 227 644
216 297 32
217 599 749
217 105 376
218 15 691
219 512 841
219 63 171
219 438 179
220 309 909
221 247 721
221 243 609
222 117 470
223 31 311
224 57 292
224 10 873
224 121 933
225 129 295
225 421 34
225 273 525
225 71 714
225 347 107
226 185 263
226 443 504
227 600 112
228 237 494
229 441 154
229 37 797
230 497 126
230 465 280
231 126 641
231 156 887
232 365 3
232 155 55
233 298 143
234 577 398
234 279 510
235 49 86
236 421 161
236 63 21
236 72 106
236 289 499
237 372 165
238 301 550
239 391 790
239 592 668
240 99 587
241 460 410
241 520 242
242 206 262
242 353 956
242 293 565
242 266 122
243 23 66
243 575 866
244 36 183
244 10 992
244 486 411
245 501 20
246 350 178
246 176 819
246 395 255
247 99 119
247 15 523
248 406 127
249 356 924
250 456 765
251 208 691
251 178 21
252 326 812
253 572 373
253 328 46
254 168 996
254 98 553
255 183 789
256 563 322
257 71 218
257 566 640
257 371 185
258 137 896
258 582 885
258 138 93
259 413 840
259 541 682
260 176 485
261 522 94
262 558 738
263 255 306
264 468 1
265 56 111
266 245 682
266 587 680
267 38 692
267 79 1000
267 78 442
267 214 750
268 177 972
269 259 433
270 343 982
271 66 281
271 42 435
272 114 372
273 13 178
273 272 99
274 36 256
274 22 133
275 592 901
275 417 843
276 267 686
277 517 763
278 391 256
279 303 384
279 327 237
279 494 150
280 1 610
281 167 124
281 494 251
281 265 603
282 479 491
283 349 693
284 128 955
284 198 619
285 190 264
286 242 384
286 384 420
287 191 982
288 495 182
288 193 610
289 174 298
290 170 867
291 555 136
292 431 891
292 268 499
293 363 860
294 403 758
295 347 888
296 267 339
296 432 543
296 191 315
296 380 846
296 273 722
297 432 650
298 249 934
298 143 526
298 536 391
298 400 537
299 308 610
299 444 772
300 73 282
300 311 527
301 52 415
301 90 294
301 164 39
302 411 763
303 184 443
304 443 3
304 480 543
305 324 538
306 161 675
307 491 20
307 268 875
307 186 335
308 600 464
308 346 981
309 557 320
309 383 429
310 22 738
311 305 363
312 48 629
313 93 398
314 27 837
315 589 932
316 499 226
317 150 706
318 101 47
319 35 109
320 286 97
320 284 27
321 52 798
321 510 726
322 40 549
322 398 374
323 305 770
324 357 636
325 215 832
325 492 446
325 210 994
325 195 82
326 380 282
327 551 256
328 537 79
329 69 747
329 421 193
329 289 688
330 72 334
331 347 792
332 120 463
333 148 782
333 483 516
333 76 267
333 237 225
333 490 971
334 437 4
335 114 494
336 529 113
336 546 437
336 244 123
336 513 777
336 549 782
337 190 398
338 348 638
339 429 884
339 292 616
339 48 142
340 387 311
341 485 580
341 597 560
342 111 287
343 130 539
343 147 747
344 560 531
345 64 926
346 136 984
347 463 650
348 424 270
349 567 99
349 536 493
349 75 369
349 74 430
350 460 448
350 242 121
350 566 753
351 246 549
352 574 434
352 117 43
352 314 631
353 555 260
353 506 938
353 275 894
353 103 705
353 198 68
354 553 260
355 442 519
355 379 542
356 172 517
356 240 673
357 140 905
357 224 226
357 207 827
358 90 465
358 564 719
359 304 552
359 213 257
360 319 246
360 93 612
361 35 788
361 445 402
361 124 556
361 80 54
361 481 229
362 244 252
362 216 951
363 593 434
363 363 721
363 67 514
364 226 360
364 324 528
365 332 783
366 318 674
367 330 715
368 300 232
369 237 688
369 519 531
370 334 922
371 77 868
371 312 89
372 84 662
373 10 518
373 499 611
374 80 35
374 375 673
374 278 825
374 197 561
374 533 915
375 315 303
375 532 94
376 379 276
376 105 664
377 233 301
378 401 445
378 328 488
378 118 513
378 592 989
379 514 322
380 14 6
380 378 98
380 501 94
381 167 674
382 403 876
382 406 6
382 73 799
383 103 907
384 575 701
385 266 686
385 179 968
386 338 518
387 366 602
388 68 450
388 311 233
389 169 609
390 284 267
390 151 820
391 40 455
392 300 32
392 2 731
392 325 272
392 80 195
393 172 484
393 355 776
394 494 102
395 399 863
396 173 182
397 20 446
398 133 928
398 2 907
398 389 982
399 123 270
400 413 529
400 177 644
400 523 445
401 2 295
401 313 75
402 557 886
402 274 772
403 42 918
404 27 641
405 526 294
405 127 877
406 552 335
407 1 760
408 469 871
408 19 614
409 479 155
409 76 64
410 184 179
411 304 321
412 121 56
413 347 100
414 145 765
415 428 728
415 598 351
415 159 760
415 196 530
415 254 347
416 288 322
417 377 630
417 20 881
417 316 151
417 338 947
417 375 778
417 466 646
418 515 429
419 470 710
419 52 690
420 422 224
420 241 967
421 337 666
422 20 970
423 346 709
423 62 118
423 358 222
423 248 171
423 465 59
423 553 777
424 545 861
424 538 900
425 176 64
425 426 164
426 93 706
426 86 771
427 163 545
427 585 999
427 349 321
427 439 50
427 482 63
428 198 983
429 560 55
429 333 102
430 55 43
431 270 724
432 36 481
432 208 660
432 61 535
432 105 619
432 411 322
433 192 573
433 17 880
434 538 808
434 479 849
435 192 318
435 92 221
436 328 13
436 282 668
436 418 256
437 54 546
438 105 781
438 244 654
438 65 873
439 582 490
439 142 608
440 386 60
440 208 94
440 227 31
441 324 566
441 315 605
441 223 450
442 118 987
443 212 408
443 285 466
443 10 541
443 58 758
444 559 879
444 236 541
444 417 187
445 218 288
445 340 230
445 36 318
445 556 858
445 198 138
445 466 690
446 20 316
446 191 106
447 375 799
448 380 745
448 238 863
448 198 509
448 444 385
449 412 507
450 142 737
451 368 655
452 361 949
452 367 697
452 378 351
453 221 785
454 398 832
454 344 195
455 469 449
455 286 551
455 572 649
456 557 503
457 116 762
457 156 825
458 189 660
459 18 181
460 238 997
460 187 289
460 57 324
461 428 287
461 248 201
461 515 541
462 320 828
462 113 529
462 437 840
463 453 954
464 295 894
464 534 368
465 68 866
465 32 965
466 187 119
466 582 637
467 534 613
467 382 141
467 378 869
468 505 554
469 358 802
469 37 447
469 309 620
469 273 412
469 482 588
469 497 81
469 378 390
470 166 86
470 414 926
471 299 82
472 196 965
473 572 19
474 182 503
475 264 787
475 271 701
475 497 81
476 288 492
476 35 969
476 465 246
477 514 934
478 566 929
479 324 133
480 286 560
480 467 878
481 258 653
482 24 415
483 421 345
484 483 993
485 278 333
486 329 529
486 136 514
487 33 129
488 316 506
488 136 641
489 370 911
489 502 232
489 35 636
490 42 256
491 98 916
492 139 893
492 566 909
492 307 467
492 197 73
492 333 52
493 591 216
494 433 608
494 165 326
494 486 697
495 343 123
495 375 108
496 397 458
496 568 864
497 492 721
498 400 296
498 112 558
499 434 136
499 429 807
500 145 63
500 439 350
501 499 116
502 182 51
502 445 484
502 525 794
502 67 394
503 3 3
503 559 558
503 399 389
504 489 909
505 240 780
505 150 702
505 134 412
505 6 484
505 7 445
506 422 94
506 62 874
506 2 653
506 121 855
506 33 34
506 489 48
507 428 1
507 571 201
507 531 970
508 557 989
509 347 487
510 543 261
511 118 156
511 246 682
512 312 726
513 289 777
513 221 115
513 511 755
513 337 477
514 59 901
515 411 553
515 376 855
515 79 105
516 547 191
517 360 801
518 61 722
518 340 652
519 16 419
519 216 310
519 101 99
520 59 116
521 255 898
521 396 173
522 463 846
523 395 646
523 521 123
523 348 917
523 136 939
523 39 535
523 290 485
524 90 6
524 443 774
525 523 457
525 418 282
525 424 759
525 464 37
526 48 886
527 374 553
527 324 385
528 312 617
528 22 707
529 137 964
529 292 662
529 5 521
529 38 178
530 576 708
531 531 32
532 129 399
532 379 886
533 501 225
534 241 498
535 80 387
535 333 522
535 324 102
536 283 975
537 43 440
537 439 754
538 185 812
539 47 846
540 343 746
541 75 163
541 262 210
542 377 403
542 546 468
543 270 632
544 9 364
544 194 952
544 368 666
544 14 468
544 129 407
544 137 615
544 131 609
544 63 156
544 15 579
544 326 224
544 269 503
545 406 118
545 130 260
546 56 983
547 92 427
548 444 446
549 596 302
549 241 743
549 147 998
550 142 846
551 365 766
552 541 166
553 420 389
553 370 639
554 232 714
554 530 629
555 367 653
556 552 55
557 241 670
558 24 761
558 501 368
559 29 60
560 299 701
561 439 919
562 469 628
562 153 389
563 14 860
563 272 407
563 105 199
564 200 63
564 308 784
564 588 853
564 78 535
564 411 856
564 333 550
565 127 884
565 445 806
566 391 709
567 103 937
567 258 269
567 237 135
568 481 638
569 383 264
570 359 719
571 248 31
571 252 816
571 301 212
572 127 118
572 35 89
573 12 408
573 526 134
573 460 865
573 227 174
573 490 514
574 348 578
574 93 640
574 274 294
574 456 773
574 128 915
574 288 735
575 107 888
575 211 683
575 532 523
576 295 899
577 361 112
577 169 817
577 193 88
578 543 577
579 181 108
579 572 867
580 393 413
581 581 355
582 75 210
582 591 189
583 233 541
583 451 146
584 1 211
585 457 49
586 140 596
587 465 678
587 338 121
587 108 105
588 440 126
589 80 781
589 213 694
590 542 548
591 190 277
591 38 437
592 354 86
593 303 636
593 503 391
594 206 985
595 459 21
595 112 734
595 126 375
595 175 290
596 146 559
597 79 23
598 10 9
598 236 961
599 57 331
599 314 391
599 185 433
599 283 71
600 187 153
601 320 487
601 32 185
601 139 122
601 475 183
601 150 961
602 70 178
602 307 956
602 547 200
602 359 412
603 407 883
603 273 205
604 590 366
604 108 227
604 281 399
605 192 260
606 206 987
606 19 650
606 3 646
607 511 639
607 72 79
607 129 466
608 446 256
609 191 540
610 496 170
611 373 982
611 184 239
611 505 522
612 136 909
612 72 490
612 481 128
612 69 153
613 390 657
614 498 824
614 341 64
615 163 863
616 14 732
617 596 378
618 573 10
619 570 745
619 381 548
620 597 579
621 62 665
622 309 269
623 514 133
624 232 199
624 284 432
625 217 39
626 44 27
626 34 186
626 202 254
627 440 797
628 4 903
629 440 312
630 222 484
630 235 388
630 448 922
631 75 743
632 414 892
632 361 154
633 513 488
634 260 833
634 563 980
634 385 815
634 269 892
635 524 528
636 89 931
637 18 48
637 345 238
637 230 622
637 442 129
637 576 300
638 548 774
639 566 587
639 160 603
640 386 807
640 448 262
640 48 120
640 527 534
641 158 90
642 521 658
642 538 298
643 502 915
643 138 306
644 169 409
644 308 151
644 56 334
644 303 768
645 103 629
646 424 54
646 9 728
646 511 40
647 407 364
647 301 947
647 23 237
648 598 70
649 270 588
650 589 319
651 137 527
651 335 502
652 270 964
653 484 968
653 396 324
654 557 181
655 570 704
655 250 195
655 255 424
656 131 711
657 565 268
657 560 797
658 75 975
658 303 716
658 297 389
658 286 849
658 21 708
659 221 854
659 536 195
659 185 691
660 314 867
661 96 769
661 193 160
662 358 842
663 71 427
664 250 466
664 297 118
665 21 568
665 270 613
666 303 917
666 318 247
667 576 207
668 499 699
669 105 183
670 423 619
670 356 385
670 247 943
670 305 683
670 237 2
670 191 777
671 147 955
672 568 472
672 202 439
672 184 530
673 464 43
673 475 978
673 393 831
674 164 824
674 489 847
674 32 424
674 129 690
675 99 24
676 424 315
676 157 91
677 228 406
677 57 266
678 55 614
679 206 43
680 163 532
681 435 89
681 297 749
682 213 615
683 232 576
683 361 203
684 512 332
684 56 719
684 582 343
685 203 535
685 115 88
685 44 398
685 486 21
686 406 507
686 420 641
686 32 940
686 86 294
687 170 405
688 424 618
688 569 382
689 498 381
690 377 329
691 452 643
692 163 379
692 444 758
692 521 190
693 388 87
694 264 560
695 537 259
695 549 519
695 151 29
695 377 44
696 24 401
697 153 59
697 359 28
697 71 182
698 300 223
699 508 251
699 295 716
700 355 845
700 208 545
700 301 500
701 260 34
701 467 129
701 329 665
702 581 465
703 252 661
703 161 486
704 482 62
704 172 76
704 525 675
704 432 685
705 275 971
706 155 542
707 291 318
708 524 663
708 18 683
708 56 439
709 174 987
710 131 21
710 525 1000
711 516 504
712 22 893
713 158 152
713 272 634
714 425 219
714 311 369
715 300 841
715 449 327
715 524 782
715 86 649
716 15 109
717 130 848
717 84 372
718 166 143
719 540 568
720 32 104
720 468 580
721 311 457
721 552 409
721 240 735
722 584 891
722 525 505
723 75 947
724 237 621
725 13 926
726 107 524
727 281 412
728 452 788
728 111 209
728 400 183
729 512 696
730 429 326
731 165 27
732 576 722
732 68 892
733 20 611
734 452 607
735 166 43
736 593 959
737 523 702
737 550 812
737 433 627
737 5 167
737 241 14
737 405 589
738 199 57
739 21 238
739 315 881
739 529 598
739 143 910
740 204 359
740 184 571
740 492 552
740 77 641
741 189 146
741 521 472
742 308 407
742 464 2
743 457 380
744 52 533
744 262 829
745 258 893
746 202 110
747 377 132
747 229 301
748 251 402
748 253 918
749 439 614
749 497 413
749 479 563
749 121 981
749 123 14
749 505 869
750 83 110
750 552 553
750 295 677
750 255 400
750 478 346
751 396 539
752 188 595
752 309 645
752 329 715
753 276 173
753 252 6
753 496 624
753 30 327
753 533 224
753 570 658
753 183 482
753 385 781
754 247 452
754 218 925
755 109 323
755 93 89
756 144 562
757 473 234
758 459 761
758 209 937
758 124 797
758 524 352
758 250 261
758 39 64
758 431 367
758 222 768
759 526 346
760 595 881
761 594 66
761 207 40
762 83 377
762 342 214
763 108 62
764 105 846
764 138 22
764 522 444
765 519 472
765 533 188
765 430 935
765 74 502
765 172 157
765 320 487
765 402 465
765 28 505
765 302 410
766 325 812
766 41 697
767 130 989
767 161 940
767 188 225
768 37 324
768 180 830
768 19 892
769 52 644
769 341 533
769 113 53
769 573 771
769 76 571
770 48 264
771 531 292
771 233 746
771 561 312
772 11 498
773 598 206
774 277 649
775 463 525
776 251 309
777 535 26
778 217 270
779 125 925
780 470 207
780 263 832
781 254 713
782 276 844
782 49 599
783 143 364
783 558 29
783 557 456
783 232 586
783 553 927
783 302 401
783 538 107
783 427 224
783 358 567
784 54 395
784 134 123
785 153 512
786 408 247
786 576 740
786 15 303
786 258 201
786 497 906
787 219 546
788 397 212
789 89 320
789 173 856
789 163 201
789 200 356
790 16 701
790 330 944
791 563 195
791 444 533
791 115 846
791 405 372
792 435 883
792 166 868
793 367 224
794 280 111
794 572 454
794 114 452
795 404 736
796 296 305
796 99 942
797 59 211
798 144 997
799 470 695
799 321 378
799 372 596
800 438 71
800 483 887
801 217 717
802 34 317
803 210 740
803 108 628
804 11 76
804 524 146
804 191 634
805 220 317
806 367 786
806 512 995
807 253 587
807 521 133
807 74 283
808 532 767
809 436 411
809 98 607
810 375 678
810 555 321
811 332 638
811 516 727
811 331 291
812 374 216
813 569 811
813 177 873
813 473 598
813 551 484
813 257 151
813 358 689
814 455 522
815 539 685
816 541 651
816 327 815
816 223 573
816 121 553
816 126 528
817 291 271
817 477 188
817 567 774
818 75 566
819 569 351
819 145 46
819 326 88
819 120 167
820 306 68
820 451 560
821 224 833
822 270 671
823 149 115
824 438 794
824 85 621
825 572 763
825 421 390
826 55 331
826 210 968
826 492 447
826 144 94
827 281 92
827 279 715
827 491 879
827 403 543
828 363 893
829 397 778
829 593 709
829 53 967
830 87 928
830 481 792
831 434 818
831 215 459
831 541 723
831 200 621
832 42 781
833 525 530
834 588 465
835 421 863
835 97 194
836 334 416
836 368 611
837 115 12
837 69 180
837 40 651
838 280 712
838 426 176
838 226 763
839 544 892
839 58 110
839 273 280
840 272 289
841 425 489
842 267 959
843 395 38
844 576 308
844 133 164
845 487 475
846 313 964
846 166 151
846 193 821
847 453 993
847 242 310
847 447 390
847 352 16
847 451 603
847 219 189
848 545 998
849 261 818
850 480 613
851 357 525
851 531 311
851 305 148
851 283 505
852 162 895
852 258 726
853 368 197
854 376 955
854 468 126
854 571 241
855 461 325
855 522 102
856 95 530
857 461 662
858 163 862
859 38 46
859 516 609
859 113 255
859 485 862
859 195 772
859 17 403
859 482 252
860 103 957
860 375 726
861 361 917
862 265 153
863 84 994
864 526 661
864 168 545
864 237 355
864 351 980
865 80 712
866 250 503
866 146 384
867 66 284
867 468 438
867 503 186
868 278 809
869 341 325
869 464 341
870 117 299
870 500 147
871 235 836
872 330 67
873 504 390
873 64 494
873 89 637
873 273 553
873 14 307
873 111 46
873 60 873
874 569 427
874 326 622
875 9 718
876 350 868
877 96 761
878 332 5
878 182 91
878 578 372
879 49 344
880 543 914
881 247 184
882 203 300
882 374 543
883 64 590
883 334 674
883 59 481
883 127 330
884 51 290
885 360 741
885 32 369
886 23 721
887 191 784
888 207 37
888 484 814
889 484 435
889 82 641
889 9 217
890 46 21
890 293 912
890 31 460
891 26 953
892 418 967
892 112 228
892 392 850
893 419 607
893 158 593
894 524 938
895 328 486
895 340 32
896 570 241
896 384 19
897 440 604
897 329 424
897 25 103
898 240 673
898 432 301
898 490 997
899 132 456
899 160 773
900 146 265
901 461 628
902 42 976
903 441 258
904 260 987
905 162 633
905 410 683
906 154 63
907 460 287
908 546 942
909 216 861
910 460 798
910 167 233
911 447 973
912 345 902
912 20 158
912 184 913
913 276 813
913 490 697
914 139 423
914 420 739
915 91 576
915 478 623
916 547 723
917 359 793
917 295 654
917 382 832
918 354 299
919 569 226
920 498 910
921 587 719
921 449 959
922 370 248
922 369 86
923 177 473
923 68 950
924 536 193
925 241 268
926 36 128
926 146 174
926 368 824
926 145 270
927 111 686
927 572 715
928 504 512
929 3 986
930 309 190
931 159 241
931 103 869
932 68 872
933 397 940
933 307 842
933 561 33
934 247 247
934 74 455
935 24 725
936 382 648
936 195 23
936 246 926
936 573 249
936 454 979
936 109 217
937 141 473
938 450 171
938 566 794
938 368 427
939 307 662
939 459 216
939 290 663
939 269 97
939 157 194
939 96 335
939 316 815
939 371 7
940 278 221
940 213 149
941 553 208
941 536 751
942 354 779
943 358 798
944 574 674
944 311 763
944 485 182
945 120 303
946 179 758
946 92 756
946 262 723
947 232 595
947 7 41
947 321 308
948 31 725
948 547 808
948 300 796
948 228 821
949 268 389
950 142 28
951 243 241
951 481 4
952 358 526
953 312 429
953 164 750
954 202 782
955 52 806
956 348 239
957 101 946
957 120 120
958 32 218
958 560 753
958 90 957
958 118 744
958 600 649
959 449 765
960 300 304
960 557 978
960 10 677
960 182 442
960 74 182
960 245 885
961 508 305
961 223 32
962 171 314
963 72 858
964 579 230
965 536 30
966 532 616
966 252 630
966 17 681
966 341 229
967 528 702
968 515 531
969 394 628
970 575 344
971 483 633
972 592 615
972 361 6
972 387 507
973 221 138
974 84 141
975 279 718
975 4 148
975 50 797
976 530 712
977 320 50
978 341 841
979 111 444
979 14 290
980 435 737
981 165 267
981 300 25
982 371 884
983 249 235
984 126 552
984 115 210
984 584 994
985 557 114
986 513 558
987 373 328
988 159 52
988 150 51
988 78 122
989 418 144
990 33 554
991 596 243
991 204 108
991 321 107
991 591 507
991 337 403
991 193 620
992 497 517
993 491 622
993 424 64
994 509 430
994 496 660
995 522 527
995 486 838
996 278 34
997 321 236
997 306 535
997 452 897
997 423 618
998 128 341
998 126 175
999 400 560
1000 47 171
1000 211 34
1000 101 239
1000 488 651
1001 227 936
1001 101 456
1001 251 834
1002 261 642
1003 539 538
1003 561 182
1004 568 706
1005 599 591
1005 87 506
1006 320 578
1007 24 433
1007 223 533
1007 558 341
1008 145 954
1008 198 526
1008 252 992
1009 131 760
1009 439 677
1009 254 432
1010 366 353
1011 593 735
1011 305 705
1012 248 694
1013 313 770
1014 59 570
1015 83 507
1016 307 418
1016 234 257
1016 199 982
1017 353 512
1018 102 101
1019 40 543
1020 280 629
1021 253 650
1022 285 724
1022 52 677
1023 442 3
1023 527 147
1024 325 471
1024 578 272
1025 150 125
1026 402 134
1026 436 45
1027 26 382
1027 258 208
1028 377 493
1029 125 799
1030 483 487
1031 168 223
1031 271 547
1031 166 461
1031 404 853
1031 392 678
1031 522 226
1031 474 417
1031 421 370
1032 298 225
1033 495 800
1033 183 693
1034 29 598
1034 504 176
1035 539 100
1036 343 897
1036 498 202
1037 258 858
1037 411 763
1037 124 101
1037 17 633
1037 318 907
1037 426 492
1037 205 781
1038 282 517
1039 337 925
1040 532 715
1040 280 365
1041 308 761
1041 228 763
1041 420 182
1041 376 577
1042 422 766
1042 328 957
1043 288 705
1044 29 7
1044 465 30
1045 540 355
1046 402 109
1046 399 713
1046 582 147
1046 469 931
1047 381 733
1047 85 381
1048 597 373
1048 466 441
1049 523 570
1050 425 727
1051 145 876
1052 390 68
1053 428 910
1053 446 861
1054 491 736
1055 198 226
1055 176 372
1055 80 188
1055 151 739
1056 430 549
1056 207 412
1057 12 724
1058 291 112
1058 233 104
1058 517 10
1058 39 862
1058 429 125
1059 221 640
1059 149 659
1060 388 981
1060 325 360
1061 471 479
1062 88 677
1062 44 272
1062 496 256
1062 551 411
1062 211 271
1063 539 778
1064 358 858
1065 400 171
1065 549 636
1065 321 180
1065 335 211
1066 300 495
1066 78 615
1067 363 976
1068 281 737
1069 348 428
1070 371 493
1071 373 287
1071 526 736
1071 484 368
1072 334 621
1072 412 211
1072 592 437
1073 132 837
1073 94 734
1074 79 164
1074 150 865
1074 568 938
1074 106 760
1074 259 58
1074 94 138
1075 78 912
1075 563 915
1075 285 251
1075 245 867
1076 434 555
1077 547 246
1078 429 817
1078 305 528
1079 259 164
1080 329 146
1081 371 44
1081 28 425
1081 103 813
1081 65 974
1082 482 451
1083 122 237
1083 113 84
1084 463 919
1085 150 391
1085 536 770
1085 18 68
1086 60 864
1086 132 276
1087 543 238
1087 220 340
1088 573 732
1089 264 829
1089 103 141
1090 460 924
1091 20 166
1091 230 766
1092 24 574
1093 344 558
1093 467 692
1094 426 736
1094 371 21
1095 345 909
1095 137 625
1096 204 683
1096 189 169
1097 54 907
1097 216 308
1098 269 393
1099 129 457
1099 39 682
1099 514 13
1099 73 10
1099 380 128
1100 546 954
1100 152 528
1100 289 330
1101 268 655
1102 314 782
1103 493 654
1103 54 482
1104 442 518
1104 483 695
1105 581 21
1105 454 39
1105 10 984
1105 446 456
1105 367 741
1106 354 482
1106 346 844
1107 296 266
1107 323 679
1107 459 26
1107 138 580
1107 284 900
1108 499 262
1109 327 502
1110 448 699
1111 539 744
1111 161 943
1112 301 734
1112 455 644
1112 257 694
1113 474 117
1113 542 157
1113 410 895
1114 416 704
1115 308 394
1116 73 559
1117 55 141
1117 186 190
1117 506 856
1117 119 810
1117 88 211
1118 322 852
1118 135 15
1118 203 203
1118 484 983
1119 63 520
1120 314 498
1120 519 217
1120 576 506
1121 291 959
1121 417 127
1121 187 364
1122 420 282
1122 548 258
1123 547 258
1124 413 123
1125 131 546
1126 275 504
1126 38 930
1127 202 561
1127 20 486
1128 273 946
1128 383 753
1128 568 688
1129 398 603
1130 414 289
1131 101 751
1131 122 990
1132 285 867
1133 524 317
1133 215 5
1134 353 355
1135 489 443
1136 539 165
1136 266 577
1137 152 169
1137 423 936
1138 202 504
1139 120 593
1139 398 302
1140 72 203
1141 181 897
1141 558 799
1141 295 31
1142 425 965
1142 92 966
1143 464 625
1144 222 327
1145 231 463
1146 459 765
1146 574 789
1147 300 351
1148 498 920
1148 516 980
1149 555 907
1149 53 93
1150 296 128
1151 467 935
1151 249 202
1151 556 469
1151 230 686
1151 562 896
1151 325 868
1152 541 251
1153 471 51
1153 518 364
1153 305 947
1154 177 207
1155 336 939
1156 133 141
1157 595 244
1157 135 936
1158 411 567
1158 238 600
1159 97 174
1159 81 326
1159 149 975
1159 154 490
1160 584 774
1161 525 543
1161 473 100
1161 168 460
1162 330 623
1163 61 179
1163 278 102
1163 563 715
1164 94 627
1164 306 880
1165 125 389
1166 265 989
1166 561 311
1166 317 612
1167 31 125
1167 163 269
1168 323 487
1169 74 493
1169 530 470
1169 403 323
1169 195 212
1169 322 979
1170 190 272
1170 273 591
1170 9 268
1170 269 72
1170 206 43
1171 492 9
1172 106 214
1172 369 954
1172 331 509
1172 120 58
1173 169 107
1173 36 422
1173 460 596
1173 420 269
1174 325 31
1175 27 430
1176 575 930
1176 557 761
1177 16 168
1177 27 671
1178 545 560
1179 452 240
1179 324 238
1179 41 824
1179 473 391
1179 218 969
1180 454 848
1180 458 307
1180 495 727
1180 532 249
1180 286 50
1181 376 334
1181 468 318
1182 255 853
1182 393 589
1182 99 354
1182 302 762
1183 94 556
1183 227 784
1183 263 73
1184 22 993
1185 267 996
1185 56 914
1185 171 173
1185 337 121
1186 15 2
1187 552 824
1188 24 451
1189 260 899
1189 491 296
1190 250 11
1190 3 452
1191 556 941
1191 197 788
1192 516 793
1193 207 951
1193 112 78
1193 4 553
1193 185 415
1193 30 768
1193 126 721
1193 182 900
1194 339 737
1194 438 592
1195 573 43
1196 129 44
1196 114 911
1196 26 671
1196 188 695
1196 125 524
1196 378 185
1196 599 485
1196 590 392
1197 132 726
1197 575 718
1197 419 373
1197 164 702
1198 192 113
1199 265 262
1199 246 530
1200 380 194
1200 8 998
1200 134 572
1200 122 385
1200 496 724
1201 74 468
1201 11 609
1201 523 127
1201 552 699
1201 568 288
1201 523 150
1201 355 58
1201 142 224
1201 110 164
1202 372 916
1202 157 850
1203 205 793
1204 30 349
1204 51 83
1204 307 569
1204 29 302
1204 408 523
1204 341 894
1204 50 501
1205 107 821
1205 275 319
1205 278 407
1205 573 636
1206 199 59
1207 186 551
1207 150 346
1207 22 25
1208 137 469
1208 30 779
1208 211 864
1208 508 129
1208 358 522
1208 575 205
1208 379 950
1208 511 599
1208 136 649
1209 274 416
1209 233 813
1210 371 441
1211 363 265
1212 10 620
1213 555 128
1213 99 813
1214 597 370
1215 243 631
1215 453 842
1216 502 309
1217 5 756
1217 268 922
1218 448 916
1219 531 277
1219 403 748
1220 507 637
1221 115 922
1222 47 699
1222 87 137
1223 187 886
1224 408 434
1225 403 173
1226 167 619
1226 574 914
1227 502 366
1228 322 366
1228 599 642
1228 372 493
1229 134 832
1230 319 307
1231 486 131
1231 51 428
1231 14 454
1231 213 838
1232 515 761
1233 358 365
1233 118 318
1233 371 532
1233 323 979
1234 261 722
1235 460 141
1236 179 620
1237 158 378
1237 398 961
1237 132 130
1237 510 943
1238 249 769
1239 66 505
1240 584 456
1241 466 307
1241 200 806
1242 154 619
1243 97 859
1243 446 565
1244 481 215
1244 371 280
1245 201 473
1246 385 261
1246 114 252
1247 554 682
1247 190 764
1248 594 873
1249 285 891
1249 147 385
1250 200 921
1250 275 507
1251 227 239
1251 155 258
1252 115 779
1253 81 15
1254 561 878
1254 469 820
1255 10 467
1255 535 669
1256 461 824
1257 476 665
1257 216 91
1257 349 175
1258 235 985
1258 354 457
1258 343 60
1259 539 517
1260 198 497
1261 303 628
1262 233 516
1262 449 223
1263 333 417
1264 113 309
1265 19 274
1265 518 337
1265 578 189
1265 9 396
1266 241 828
1267 249 598
1267 205 977
1268 311 937
1269 466 717
1269 295 65
1270 427 394
1270 95 728
1271 278 32
1271 580 399
1272 126 715
1272 94 529
1272 31 681
1272 261 553
1272 179 86
1273 233 984
1273 580 554
1274 574 753
1275 172 279
1275 290 885
1275 117 323
1275 514 512
1276 516 156
1276 82 762
1276 317 46
1277 131 300
1278 222 984
1279 172 925
1280 547 334
1281 393 115
1282 12 695
1282 333 970
1282 122 587
1282 227 235
1283 315 371
1284 355 610
1284 404 454
1284 133 410
1284 245 372
1285 500 85
1285 232 176
1286 540 165
1286 327 536
1287 587 525
1288 341 23
1288 582 400
1288 258 35
1289 597 181
1290 533 936
1291 516 305
1291 179 613
1292 371 531
1293 293 247
1294 134 677
1295 298 860
1296 520 676
1296 403 289
1296 333 229
1296 24 839
1297 591 5
1298 503 594
1298 324 22
1298 123 537
1299 28 626
1299 546 125
1300 63 330
1301 285 944
1301 345 24
1301 422 249
1302 212 788
1303 127 234
1303 587 80
1303 436 372
1304 369 566
1305 595 582
1306 251 900
1307 440 870
1308 253 394
1308 199 794
1308 388 82
1308 170 559
1308 511 821
1308 67 353
1309 133 805
1309 243 295
1310 478 889
1310 87 162
1310 60 391
1310 200 597
1311 450 897
1311 283 686
1312 398 103
1313 74 145
1313 236 493
1314 555 77
1315 284 117
1316 478 108
1316 449 753
1317 102 90
1318 406 13
1319 595 829
1319 368 406
1319 217 191
1320 108 994
1320 156 893
1321 494 95
1321 105 472
1322 237 951
1323 549 534
1323 512 508
1323 282 354
1324 41 256
1325 22 489
1325 164 607
1326 194 380
1327 293 832
1328 552 204
1329 391 662
1330 101 23
1331 234 227
1331 313 569
1332 116 719
1333 341 900
1334 296 593
1335 526 127
1335 6 755
1335 444 262
1336 32 205
1336 278 837
1337 240 616
1337 421 657
1338 494 497
1338 38 908
1338 16 825
1338 288 733
1338 505 329
1338 140 84
1338 493 859
1339 238 179
1340 136 810
1340 374 153
1341 384 129
1341 420 461
1342 482 206
1343 400 982
1344 256 622
1344 325 393
1345 126 723
1346 170 722
1346 473 730
1346 64 601
1347 352 443
1348 69 990
1349 286 256
1350 484 326
1351 480 277
1352 331 942
1353 353 822
1353 322 282
1354 341 894
1355 454 189
1355 147 622
1355 242 611
1356 366 870
1357 544 216
1357 262 446
1358 307 978
1359 441 647
1359 294 539
1359 267 478
1359 506 774
1360 257 203
1360 223 423
1360 315 646
1360 290 437
1361 123 940
1361 82 919
1362 507 584
1362 325 324
1363 293 706
1364 215 225
1365 352 382
1365 437 706
1365 309 987
1365 14 389
1366 170 352
1367 368 471
1367 425 36
1368 274 247
1369 560 669
1370 532 932
1370 372 252
1370 470 155
1370 379 113
1371 154 72
1372 157 165
1372 269 721
1372 115 392
1372 465 851
1373 136 945
1373 192 730
1373 288 643
1373 580 660
1373 403 264
1373 315 813
1373 548 504
1373 444 810
1373 485 421
1374 130 488
1374 306 801
1375 486 892
1375 81 104
1376 156 103
1376 231 675
1377 395 122
1377 151 890
1378 285 778
1378 286 307
1378 137 613
1378 506 20
1378 452 426
1379 541 770
1379 97 298
1379 27 887
1380 291 215
1381 7 854
1382 220 597
1382 144 591
1383 351 295
1384 571 129
1385 344 679
1385 1 815
1386 538 291
1387 565 486
1387 452 547
1388 120 430
1389 358 910
1389 217 689
1389 385 463
1390 10 345
1391 256 46
1392 463 530
1393 451 781
1393 431 103
1394 526 286
1394 10 98
1394 285 640
1395 291 886
1396 592 446
1396 200 125
1397 143 810
1398 561 777
1398 156 888
1398 174 689
1399 476 474
1400 114 737
1401 491 773
1401 496 696
1402 217 924
1403 227 226
1404 454 457
1404 146 304
1405 117 937
1405 416 361
1406 162 732
1407 224 920
1408 278 370
1409 540 814
1409 328 393
1410 135 912
1410 345 418
1411 30 942
1412 307 933
1413 99 848
1414 532 887
1414 392 981
1414 102 71
1414 352 394
1415 26 850
1416 102 705
1416 232 949
1417 132 781
1417 246 953
1417 68 897
1418 329 845
1419 252 463
1419 409 739
1419 174 604
1420 61 287
1421 92 194
1422 573 193
1422 149 601
1422 589 828
1422 136 738
1422 262 145
1423 377 794
1423 338 112
1424 447 153
1424 494 677
1424 580 718
1425 23 158
1425 371 278
1426 36 441
1426 125 460
1426 453 793
1426 101 774
1426 196 934
1426 426 151
1426 19 20
1426 221 313
1427 379 417
1428 561 268
1429 392 807
1430 8 553
1431 222 83
1431 1 42
1431 172 581
1432 537 102
1432 187 546
1433 92 742
1434 539 374
1434 256 782
1435 167 978
1436 283 120
1436 150 47
1437 41 220
1437 27 441
1437 318 740
1437 381 906
1438 215 699
1438 314 720
1439 461 916
1440 461 803
1441 289 860
1442 372 1
1443 142 953
1443 165 871
1443 462 155
1444 385 670
1444 85 240
1444 201 954
1444 332 741
1445 531 356
1446 49 238
1447 343 258
1448 211 802
1449 23 532
1450 559 11
1450 508 642
1451 269 389
1451 414 127
1452 493 742
1453 533 200
1454 243 720
1454 280 437
1454 336 648
1454 430 116
1455 155 526
1455 193 287
1456 197 176
1456 489 825
1457 221 428
1457 496 775
1458 552 210
1458 175 513
1458 459 975
1459 512 329
1459 5 961
1459 22 206
1459 298 14
1460 96 784
1460 432 432
1461 34 219
1461 298 283
1462 498 598
1462 507 524
1463 518 772
1463 504 725
1463 364 543
1463 473 325
1464 355 876
1464 79 756
1465 271 569
1466 17 787
1466 93 545
1466 516 401
1467 569 366
1467 121 94
1468 548 953
1469 175 698
1470 503 721
1471 254 709
1471 120 936
1471 578 870
1471 222 984
1472 314 559
1472 371 12
1473 39 759
1474 130 196
1474 519 831
1474 272 849
1474 202 910
1474 163 700
1475 203 181
1476 563 819
1477 415 698
1478 519 262
1478 5 155
1479 395 262
1480 108 599
1480 407 774
1480 119 484
1480 362 799
1480 215 214
1481 73 639
1481 348 356
1481 577 855
1481 33 97
1481 130 489
1482 297 758
1482 493 676
1482 149 894
1482 266 23
1482 409 292
1482 427 150
1482 25 213
1483 561 236
1483 250 606
1483 359 713
1484 369 400
1484 236 487
1484 40 461
1485 411 251
1485 221 799
1486 558 806
1486 220 756
1487 379 28
1487 524 68
1488 476 529
1488 173 661
1488 157 795
1489 9 619
1489 400 137
1489 2 710
1490 167 947
1490 513 74
1490 412 508
1491 554 545
1491 438 498
1491 226 153
1491 153 337
1491 76 24
1491 476 983
1491 324 31
1492 368 303
1492 451 598
1493 256 153
1493 294 966
1493 130 360
1494 30 965
1495 156 492
1495 447 201
1496 559 988
1497 552 274
1497 201 890
1497 165 588
1498 472 647
1499 359 27
1499 58 527
1499 508 590
1500 372 727
1500 105 247
1500 204 687
1500 259 427
1500 227 576
1501 67 735
1501 529 804
1501 287 721
1502 165 481
1502 350 844
1503 568 140
1504 114 720
1505 95 111
1506 388 136
1506 70 323
1506 341 847
1506 248 859
