600 1000 50 10 3000
58 1
55 0
28 16
26 11
15 97
11 34
31 7
59 95
97 18
50 76
46 82
52 84
78 49
88 96
84 94
87 94
47 94
95 75
10 21
87 78
71 98
12 54
57 72
49 6
90 52
34 88
34 87
24 64
36 13
60 72
59 99
66 6
93 61
82 56
35 21
34 58
71 46
64 28
70 14
87 60
66 21
1 52
8 25
16 44
90 28
68 49
79 35
56 72
48 90
28 83
63 14
93 34
61 58
14 31
24 1
44 42
23 97
46 31
74 62
28 65
42 96
14 21
31 22
45 80
64 26
15 27
40 61
61 53
19 76
37 95
77 81
37 0
30 83
84 4
97 12
69 39
60 36
12 44
58 57
76 23
83 91
50 24
4 64
29 75
40 66
70 17
99 59
70 29
42 6
34 91
70 55
82 30
91 94
74 50
52 2
25 87
94 27
63 50
91 93
26 31
59 96
1 59
56 23
88 50
29 74
94 99
30 76
81 21
23 56
23 27
10 0
14 56
28 78
7 19
71 33
3 82
81 4
93 89
79 34
40 8
8 34
7 90
62 88
64 85
96 39
12 7
40 27
15 68
57 22
39 80
55 42
62 37
98 56
26 77
42 18
37 50
4 96
93 19
37 57
4 85
96 17
44 88
96 60
8 5
82 48
85 90
42 99
27 93
7 5
22 49
76 60
52 32
56 45
51 93
2 56
79 50
25 23
39 73
35 47
78 18
47 15
8 90
66 87
83 74
44 5
75 72
17 27
5 26
72 56
19 26
64 50
29 89
26 68
14 61
67 92
31 15
59 39
78 40
52 23
97 27
95 67
93 79
9 12
58 73
15 87
15 93
7 81
54 74
26 38
89 85
77 46
11 8
86 63
31 36
43 78
3 50
79 96
29 40
60 39
65 75
26 32
68 33
14 75
8 40
65 49
77 42
96 41
2 82
56 33
70 99
12 73
49 43
21 31
35 82
70 0
9 97
33 78
82 47
5 42
39 70
92 16
64 88
57 67
22 14
52 93
13 16
18 63
59 40
46 94
74 16
47 83
13 80
61 48
79 18
90 18
40 82
34 57
22 44
76 45
58 28
90 23
97 60
38 56
0 84
3 74
1 50
58 66
82 71
42 57
31 34
39 17
91 14
61 19
59 19
0 1
95 97
61 33
5 14
18 8
88 71
10 98
37 44
22 4
57 16
61 88
50 52
6 94
66 19
13 77
91 13
78 86
10 92
19 68
6 89
28 46
60 91
45 98
35 19
2 93
35 15
33 85
67 91
79 86
11 45
63 54
58 94
40 21
86 59
89 92
1 17
38 61
8 35
54 13
41 89
28 26
27 48
18 58
34 81
3 49
35 62
43 27
35 81
38 76
73 39
45 64
1 54
51 12
2 6
78 43
47 58
69 74
6 39
33 92
72 88
42 59
50 37
86 37
19 25
13 44
64 59
60 17
65 12
30 67
18 60
62 17
18 83
44 25
75 29
69 47
17 63
7 20
1 45
9 72
70 23
16 87
34 29
4 51
41 86
70 11
46 32
67 24
42 42
53 63
27 49
43 80
94 52
52 17
27 20
56 61
49 60
64 42
99 34
53 97
66 34
14 34
58 8
28 12
72 70
35 51
19 30
31 66
34 35
7 91
75 9
3 40
51 2
74 5
39 66
79 97
27 7
61 99
30 48
50 1
78 33
67 13
68 54
27 75
45 2
84 49
94 36
3 69
93 7
14 32
26 93
81 53
52 43
52 82
91 54
84 22
87 3
87 7
58 14
34 55
68 19
56 63
7 12
84 0
19 98
84 45
43 17
98 95
60 2
30 4
8 66
78 47
69 65
54 79
31 89
35 99
60 43
14 19
55 50
71 27
0 55
72 43
72 23
91 85
77 73
39 19
85 8
36 92
40 19
81 75
70 93
70 85
12 26
35 83
53 36
90 77
31 14
52 74
51 82
47 92
20 86
63 5
47 51
97 87
70 30
14 41
23 84
78 87
62 65
22 67
53 12
45 85
79 49
59 30
31 59
75 51
45 38
9 44
31 64
37 45
5 12
82 35
0 44
1 74
87 9
91 66
10 3
48 42
62 23
45 59
62 6
4 56
13 87
20 2
85 78
14 67
13 66
41 27
21 80
36 12
98 47
67 46
41 81
70 38
41 84
45 97
40 10
84 60
12 21
38 78
40 52
97 4
18 90
31 91
70 20
56 20
19 23
66 12
5 36
50 98
20 47
95 12
57 31
73 21
67 49
49 38
91 81
29 61
53 85
33 72
9 99
84 66
88 86
64 60
34 59
73 43
42 98
65 47
13 17
93 81
18 42
19 9
75 0
70 28
86 55
52 47
54 88
13 94
75 77
55 9
88 80
30 69
30 43
86 23
76 4
17 47
13 45
48 35
25 86
90 78
33 97
66 46
75 98
2 63
78 7
28 27
4 67
2 32
71 20
80 37
17 80
24 42
66 67
20 99
16 39
97 59
32 72
58 87
87 88
46 84
49 74
64 5
41 66
37 65
38 69
54 55
49 78
50 67
97 22
18 13
61 15
73 46
39 83
33 26
23 31
63 72
5 27
29 99
45 19
64 84
88 18
91 90
48 41
57 46
64 76
11 77
43 36
23 83
19 8
61 43
39 24
67 97
96 49
68 12
82 28
98 30
70 8
28 86
15 79
28 91
14 0
99 76
95 91
52 14
40 56
63 88
57 83
0 94
92 34
22 90
98 45
82 34
89 98
66 17
89 80
69 40
8 64
83 13
31 23
21 94
63 78
78 15
49 46
12 66
91 63
63 73
49 52
23 15
21 12
48 43
5 8
7 88
21 38
12 42
85 27
72 15
43 96
85 92
43 49
10 86
11 62
77 35
29 51
99 77
94 4
38 53
93 59
44 57
54 29
84 26
96 27
23 33
72 18
82 82
4 95
8 67
9 85
2 38
88 2
68 82
58 6
88 51
65 32
60 71
98 9
24 73
91 24
31 47
71 39
14 80
76 69
71 65
23 39
47 81
97 35
85 14
19 45
86 32
90 84
93 67
57 35
63 0
12 94
99 35
33 13
16 62
34 39
27 57
78 26
39 75
62 76
89 33
21 75
66 64
11 59
31 20
47 46
72 59
41 71
94 26
37 62
1 15
81 31
94 72
58 56
48 48
41 69
75 7
33 39
19 16
59 18
63 32
77 4
3 23
82 92
38 23
64 91
90 45
17 81
92 17
81 34
86 9
93 72
48 12
88 7
30 51
91 59
7 47
35 90
39 25
65 55
16 55
52 91
92 21
25 84
38 6
70 25
67 64
97 15
28 37
75 11
89 66
22 96
65 9
38 5
60 3
11 65
94 55
86 71
91 25
78 62
2 45
78 51
13 6
88 88
69 77
6 92
26 72
1 16
77 88
72 89
91 35
54 37
42 93
9 33
18 39
95 20
36 73
71 49
32 11
37 1
41 44
16 99
35 45
87 59
86 30
46 93
67 88
86 28
22 56
67 17
43 99
5 75
62 95
28 3
39 74
22 7
73 10
4 60
69 90
42 16
35 9
4 21
77 57
96 5
13 91
56 71
74 57
20 97
64 93
5 28
62 47
96 98
9 53
19 99
31 49
8 79
6 22
70 63
45 88
34 11
35 8
68 55
5 84
1 64
4 6
45 66
6 41
64 15
14 78
85 22
57 91
96 28
68 40
52 3
49 72
11 6
56 12
23 60
70 68
79 76
43 8
31 57
86 16
32 43
60 80
23 66
22 92
59 26
47 60
51 58
66 7
22 41
20 45
73 23
94 17
83 78
74 69
46 58
64 6
39 40
25 13
32 36
91 31
96 42
42 62
2 16
4 22
61 65
73 87
4 23
97 30
44 44
89 9
2 80
49 79
93 33
15 36
16 11
79 58
26 81
75 82
55 88
99 28
75 40
99 31
62 60
93 3
69 95
83 70
27 28
64 71
6 95
30 32
76 57
66 31
97 65
11 25
57 11
56 73
60 70
85 53
73 6
0 8
76 27
88 83
70 5
54 76
0 36
60 29
93 26
12 43
43 24
68 53
35 76
26 95
47 63
0 72
69 0
81 97
28 21
80 50
26 34
78 79
71 38
8 16
16 20
59 11
44 79
64 31
56 42
78 55
5 78
27 74
31 8
71 59
82 51
61 8
38 39
29 47
77 45
68 89
68 73
96 76
15 26
31 73
57 59
47 88
19 71
99 1
74 60
62 12
73 80
49 51
25 69
40 33
33 60
58 81
37 26
8 20
99 17
79 46
5 51
69 4
4 44
16 66
20 82
47 69
85 24
38 77
57 23
37 68
94 65
47 93
82 26
91 39
29 13
95 34
0 17
78 20
51 77
41 36
1 31
13 10
55 3
78 12
29 72
77 76
17 11
50 84
22 45
18 31
8 71
0 38
91 52
15 85
40 16
16 54
26 71
9 57
83 38
29 12
67 99
23 22
58 82
22 77
65 30
0 65
20 43
17 35
28 58
3 45
64 30
87 52
63 68
16 30
4 27
9 92
92 74
74 92
92 95
30 64
19 34
61 35
16 29
60 55
33 76
23 50
6 43
42 63
26 80
3 18
6 78
25 45
60 7
61 31
41 22
4 79
64 37
55 40
39 14
83 33
77 53
45 55
85 0
73 44
30 35
42 55
32 54
63 94
86 56
68 5
66 72
36 82
10 44
22 1
10 5
35 87
11 80
32 67
40 63
2 35
18 86
41 33
80 79
90 1
84 8
73 73
42 35
17 65
37 27
22 72
66 33
82 36
51 81
9 22
67 3
82 97
1 67
57 26
92 0
17 3
40 91
27 58
77 83
18 59
19 97
33 23
30 95
98 0
49 80
50 2
81 43
4 28
50 44
20 77
2 97
8 31
69 93
54 99
88 99
52 98
71 2
53 70
61 34
14 73
81 70
53 31
15 25
60 69
74 20
42 82
3 63
76 58
15 16
9 64
7 61
15 67
0 29
1 66
54 82
37 59
13 4
85 73
25 59
94 49
35 22
59 50
90 20
14 97
34 28
27 1
48 80
30 49
46 36
84 35
91 33
75 69
92 20
40 86
8 32
25 51
53 39
48 87
20 28
88 68
69 6
59 53
3 85
40 78
6 33
50 47
71 24
22 32
56 48
83 61
48 11
11 89
79 19
12 1
54 20
79 9
5 19
87 12
4 90
59 28
14 33
81 95
84 73
78 84
84 90
73 64
9 37
65 87
9 71
7 40
81 65
59 20
29 16
10 40
44 24
73 56
47 55
51 31
28 29
15 64
71 89
28 81
78 45
20 87
69 28
93 39
22 22
7 33
62 51
57 87
7 4
94 10
35 74
39 51
39 11
92 19
44 22
65 64
44 89
88 89
80 10
63 39
43 77
59 45
34 51
48 73
62 40
92 58
62 9
74 24
95 19
66 83
60 98
46 24
38 89
1 80
42 66
82 52
26 41
44 45
85 58
37 77
16 51
39 43
76 34
62 94
70 22
92 68
57 0
63 52
66 97
56 35
46 41
93 83
71 62
86 10
96 19
8 18
93 53
86 92
87 96
92 50
48 58
99 4
3 90
5 59
25 3
53 18
38 24
32 24
39 82
56 99
53 50
42 40
87 34
42 87
91 99
32 96
59 9
51 64
79 89
88 12
66 26
49 5
8 58
4 13
8 9
5 2
1 92
88 95
32 32
89 23
32 21
82 23
7 62
74 31
73 75
88 33
33 44
47 41
53 4
95 6
96 83
16 91
4 0
65 28
43 47
51 50
9 68
49 35
99 22
11 87
55 44
38 37
58 33
44 7
17 98
87 85
89 91
85 6
19 28
54 23
30 15
91 79
51 43
53 14
82 60
15 96
56 25
32 99
50 20
36 91
63 21
98 35
1 4
10 83
19 53
14 22
48 67
36 31
27 47
49 94
95 5
57 52
28 59
51 40
37 49
75 38
5 37
21 24
90 35
99 39
54 35
22 82
34 23
28 30
81 48
59 38
53 40
50 77
56 1
69 94
2 44
32 7
33 6
83 76
93 82
67 48
70 89
82 4
64 10
86 45
11 98
36 64
38 86
93 94
87 63
88 41
59 73
0 93
31 83
69 24
18 36
24 88
77 6
44 41
69 83
87 80
81 23
44 19
61 37
65 0
52 6
41 12
31 41
5 62
76 26
38 94
14 63
21 79
70 43
98 66
14 59
56 31
59 8
37 52
20 68
45 77
30 22
55 21
16 69
84 51
12 5
82 49
96 96
91 23
85 5
34 41
36 94
1 26
98 22
94 44
98 34
28 34
37 93
39 71
67 66
6 58
41 43
63 76
36 52
22 37
30 20
11 24
64 63
53 82
22 51
69 2
95 77
78 89
64 45
8 22
4 49
65 19
23 99
91 53
72 2
30 36
65 83
87 40
42 72
98 89
1 28
74 39
40 30
40 58
1 70
30 93
57 60
30 74
96 53
14 83
45 8
7 43
49 9
72 80
27 98
71 67
80 64
58 55
95 41
84 93
32 29
1 40
24 50
1 96
83 28
94 54
47 74
8 4
18 18
60 13
59 61
66 13
92 93
62 28
38 95
57 39
87 33
41 88
30 24
16 76
3 1
40 11
81 18
24 41
79 90
35 16
51 73
63 60
93 5
38 75
82 6
52 13
22 55
66 14
18 72
25 99
42 49
92 73
39 46
96 26
63 47
99 78
59 63
29 53
20 19
28 2
78 32
15 0
87 82
66 57
6 91
9 1
92 1
74 83
0 23
9 63
70 60
41 82
75 22
35 96
94 15
98 72
48 66
24 87
0 90
97 6
34 6
59 34
62 59
57 71
74 79
32 68
61 7
42 48
55 36
64 54
8 12
20 32
51 20
75 48
78 9
54 38
87 66
24 49
77 33
73 52
64 57
72 26
16 14
51 90
78 59
54 98
44 58
70 19
6 0
80 13
90 19
79 66
21 56
99 94
60 64
3 32
42 19
47 68
91 98
11 69
9 17
75 41
24 82
94 56
47 84
34 2
43 95
18 46
79 60
17 26
81 61
76 44
30 86
13 2
91 41
95 16
75 89
24 22
26 0
49 34
83 44
81 2
42 61
14 60
39 47
21 16
43 3
2 57
57 45
50 53
13 25
94 38
99 72
38 99
85 37
84 67
80 57
91 19
35 0
67 89
9 77
35 59
36 76
86 35
1 77
34 54
17 20
43 53
39 34
84 19
92 75
38 49
39 26
1 548 903
2 146 569
3 451 982
4 187 622
4 275 254
4 345 148
4 599 546
4 33 717
5 309 970
6 360 555
6 268 697
7 417 966
7 513 59
8 461 733
8 32 516
9 564 173
9 550 908
10 405 982
11 350 215
12 27 919
13 125 763
13 80 701
13 538 462
14 485 698
15 465 779
15 95 458
16 513 976
17 136 258
18 252 665
18 81 175
19 191 961
19 548 284
20 187 900
21 350 687
22 3 834
23 127 608
24 277 778
24 520 978
25 30 902
25 445 757
26 59 58
26 365 316
26 13 648
27 562 703
28 538 505
28 28 279
28 131 948
29 429 655
29 322 259
30 449 620
31 248 879
32 385 636
33 502 186
34 565 582
34 12 914
34 284 158
35 47 247
36 272 557
36 342 379
36 232 344
36 112 254
37 273 223
37 412 466
38 461 116
38 90 566
38 468 245
39 432 586
39 437 489
39 504 329
39 553 282
39 34 898
40 589 867
40 505 629
40 483 449
40 328 586
40 189 745
41 328 535
42 481 801
43 2 361
44 499 783
44 340 464
44 422 262
44 167 702
44 34 844
45 90 879
45 269 611
45 88 128
45 173 741
45 123 840
45 222 694
45 71 680
45 441 488
45 188 546
46 473 919
47 145 367
47 338 534
48 92 958
48 35 199
48 383 880
49 65 329
50 276 622
51 181 931
51 103 427
52 62 536
53 165 66
53 374 578
54 130 497
54 102 327
55 521 644
56 39 758
57 89 942
57 426 611
58 543 232
59 495 161
59 447 276
60 234 903
60 142 646
60 523 177
61 380 718
61 435 312
62 182 167
62 195 454
62 197 261
63 583 623
64 482 93
65 337 478
66 461 966
66 443 805
66 342 855
66 495 549
67 591 991
68 563 412
69 553 486
70 84 644
70 360 441
70 304 63
71 107 123
71 91 252
72 553 270
73 574 710
74 207 220
74 279 224
75 454 261
75 52 179
75 265 414
76 296 551
77 501 152
77 510 733
78 374 87
79 121 612
79 472 530
79 399 198
80 423 277
80 320 362
81 49 435
81 365 588
82 267 986
83 133 800
83 455 147
84 438 403
85 72 545
86 230 932
86 288 160
86 33 862
86 396 971
87 477 287
87 303 79
88 242 945
89 496 49
90 241 919
90 53 337
90 46 900
90 13 89
91 222 521
91 119 835
91 324 979
91 337 94
91 66 179
91 433 684
91 494 434
92 252 880
92 109 218
92 124 968
92 332 9
92 473 925
92 248 158
92 53 802
93 372 362
94 312 562
94 444 83
95 354 617
95 593 508
96 371 562
97 597 939
97 137 448
98 440 217
98 492 368
98 510 953
98 432 535
99 27 769
99 584 1
100 188 761
101 245 797
101 352 776
101 280 325
101 89 222
101 116 5
102 500 166
102 301 385
102 2 192
103 497 87
104 168 961
104 95 325
105 239 356
106 301 234
106 214 723
107 292 634
108 372 206
109 513 496
109 555 793
110 533 102
110 191 456
110 6 947
110 323 78
110 510 385
110 354 267
111 121 372
111 299 402
112 119 889
113 156 50
113 193 706
114 503 526
114 514 827
115 158 381
116 531 744
117 164 613
118 245 517
119 310 447
119 246 259
120 168 494
121 336 193
122 121 741
122 443 753
123 296 915
123 319 104
124 387 774
125 529 116
125 92 155
125 587 808
125 522 842
125 104 789
126 409 182
127 282 218
128 144 788
129 318 197
130 445 840
131 443 451
131 239 488
132 115 347
132 298 708
132 187 21
133 288 321
134 327 896
134 132 976
135 39 800
135 437 248
136 93 604
136 20 777
137 325 944
138 207 817
138 416 134
138 269 52
138 540 795
138 291 113
139 3 350
140 154 835
140 555 64
140 563 451
141 4 375
141 260 201
142 105 319
143 532 941
143 160 616
143 484 934
143 278 249
144 179 429
145 300 656
145 148 513
145 138 881
145 399 239
145 19 74
145 526 63
145 61 613
145 267 885
145 256 789
146 61 93
146 74 609
146 399 681
147 14 499
147 94 993
148 314 167
149 588 926
149 401 928
149 547 575
149 307 905
149 466 632
150 222 583
150 55 22
150 314 404
150 256 613
150 163 885
151 457 60
152 473 24
152 409 796
153 102 135
153 175 187
153 323 93
153 474 156
153 135 531
153 427 430
154 155 329
154 63 632
154 411 266
155 304 362
155 381 721
155 471 371
155 400 949
156 519 384
156 336 412
157 46 888
158 31 637
158 126 179
159 479 304
160 46 410
160 168 384
161 429 707
162 74 687
163 71 705
164 282 731
164 330 504
165 180 705
166 115 194
167 151 766
167 320 535
167 1 369
168 493 790
168 498 618
168 308 560
169 295 350
169 305 415
169 325 837
169 243 823
170 154 441
170 91 529
171 328 403
172 524 342
172 313 544
173 104 618
173 307 602
174 363 894
175 473 126
176 28 928
177 93 411
177 578 457
178 267 530
179 562 144
180 346 181
180 348 233
180 112 435
180 221 201
180 560 870
181 321 769
182 391 782
182 436 791
183 219 224
184 311 885
185 533 564
185 414 89
186 57 376
186 408 412
186 54 747
187 428 291
188 514 638
189 174 459
190 293 644
190 65 535
191 334 298
191 549 311
191 95 776
192 5 51
193 278 694
194 554 426
195 223 364
195 271 122
196 367 119
196 200 476
197 46 480
197 435 755
197 99 549
198 330 992
198 404 124
199 49 520
199 545 832
200 348 275
201 306 40
202 513 436
203 90 870
203 223 642
204 534 85
204 566 765
204 377 618
204 19 42
204 112 145
205 279 366
206 527 81
207 345 839
207 390 148
207 495 267
208 178 314
208 482 195
208 103 134
208 560 571
209 349 675
210 8 354
210 45 49
210 552 885
211 429 170
212 37 227
212 446 732
213 304 494
213 293 17
213 139 15
213 162 594
213 213 972
214 472 821
215 445 325
215 194 594
215 62 529
216 523 103
217 173 185
218 552 787
218 486 972
219 201 906
220 108 808
221 243 515
222 235 753
222 279 549
223 480 877
224 506 16
224 65 461
225 38 84
226 258 193
226 374 644
226 202 497
226 206 420
227 363 562
227 32 218
228 521 300
228 525 358
228 362 844
229 146 488
230 478 404
230 153 370
231 289 812
232 67 414
232 102 320
233 127 960
234 589 92
234 99 6
234 296 823
235 573 726
236 278 675
236 39 994
236 24 536
236 310 356
236 171 338
237 353 588
238 332 736
239 161 85
240 330 268
241 77 313
242 157 433
242 462 679
243 337 763
244 304 319
245 335 703
245 110 545
245 286 729
245 492 391
246 433 371
246 345 690
247 40 247
247 574 536
248 200 20
249 507 741
250 309 198
251 63 49
251 296 9
252 52 279
253 91 964
253 150 354
253 225 101
254 382 277
255 32 22
255 285 845
256 115 698
257 321 348
257 592 621
257 551 233
257 82 839
258 286 601
259 79 704
260 433 872
261 543 335
262 596 904
263 511 398
263 444 145
264 244 718
265 525 91
266 103 818
266 482 89
267 234 130
267 400 409
267 298 314
267 541 942
268 233 433
268 55 477
269 280 338
270 163 634
271 390 708
272 276 920
272 537 488
273 178 185
273 76 714
274 484 31
275 401 19
276 187 207
276 476 366
277 163 438
277 369 652
277 565 586
277 346 662
278 267 245
278 360 351
278 214 294
278 435 37
279 68 367
279 557 554
279 503 269
279 578 369
280 60 49
280 570 82
281 141 87
281 288 668
282 519 270
282 409 361
283 547 526
284 501 199
285 400 564
286 362 640
286 18 727
286 542 474
287 126 154
288 142 58
288 515 438
288 523 494
288 162 82
288 130 283
288 211 883
288 122 682
288 467 813
288 14 792
288 452 477
289 159 972
289 526 795
289 244 475
289 564 299
290 593 354
291 219 259
291 75 232
292 329 538
292 91 127
292 112 108
293 54 306
293 198 3
294 537 84
295 584 209
295 412 317
295 57 891
295 420 208
296 27 214
296 359 538
297 517 277
297 376 289
298 298 465
299 466 682
299 227 880
299 211 299
300 123 170
300 359 715
300 578 312
301 596 881
301 177 263
301 338 339
302 328 84
303 18 397
304 366 763
305 461 791
305 52 440
305 144 851
306 96 249
306 403 689
306 100 524
307 536 932
308 265 76
309 277 136
310 160 919
310 530 33
311 192 145
312 520 582
312 571 138
312 572 961
312 279 980
313 86 305
313 263 220
314 566 649
315 537 944
315 281 99
316 493 78
316 572 219
316 266 129
317 526 235
317 469 252
317 6 292
317 202 181
318 578 87
319 170 884
320 508 746
320 170 614
320 258 957
321 326 281
322 372 174
322 107 386
323 517 717
323 2 672
324 339 703
324 309 560
325 281 154
326 50 152
327 307 399
328 45 468
329 283 496
330 350 501
331 456 945
332 142 399
333 411 366
333 291 621
333 290 910
334 287 144
334 185 986
334 525 967
335 416 772
336 107 48
336 74 759
336 212 269
337 73 222
338 538 332
339 363 569
339 166 695
340 323 601
341 70 565
342 93 738
342 153 894
343 367 210
344 439 688
345 589 550
345 513 626
346 147 977
346 131 830
347 456 971
348 241 491
349 174 336
350 583 49
350 119 622
350 115 634
350 306 268
350 68 739
351 17 844
351 182 232
352 252 298
353 133 17
353 51 720
354 442 977
354 405 971
355 160 910
356 549 154
356 336 35
356 24 307
356 366 225
356 481 854
356 486 618
356 46 80
356 487 412
356 218 358
357 205 412
358 272 87
359 348 368
359 423 739
359 475 317
359 231 296
360 486 40
361 543 612
362 502 505
362 228 757
362 231 838
362 99 302
362 89 45
362 285 668
363 40 313
363 229 87
364 80 27
364 591 777
365 2 932
365 501 916
365 439 27
365 315 138
366 506 781
366 192 834
366 212 122
366 458 418
367 277 469
367 567 845
367 16 856
368 114 972
369 500 944
370 322 883
370 471 105
370 246 217
371 34 575
371 517 277
371 599 263
372 442 356
372 297 477
372 358 624
373 560 562
373 506 13
373 106 461
373 26 323
373 32 444
374 434 907
374 537 684
375 567 757
376 581 758
377 149 83
377 384 32
378 599 588
379 211 696
380 105 457
380 245 831
380 136 195
381 61 308
382 327 410
382 183 227
383 407 563
383 192 82
384 351 436
385 250 30
385 347 301
385 20 91
385 238 91
385 191 88
385 104 895
386 525 477
386 62 204
386 419 403
387 108 271
387 399 790
387 309 409
388 374 819
388 518 829
389 107 133
390 235 22
390 97 6
390 281 643
391 93 870
391 234 101
391 274 667
391 524 157
392 275 485
392 307 380
392 245 964
393 404 882
394 464 954
395 544 446
395 415 97
396 195 843
396 422 433
397 578 689
398 470 56
398 201 194
398 65 183
399 217 946
400 27 122
401 23 198
401 191 40
402 24 411
402 75 893
402 544 727
402 454 469
403 7 424
404 338 156
405 298 678
406 379 241
407 510 267
407 202 784
407 356 245
408 246 614
408 89 630
408 585 358
408 373 412
408 116 563
409 401 533
410 2 256
411 558 849
411 103 885
411 32 786
411 271 894
411 518 224
412 192 775
413 230 41
414 544 91
415 140 520
415 584 174
415 194 487
416 130 70
416 34 748
417 194 77
418 68 929
419 6 756
420 7 625
421 239 596
421 29 889
422 288 878
422 541 559
423 142 332
424 482 435
424 184 490
424 465 172
425 150 349
425 196 602
425 112 5
426 350 123
427 184 278
427 17 685
427 503 946
428 123 581
428 53 871
428 298 220
428 375 826
429 106 982
430 452 788
431 294 477
432 100 57
433 64 845
434 160 801
434 547 365
434 550 203
434 485 550
435 106 698
436 406 770
436 486 807
436 79 574
437 357 546
438 16 27
438 4 824
438 145 312
438 36 996
438 180 155
438 575 518
439 537 62
440 338 782
440 514 285
440 112 809
440 170 753
440 482 551
440 542 803
440 586 286
440 104 868
440 544 973
440 169 271
440 85 449
441 290 3
442 74 222
443 197 946
443 107 268
443 37 255
444 380 505
444 339 825
444 594 36
444 55 547
445 58 971
445 577 48
446 388 246
446 519 999
447 410 267
448 431 204
448 100 154
449 541 925
449 425 718
449 62 911
449 344 688
450 407 823
451 65 910
451 292 362
452 391 175
453 191 937
453 117 279
454 420 573
454 19 216
454 77 874
455 509 498
455 303 237
456 247 680
456 276 298
457 509 841
457 291 193
457 27 108
457 301 182
457 135 456
458 295 667
458 122 102
458 485 706
459 556 883
460 388 774
460 484 999
461 24 391
462 182 155
463 180 828
463 61 389
464 22 734
465 167 108
466 508 416
466 439 546
466 143 459
467 288 103
468 341 530
468 374 926
468 203 379
469 484 83
469 457 309
469 66 744
469 344 840
469 413 482
469 26 830
470 170 8
471 497 946
471 484 655
472 548 764
473 502 25
473 563 228
473 547 329
474 314 163
474 339 994
474 344 387
475 203 125
476 508 621
477 369 867
477 598 225
477 330 630
478 438 329
479 511 522
480 18 716
480 102 565
481 130 998
481 99 558
481 513 187
481 105 11
481 287 599
481 408 705
482 495 791
482 579 545
482 371 645
482 160 388
482 541 813
482 515 166
483 45 571
484 155 417
484 123 588
484 195 580
484 582 682
485 31 298
486 69 792
487 440 907
488 232 291
489 10 820
489 265 870
489 159 701
489 196 783
489 13 911
489 79 795
490 286 725
491 552 367
491 468 322
491 199 505
491 385 118
491 519 604
491 342 926
492 210 418
492 573 195
492 137 474
492 431 116
492 334 177
492 229 724
492 201 662
492 589 529
493 366 472
494 236 701
495 73 457
496 413 990
496 447 339
497 48 595
497 130 67
498 439 34
498 67 672
498 127 801
498 133 247
499 174 433
499 496 218
499 298 120
500 105 727
501 242 228
502 360 16
503 491 452
504 145 700
505 34 436
506 365 709
507 233 563
508 365 117
508 183 374
509 550 790
510 457 316
511 379 683
512 467 951
512 508 345
513 36 788
514 468 822
515 45 140
516 409 851
516 236 657
516 256 165
517 300 420
518 31 615
519 259 411
519 31 563
520 304 367
521 420 284
521 344 920
521 239 131
522 570 835
522 199 636
522 91 923
522 270 71
523 508 314
524 584 629
525 22 448
526 409 191
526 326 855
526 157 882
526 156 87
527 382 149
528 508 146
528 170 92
528 133 959
528 463 86
528 277 377
529 363 361
530 510 720
531 380 522
531 435 896
532 562 139
533 215 469
534 347 138
534 172 509
534 418 936
535 98 135
535 51 505
536 520 489
537 2 411
537 17 157
538 598 552
539 54 689
539 365 980
540 297 512
541 42 832
542 488 837
543 474 793
543 518 318
543 287 55
544 276 95
544 259 739
545 272 929
546 493 199
546 439 636
547 510 46
548 494 386
548 406 257
548 523 167
549 565 603
550 35 352
551 255 426
551 573 370
552 559 908
552 350 483
553 427 300
554 238 703
554 463 129
555 550 230
556 64 96
557 577 233
558 60 776
558 539 208
559 239 107
559 112 881
560 399 580
560 385 500
561 410 120
561 242 948
561 590 568
562 460 188
562 46 471
562 492 359
562 548 927
563 171 271
564 550 201
565 42 17
565 16 110
566 49 712
566 66 704
567 28 481
568 171 903
569 235 453
569 417 857
569 24 940
570 119 497
571 202 891
572 456 922
573 389 583
573 365 505
573 226 883
574 321 54
575 451 78
575 68 166
575 114 250
576 44 824
576 5 274
576 294 827
577 451 754
577 541 303
577 88 272
577 456 28
577 259 754
577 562 133
578 326 321
579 432 841
580 237 546
580 276 730
580 225 448
581 370 418
581 475 952
582 173 11
582 190 573
583 148 374
584 86 971
584 112 697
585 297 549
585 63 458
586 322 580
586 77 979
586 352 659
586 516 137
587 345 575
587 226 158
587 599 479
588 14 517
589 424 263
589 424 342
590 338 423
590 214 340
591 465 82
592 597 60
593 382 354
594 106 271
594 591 351
594 457 180
595 69 325
596 533 185
596 549 732
597 74 640
597 585 297
598 345 782
598 338 319
598 317 941
598 393 159
598 231 374
598 552 234
599 590 749
599 547 864
599 381 467
599 229 387
600 192 97
600 66 968
601 497 911
602 157 301
602 5 120
603 526 773
603 221 900
604 223 523
604 571 887
605 107 319
605 594 903
605 105 681
605 104 714
606 59 670
606 176 773
606 72 553
606 477 376
607 323 111
607 393 735
608 113 105
608 291 796
609 495 479
609 73 201
609 58 474
609 14 699
609 47 7
610 430 297
611 250 80
611 126 108
612 265 843
613 507 127
614 320 223
615 257 213
616 277 24
616 523 327
617 577 402
617 187 43
618 38 150
618 492 837
618 187 25
618 310 416
618 523 478
618 275 35
618 468 836
618 164 307
618 545 491
618 376 649
618 572 158
618 53 863
618 402 654
618 354 655
618 417 16
618 400 891
618 49 15
618 165 404
618 555 663
618 501 295
619 322 790
620 453 540
620 537 609
620 344 559
621 177 547
621 10 664
622 77 118
622 361 728
622 13 403
623 536 536
623 372 543
624 449 658
625 115 476
625 259 139
626 84 531
626 280 909
627 545 180
628 119 560
628 425 235
629 327 272
630 475 624
630 24 912
631 352 519
631 135 193
631 589 44
632 574 39
632 433 271
632 1 493
632 178 286
632 473 107
632 455 802
633 289 127
634 221 562
635 84 802
635 156 179
635 540 748
636 455 17
637 273 865
637 84 841
638 149 347
638 224 125
638 112 903
639 377 85
639 158 190
640 587 195
640 530 144
640 504 670
640 139 570
640 64 3
640 197 369
641 213 571
642 521 190
642 112 941
643 560 210
644 458 711
645 146 558
645 395 26
646 343 909
647 264 348
647 431 288
648 48 859
648 328 523
648 293 86
649 391 22
650 526 73
650 370 519
651 546 537
651 333 547
652 592 138
652 182 805
653 307 111
653 260 694
653 502 572
653 543 848
653 497 791
654 166 361
655 414 282
655 450 182
656 233 421
657 316 379
657 199 827
658 423 412
658 76 264
658 290 928
658 210 704
658 79 132
659 131 157
659 585 755
660 289 54
661 303 571
662 519 897
663 310 836
664 567 672
665 70 821
665 486 228
665 576 609
666 476 682
667 415 391
667 25 154
667 329 913
668 487 116
669 564 303
669 124 921
669 321 969
669 552 162
669 488 594
670 35 727
671 363 387
671 34 550
672 172 261
672 90 567
672 544 865
672 128 945
672 341 939
673 118 880
673 528 306
673 334 924
673 50 32
673 504 822
673 280 468
674 243 80
675 45 802
676 29 883
676 181 896
676 339 334
677 223 998
677 180 61
678 40 196
678 501 716
678 282 326
678 64 452
678 134 653
678 209 876
678 531 65
678 239 117
678 293 852
679 385 765
680 436 324
681 295 932
682 215 979
682 481 818
683 59 854
683 95 727
683 219 739
684 526 906
685 115 11
685 278 475
685 19 866
686 81 109
687 446 957
687 343 368
688 179 816
688 273 87
689 367 135
690 369 804
691 590 353
691 557 890
691 372 105
691 189 324
691 463 404
691 315 968
691 306 405
691 99 912
691 98 413
692 292 798
692 474 279
692 382 483
692 254 701
692 71 478
693 235 883
694 155 501
694 570 42
694 155 66
695 269 871
696 310 647
696 511 505
696 587 185
697 393 791
697 555 835
697 286 61
697 154 140
697 56 178
698 282 131
699 443 44
700 425 892
700 406 128
700 394 833
701 310 785
701 305 577
701 303 602
702 165 918
703 461 907
704 5 904
704 238 791
705 387 686
705 224 395
705 440 42
705 200 328
705 19 962
705 137 336
706 338 829
707 492 649
708 14 845
708 172 737
709 497 510
709 323 395
709 597 465
710 340 560
711 312 702
711 540 61
712 569 108
712 65 274
712 208 310
712 10 333
713 259 40
714 442 729
715 225 788
716 124 345
716 319 378
717 550 380
718 470 299
719 340 550
719 119 305
719 442 426
720 461 245
720 41 613
720 460 299
720 415 889
720 88 472
720 4 60
720 315 283
721 35 116
721 328 786
722 537 826
723 402 475
724 317 181
725 201 872
726 127 671
726 379 111
727 431 490
728 247 148
728 22 832
729 176 305
730 532 816
730 116 454
730 157 578
730 426 467
731 21 761
732 246 186
732 344 805
733 398 244
733 114 374
733 527 389
734 157 106
735 531 162
736 247 79
737 405 502
738 408 951
739 295 205
740 335 750
740 573 609
740 511 205
741 185 358
741 447 498
742 247 37
742 385 38
743 448 757
744 400 963
744 482 47
745 330 412
745 99 615
746 581 332
747 4 668
748 247 701
749 550 266
749 295 823
750 514 607
751 351 474
752 356 160
752 67 71
752 412 722
752 475 474
752 178 491
752 196 387
752 467 197
753 183 846
754 573 291
755 405 456
756 597 792
757 537 601
758 376 625
759 428 405
760 17 274
760 298 22
761 328 216
761 385 996
761 471 522
761 426 628
762 355 262
762 526 126
763 508 988
764 353 524
764 451 108
765 177 11
765 112 703
766 182 900
767 177 362
768 382 294
768 350 903
768 589 65
769 64 514
769 588 667
770 22 249
770 108 6
770 164 141
771 397 758
772 309 247
772 513 610
772 479 669
772 316 595
773 245 198
774 163 93
775 438 939
775 286 789
776 149 621
776 407 588
776 394 978
776 192 85
776 428 780
776 515 543
776 299 707
776 181 38
777 352 351
777 588 433
778 170 180
778 151 583
779 222 604
779 571 129
780 508 479
780 67 580
780 112 645
781 433 139
781 442 338
782 383 844
783 76 227
784 217 349
784 462 326
784 81 503
785 174 602
786 502 975
787 50 907
787 510 287
787 482 137
787 317 696
787 532 124
787 192 535
788 33 862
788 145 770
788 61 213
789 105 231
789 372 549
789 86 697
790 105 105
790 543 102
791 179 78
791 199 124
791 238 7
791 431 437
791 578 196
792 67 222
792 565 964
793 552 659
793 450 590
794 547 573
794 105 998
795 576 398
795 552 856
796 295 704
796 369 590
797 243 743
797 321 231
798 456 344
799 155 647
799 107 351
800 419 958
801 22 550
801 499 688
801 127 143
802 350 49
802 27 954
802 221 364
802 417 558
803 130 12
804 455 240
804 184 640
804 153 965
804 74 521
804 83 714
804 493 903
804 204 241
805 167 406
806 482 413
807 140 19
807 577 555
807 231 79
807 7 138
808 155 104
808 599 173
809 174 287
810 23 33
811 483 199
812 29 369
812 580 594
812 510 47
813 110 909
813 506 831
814 369 307
814 206 109
814 143 514
814 406 697
814 347 132
814 493 106
814 151 226
815 118 332
815 492 5
815 467 381
816 294 666
816 440 350
816 495 786
816 459 501
816 331 837
816 38 442
817 577 361
817 444 121
817 567 333
818 181 51
818 528 416
819 429 155
820 257 105
821 549 801
822 105 602
822 399 610
822 258 151
823 498 884
823 186 77
824 109 505
825 428 503
826 53 661
827 320 134
827 276 898
828 46 27
828 303 815
828 511 56
828 181 970
829 566 295
829 409 145
829 178 930
830 131 185
830 206 337
831 89 999
832 2 116
833 290 259
834 568 674
834 202 532
835 53 997
836 357 714
837 36 522
838 248 602
838 326 519
838 58 547
838 68 4
839 72 117
839 311 568
839 74 480
840 247 772
840 53 21
841 315 622
841 483 758
842 439 598
843 439 24
843 451 526
843 362 454
844 478 786
845 439 362
845 119 681
845 424 523
846 18 889
847 498 688
848 216 340
848 62 413
848 72 146
848 262 140
849 356 589
850 358 698
850 526 269
850 3 424
850 263 478
851 275 875
852 367 480
852 242 792
853 369 537
854 201 852
854 30 356
855 457 553
856 346 209
857 29 414
858 107 786
858 324 546
859 339 975
859 158 384
860 597 15
860 158 390
861 85 214
861 389 211
862 51 271
863 95 549
864 195 924
864 477 44
864 569 546
864 81 94
864 346 246
864 321 241
865 327 903
866 568 416
867 419 564
868 483 512
869 541 802
870 430 615
871 584 657
871 507 82
871 423 830
871 576 911
872 451 496
872 226 35
872 218 59
872 16 204
873 73 288
874 588 61
875 387 270
875 177 863
875 91 968
875 443 264
875 497 165
876 166 925
877 90 39
878 208 878
878 483 766
878 369 971
878 499 850
879 196 983
879 19 213
879 444 106
880 148 61
881 426 911
881 288 404
882 306 279
883 504 758
884 10 727
884 213 545
884 571 231
884 279 788
884 123 45
884 216 632
885 443 333
885 256 797
885 202 32
885 428 546
886 276 770
886 34 764
887 237 960
887 100 178
887 394 702
888 254 352
888 478 299
889 49 384
889 506 889
889 103 187
890 441 735
890 516 414
890 402 312
890 6 181
891 324 688
891 122 873
891 443 195
891 95 203
891 555 914
892 1 574
893 90 715
893 302 391
894 120 143
895 323 943
895 30 847
895 340 231
895 125 335
896 277 164
896 443 3
896 93 902
897 197 700
897 551 615
897 71 620
897 150 936
897 359 837
897 322 360
897 295 158
897 549 543
898 421 2
898 448 260
898 563 303
899 146 235
900 312 939
900 63 762
901 343 181
901 223 691
902 43 274
903 244 206
903 410 20
904 422 798
904 317 828
904 139 370
905 350 277
905 501 639
906 193 602
907 355 879
907 73 630
908 261 986
909 424 195
909 106 894
909 335 74
909 209 409
909 517 241
909 314 553
910 595 82
910 302 415
911 250 473
912 298 82
913 178 312
913 554 988
914 316 53
915 524 27
916 215 974
916 129 41
916 229 559
917 96 964
917 239 818
918 430 681
918 283 800
919 150 575
919 318 149
920 248 926
921 470 392
921 191 19
922 361 145
922 319 300
923 302 484
924 13 7
924 152 953
924 149 755
925 521 985
925 50 607
926 402 738
926 509 484
926 452 520
926 233 596
926 271 659
927 255 640
928 9 961
929 67 234
929 542 382
929 109 854
930 379 714
931 326 264
932 531 258
933 338 652
933 47 534
934 294 838
934 571 300
935 143 287
935 81 68
935 598 140
935 243 477
936 591 499
936 205 327
937 411 560
937 48 440
937 498 243
937 150 74
937 487 406
937 345 181
938 26 776
938 382 617
939 149 648
940 141 381
940 555 639
941 267 423
941 337 354
941 198 537
941 463 278
942 188 997
942 497 386
943 229 454
943 482 699
944 189 596
944 472 435
945 501 878
945 27 887
946 442 596
947 273 263
948 186 704
948 458 639
948 75 191
949 4 385
950 173 331
950 2 286
950 524 346
951 176 526
951 357 885
951 47 661
952 592 972
953 446 983
954 203 910
955 185 282
955 161 782
956 246 140
956 150 441
956 449 896
957 68 972
957 545 871
957 149 617
957 351 245
957 319 816
958 106 139
959 61 34
960 542 49
961 501 556
961 480 757
962 511 238
963 530 302
963 364 927
963 84 746
964 489 987
964 211 834
965 450 438
965 221 25
965 405 978
966 59 115
966 359 982
967 180 360
968 432 954
969 78 956
969 398 15
970 341 540
971 63 889
971 600 920
971 168 730
972 280 192
972 132 468
973 47 758
974 132 871
975 172 484
976 584 116
977 449 409
977 519 301
977 352 547
977 337 38
977 480 102
978 579 841
978 146 174
979 486 320
980 433 190
980 205 52
980 94 530
981 292 840
981 360 928
981 160 231
982 282 612
983 580 709
983 109 329
983 385 817
984 219 475
984 362 184
984 324 195
984 200 694
985 221 226
986 37 218
986 2 977
986 89 65
987 148 20
988 157 370
989 277 604
989 532 896
989 551 617
989 297 140
990 87 490
991 580 486
991 348 272
992 130 863
992 73 555
992 467 478
992 388 908
993 374 968
994 565 228
994 400 567
994 99 669
995 85 60
995 401 735
996 563 501
996 427 710
997 197 654
997 11 87
998 80 264
999 424 372
999 444 506
1000 1 95
1000 349 999
1001 153 773
1002 346 719
1002 399 809
1003 461 547
1003 58 668
1004 448 774
1005 187 101
1006 226 366
1007 108 900
1007 277 174
1007 110 772
1008 338 887
1009 165 136
1009 149 601
1009 170 902
1010 389 73
1011 13 680
1012 443 413
1013 286 145
1014 332 495
1014 359 282
1014 357 286
1014 33 330
1014 533 411
1015 126 508
1015 22 200
1015 374 360
1015 328 938
1016 340 767
1017 126 476
1017 360 522
1017 355 612
1018 466 305
1018 217 987
1019 404 120
1020 449 642
1021 79 902
1022 595 242
1022 7 251
1022 76 178
1023 79 464
1023 430 486
1024 471 522
1025 591 223
1025 89 32
1026 228 55
1026 152 567
1027 274 450
1027 105 119
1027 545 928
1027 584 928
1027 12 338
1027 545 359
1028 115 934
1029 382 579
1030 436 229
1031 272 880
1032 357 675
1033 217 192
1033 565 158
1033 567 804
1034 361 362
1035 445 940
1036 187 4
1037 136 20
1037 589 919
1038 402 617
1038 109 233
1039 554 730
1040 68 172
1040 94 767
1041 461 595
1041 396 211
1042 194 988
1042 67 172
1042 54 102
1043 357 619
1043 369 726
1043 382 543
1044 581 754
1044 381 310
1044 236 898
1044 166 82
1044 270 391
1045 417 562
1046 376 635
1047 579 241
1048 149 354
1048 385 374
1048 375 65
1049 105 68
1049 85 501
1050 55 730
1050 88 337
1050 123 379
1050 59 945
1051 407 885
1052 34 960
1052 279 386
1052 316 409
1052 28 685
1052 40 459
1053 562 264
1053 320 750
1053 488 376
1054 444 171
1055 213 757
1056 218 899
1056 61 760
1057 301 341
1057 109 24
1057 506 821
1058 225 199
1058 167 566
1059 495 44
1060 75 322
1061 380 938
1061 126 422
1061 297 170
1062 291 189
1063 287 145
1064 300 772
1064 430 735
1064 586 267
1064 385 846
1064 529 608
1065 489 567
1066 162 969
1067 322 928
1068 524 414
1069 545 952
1070 524 235
1070 463 171
1071 85 119
1071 529 89
1071 584 102
1071 28 331
1072 537 497
1073 379 837
1073 10 385
1073 44 295
1074 439 709
1075 132 807
1076 134 401
1076 348 732
1076 18 334
1076 70 902
1077 53 486
1077 143 594
1077 42 668
1078 569 188
1079 479 351
1079 257 458
1080 214 379
1080 326 834
1080 288 564
1081 242 765
1082 151 610
1083 585 974
1083 401 890
1083 256 80
1083 170 333
1084 64 669
1084 186 570
1085 417 85
1086 420 321
1086 241 362
1086 154 152
1086 316 525
1087 427 931
1087 154 238
1087 137 392
1088 270 583
1089 324 75
1089 54 641
1090 214 416
1091 95 401
1091 226 951
1091 427 540
1091 364 811
1092 460 255
1093 30 902
1094 264 849
1095 15 959
1095 487 186
1096 101 13
1097 21 256
1098 559 920
1098 515 239
1098 68 383
1099 459 844
1100 16 257
1100 467 49
1101 474 950
1102 111 207
1102 142 774
1102 499 799
1102 76 599
1102 69 969
1103 315 277
1104 80 66
1104 205 232
1105 44 708
1105 295 806
1105 193 180
1106 302 802
1107 35 359
1108 408 335
1108 570 998
1108 380 921
1109 279 835
1110 456 188
1111 365 94
1112 286 158
1112 312 543
1112 478 275
1112 273 853
1113 347 100
1114 538 743
1115 96 283
1116 487 414
1117 351 980
1117 462 996
1118 327 402
1118 555 965
1119 46 496
1120 591 500
1120 346 689
1121 239 151
1122 568 148
1123 528 516
1124 242 308
1124 469 646
1125 225 661
1126 342 731
1126 188 926
1126 519 99
1127 553 336
1128 481 982
1128 485 746
1129 524 961
1130 458 211
1131 540 2
1131 267 749
1131 455 965
1132 95 678
1132 219 171
1132 391 466
1132 298 429
1132 149 43
1133 372 78
1134 372 362
1135 482 414
1136 535 573
1137 445 28
1138 526 80
1139 27 203
1139 90 976
1140 109 983
1140 244 486
1140 66 920
1141 234 417
1142 575 456
1142 567 771
1142 14 483
1143 341 454
1143 344 468
1143 567 137
1143 165 468
1144 223 660
1145 362 212
1146 44 117
1146 455 845
1146 123 924
1147 311 378
1147 180 384
1147 82 842
1147 400 53
1148 50 924
1148 262 444
1148 535 765
1148 562 94
1148 288 734
1149 458 871
1149 249 224
1150 590 334
1150 298 862
1151 131 10
1152 61 391
1153 440 787
1154 72 952
1155 485 707
1155 485 801
1156 430 136
1157 384 687
1157 88 634
1157 202 494
1158 70 138
1159 466 531
1159 15 43
1160 356 848
1160 118 444
1161 442 984
1162 282 285
1162 507 177
1162 437 610
1162 136 907
1162 313 669
1162 58 122
1163 385 276
1164 498 753
1164 544 449
1165 438 428
1166 385 506
1167 241 723
1168 110 163
1168 599 661
1169 291 918
1169 169 59
1170 399 136
1171 442 349
1171 287 711
1172 564 270
1173 137 972
1174 362 70
1174 191 236
1174 417 747
1175 21 396
1175 406 306
1176 445 720
1177 461 710
1178 466 602
1179 333 498
1179 426 646
1179 219 532
1180 108 758
1180 23 45
1180 332 212
1180 238 992
1181 115 124
1182 580 956
1183 317 385
1184 188 988
1185 259 631
1185 304 32
1186 254 469
1186 351 4
1186 310 455
1186 434 345
1187 237 294
1188 408 471
1189 344 702
1190 439 395
1190 35 554
1191 251 453
1191 22 903
1192 254 345
1193 463 23
1194 534 975
1195 74 873
1195 391 868
1195 137 210
1195 2 823
1196 553 440
1196 227 605
1196 96 538
1196 577 136
1196 581 91
1197 396 778
1197 317 825
1198 229 534
1198 364 530
1199 211 326
1200 382 499
1201 97 619
1202 509 791
1202 267 343
1202 470 877
1203 580 342
1203 247 984
1204 342 18
1205 330 727
1205 306 757
1205 459 125
1206 586 876
1207 341 700
1207 68 736
1207 57 72
1207 45 798
1208 335 205
1209 555 492
1209 6 882
1210 421 852
1211 12 587
1212 503 698
1213 480 323
1213 17 644
1214 153 742
1215 320 219
1216 174 414
1216 525 886
1217 532 504
1218 304 681
1219 587 510
1219 87 113
1220 385 60
1221 112 807
1221 447 944
1222 576 968
1222 46 77
1222 137 475
1222 427 779
1223 195 970
1223 182 673
1223 464 28
1224 512 693
1225 599 55
1225 526 41
1226 13 999
1227 211 845
1228 141 541
1229 292 453
1230 121 876
1230 73 709
1230 75 89
1230 355 51
1231 441 152
1231 384 498
1231 250 467
1231 135 866
1232 244 451
1232 496 254
1233 331 681
1234 485 56
1235 84 424
1236 572 230
1236 384 145
1236 565 12
1237 493 948
1238 589 354
1239 559 164
1239 499 525
1240 487 989
1240 383 194
1240 590 579
1241 40 423
1242 403 985
1242 92 755
1243 506 645
1244 443 187
1245 280 871
1245 583 113
1245 568 77
1246 508 700
1246 341 256
1246 45 474
1247 407 707
1248 266 703
1249 380 911
1250 137 474
1251 58 818
1251 513 655
1252 95 512
1253 463 518
1254 157 41
1255 9 645
1255 65 250
1256 547 571
1257 591 956
1257 99 326
1257 399 80
1257 564 797
1257 2 531
1258 160 668
1259 77 945
1259 596 286
1259 82 786
1259 465 408
1259 413 802
1260 538 569
1261 334 257
1261 48 103
1262 252 778
1263 271 475
1264 26 375
1265 219 926
1265 273 743
1265 334 27
1265 467 390
1266 266 622
1266 435 692
1266 388 871
1267 524 383
1268 112 378
1269 146 630
1270 97 862
1270 444 165
1271 94 341
1271 120 902
1271 544 710
1272 72 395
1273 48 644
1273 534 143
1274 330 95
1274 120 722
1275 308 275
1275 178 970
1276 339 189
1276 501 740
1276 5 470
1276 180 408
1277 525 341
1277 327 723
1277 530 523
1278 389 874
1279 378 473
1280 519 358
1281 231 109
1281 77 128
1281 94 384
1281 388 612
1281 419 96
1281 267 385
1282 21 118
1283 53 713
1284 209 817
1284 516 344
1284 200 330
1284 584 471
1285 522 790
1285 132 345
1285 394 597
1285 226 476
1285 152 288
1286 368 953
1286 180 850
1286 326 685
1287 224 484
1288 484 728
1288 200 692
1288 570 28
1288 272 283
1289 118 396
1289 552 494
1289 427 162
1289 487 207
1289 515 707
1290 240 497
1291 541 154
1291 291 399
1292 564 399
1293 48 399
1293 175 304
1294 333 195
1295 162 921
1296 272 433
1296 195 487
1297 207 20
1298 345 797
1299 273 400
1299 28 771
1300 48 480
1301 480 4
1301 184 482
1301 349 225
1301 9 726
1302 120 8
1302 292 551
1302 282 682
1302 444 658
1302 591 303
1302 268 949
1302 421 24
1303 186 569
1303 235 843
1303 226 458
1303 176 543
1303 251 452
1303 383 41
1304 327 512
1304 174 531
1305 564 985
1306 198 636
1306 58 68
1307 337 489
1307 575 207
1307 399 205
1308 239 55
1309 53 302
1310 63 532
1310 380 579
1310 481 861
1311 229 492
1312 165 559
1312 579 660
1313 235 482
1313 237 856
1314 361 189
1315 371 924
1315 484 716
1315 581 684
1316 388 74
1316 57 298
1316 414 893
1316 449 952
1316 242 473
1317 571 360
1317 193 527
1318 189 526
1319 99 331
1319 128 808
1320 473 611
1320 497 238
1321 331 380
1321 583 701
1322 340 426
1323 390 42
1323 179 972
1324 597 896
1324 547 293
1325 254 427
1326 35 858
1326 473 305
1326 166 146
1327 20 239
1328 580 825
1329 520 825
1330 449 682
1330 222 180
1330 170 526
1331 196 115
1331 381 114
1332 204 99
1333 216 802
1334 285 492
1334 590 211
1335 275 783
1335 85 465
1335 204 786
1335 82 677
1336 144 694
1336 508 587
1336 248 105
1337 455 335
1338 361 508
1338 104 496
1339 122 832
1339 112 748
1339 591 848
1339 376 621
1340 467 607
1341 1 418
1342 398 552
1343 511 360
1343 257 959
1343 467 178
1343 285 179
1344 326 603
1345 49 178
1346 361 984
1346 558 654
1346 392 186
1347 32 240
1348 178 752
1349 59 17
1349 313 944
1350 316 41
1351 31 713
1351 226 393
1351 160 534
1352 495 810
1353 187 663
1353 339 72
1354 113 591
1355 543 222
1355 198 242
1356 483 490
1356 312 948
1356 304 350
1357 562 784
1357 261 234
1358 107 9
1359 351 950
1360 297 29
1361 30 273
1362 453 906
1362 205 244
1363 576 821
1363 161 171
1364 416 270
1364 83 963
1364 311 121
1364 285 58
1364 158 124
1364 379 26
1365 103 87
1365 599 494
1366 303 232
1366 177 7
1367 309 883
1368 27 146
1368 200 912
1368 186 123
1368 597 103
1369 233 944
1370 382 180
1370 304 744
1371 357 935
1372 119 781
1372 457 144
1372 270 303
1373 420 398
1373 198 997
1374 535 429
1375 73 736
1376 169 711
1376 184 551
1377 99 445
1377 548 6
1378 568 306
1378 333 751
1379 574 378
1380 14 283
1380 43 182
1381 152 762
1382 36 597
1382 235 689
1383 211 951
1384 298 439
1384 84 291
1384 530 659
1384 27 90
1384 87 547
1385 285 13
1385 5 92
1385 376 424
1385 456 841
1385 281 87
1386 463 615
1386 112 594
1387 140 800
1388 430 511
1389 514 457
1390 554 584
1391 237 8
1391 218 202
1391 51 335
1392 510 474
1393 399 881
1393 407 335
1393 537 17
1393 262 519
1394 158 482
1394 80 708
1394 571 61
1394 103 359
1395 491 947
1395 530 818
1395 547 82
1395 505 218
1396 540 453
1396 557 562
1397 197 725
1398 126 497
1399 3 907
1400 417 937
1401 309 614
1401 473 506
1401 61 520
1401 501 786
1401 516 831
1402 10 2
1402 386 585
1403 517 737
1403 244 839
1404 574 713
1404 47 919
1404 134 270
1404 232 486
1405 161 300
1405 197 410
1406 67 463
1407 10 497
1407 498 58
1408 596 126
1408 398 946
1408 368 967
1408 5 431
1408 132 301
1408 311 368
1409 567 420
1410 531 931
1411 63 864
1411 499 322
1412 474 232
1412 548 447
1413 169 579
1413 323 699
1413 71 340
1414 231 716
1415 28 323
1415 358 599
1415 19 307
1416 473 652
1416 321 182
1416 230 143
1416 257 512
1416 284 828
1416 264 341
1416 539 560
1417 227 995
1418 385 493
1419 516 266
1420 201 237
1421 248 106
1421 198 399
1422 509 679
1423 549 494
1424 348 210
1425 43 284
1425 415 958
1425 408 377
1426 124 375
1427 545 837
1427 139 365
1427 256 935
1428 165 881
1429 90 954
1429 192 566
1429 85 771
1430 560 739
1431 111 669
1431 146 715
1432 466 410
1432 433 516
1432 287 676
1432 3 817
1432 376 125
1432 509 471
1432 557 754
1433 26 897
1433 511 235
1434 334 752
1434 417 133
1435 12 858
1435 222 574
1436 30 54
1436 442 663
1436 2 834
1436 172 868
1437 159 297
1437 408 881
1437 151 123
1437 92 768
1438 193 495
1438 394 942
1438 125 703
1438 21 648
1439 101 202
1440 433 983
1440 121 191
1440 138 479
1440 439 88
1441 271 701
1441 247 289
1442 229 74
1443 100 169
1443 113 76
1444 455 4
1444 341 433
1444 393 638
1444 3 787
1444 381 705
1444 600 944
1445 476 774
1446 210 612
1446 496 484
1446 136 275
1447 454 118
1447 152 818
1447 320 608
1447 353 744
1447 336 710
1447 491 249
1448 190 32
1449 495 591
1449 49 908
1450 427 219
1450 488 418
1451 542 51
1451 34 432
1451 212 166
1451 378 158
1452 56 175
1453 35 451
1453 583 654
1453 547 378
1454 521 950
1454 417 364
1455 182 780
1456 344 822
1456 519 362
1456 181 103
1457 194 496
1457 19 982
1458 441 419
1458 263 684
1459 227 737
1460 244 45
1461 571 746
1462 429 950
1463 350 444
1464 389 201
1464 182 33
1465 12 172
1465 268 320
1466 384 482
1467 43 260
1467 334 672
1468 395 186
