600 1000 50 10 3000
43 40
0 35
95 45
72 24
93 72
0 47
9 84
67 99
27 22
21 5
62 85
12 56
62 33
40 21
30 94
58 73
34 10
60 30
55 84
6 0
56 7
48 66
91 15
17 70
90 38
75 4
76 87
12 90
72 53
11 2
47 22
27 34
32 87
16 40
72 22
40 80
81 40
46 24
8 63
94 98
54 69
2 82
8 15
72 80
20 36
34 67
58 61
1 90
49 17
30 73
92 71
53 73
63 52
98 71
67 44
21 73
14 76
55 74
43 80
55 63
16 89
30 74
3 84
64 52
53 47
77 45
70 30
71 33
34 69
5 2
13 78
75 79
54 83
54 97
63 61
60 79
2 43
5 5
27 21
9 80
68 38
26 90
69 49
24 55
70 81
57 83
59 33
15 14
16 21
63 31
34 24
62 36
19 67
94 46
40 55
78 61
94 56
51 15
5 75
70 75
8 28
11 68
13 26
34 81
99 49
64 33
25 26
21 44
45 15
42 85
71 21
46 17
77 98
32 83
25 2
10 34
82 21
54 47
99 40
80 98
89 44
31 15
70 53
59 15
20 2
53 43
75 99
60 52
49 92
87 27
47 98
13 29
71 67
77 71
59 57
69 48
54 53
15 24
58 27
92 78
81 97
22 56
96 82
60 98
27 48
25 74
98 38
55 69
57 84
40 16
42 10
16 48
15 84
24 73
11 16
51 44
13 25
0 62
60 60
12 87
60 37
13 58
27 68
28 36
53 68
52 47
30 20
56 19
70 67
88 22
11 53
47 63
67 59
76 79
46 36
68 59
95 95
80 75
31 33
95 35
32 26
8 27
23 64
98 94
84 38
68 47
92 67
11 11
27 87
91 25
75 59
37 22
7 17
97 90
2 93
26 34
71 86
13 94
50 63
40 86
2 60
34 46
80 97
57 7
84 48
84 11
60 21
90 31
57 92
76 35
78 47
73 43
94 76
7 86
62 61
47 96
7 27
93 16
86 29
17 22
41 77
96 27
96 86
58 5
31 35
41 61
34 66
5 28
42 64
15 5
25 14
53 32
93 47
0 79
28 17
53 21
94 49
48 90
36 59
48 19
46 41
80 80
7 85
9 50
49 76
7 26
90 60
10 83
59 11
14 88
28 67
9 75
17 10
17 5
69 65
24 15
6 56
95 14
16 95
32 23
22 74
83 32
57 43
43 23
83 24
43 92
99 12
54 16
17 23
34 93
38 40
1 86
6 95
42 22
91 27
45 65
1 29
97 11
24 93
34 7
69 29
99 68
41 54
36 10
29 70
55 68
63 57
6 69
52 48
92 95
27 89
60 29
18 10
40 42
55 26
1 24
56 53
92 97
59 80
60 88
3 15
8 66
72 14
87 77
15 79
24 42
69 37
23 39
47 15
34 2
42 35
78 50
88 70
99 47
2 59
88 5
75 96
71 99
63 59
28 78
90 53
72 11
42 96
3 41
11 89
43 5
24 21
55 65
43 55
64 45
66 52
3 93
1 26
93 64
85 73
42 28
26 66
91 20
62 94
61 26
83 4
31 60
77 39
25 72
94 41
70 12
94 73
6 47
51 99
72 5
17 51
71 8
55 33
89 95
50 19
34 27
93 15
90 99
62 42
50 25
31 22
30 48
25 53
8 49
39 15
34 3
6 75
99 56
94 33
36 90
14 57
55 7
72 46
6 86
88 8
63 71
82 93
46 79
9 38
47 43
41 53
18 40
61 65
26 49
55 40
6 10
99 30
8 57
68 48
65 31
19 47
76 90
7 23
22 16
13 69
11 54
74 30
47 87
95 73
37 2
65 43
64 16
26 73
25 94
21 42
26 41
89 2
83 49
77 5
17 90
74 29
97 0
59 44
88 6
69 25
60 86
20 24
54 98
97 79
93 71
21 71
64 62
25 47
63 55
5 81
10 94
32 21
90 20
79 11
97 39
49 69
63 3
68 13
82 61
36 55
84 52
70 61
99 33
16 4
14 14
36 76
60 68
97 51
40 28
14 37
67 64
6 83
67 26
48 2
39 36
57 23
88 27
85 87
61 53
44 27
67 32
4 28
0 53
31 92
82 45
29 1
9 87
36 77
66 84
31 5
20 40
81 60
68 66
48 81
71 44
60 39
76 64
19 28
18 50
20 52
95 1
53 5
40 90
34 6
26 65
12 99
5 93
59 25
11 59
58 82
3 19
73 31
35 92
11 5
42 83
57 90
84 63
47 25
53 33
83 31
98 95
30 55
33 3
49 43
86 5
14 59
88 50
4 0
7 98
83 65
88 20
28 87
97 33
20 80
64 18
76 47
26 68
37 11
72 38
54 10
95 69
21 84
71 25
36 78
24 19
95 64
91 23
52 88
8 72
43 97
72 21
65 61
32 37
99 86
47 47
7 69
83 78
46 19
9 22
90 4
87 82
80 91
70 88
63 39
65 58
36 37
79 54
98 11
43 50
50 91
97 9
12 80
88 58
51 97
81 41
53 20
75 33
11 46
74 26
37 39
85 26
77 64
80 27
28 23
77 78
66 26
87 78
89 9
76 22
3 30
42 78
24 89
31 14
29 16
40 58
33 20
85 61
95 15
91 62
41 30
92 52
10 81
13 86
55 16
68 49
95 84
54 71
25 86
85 54
54 77
97 50
0 93
65 91
7 58
22 99
10 84
33 24
92 91
38 87
75 92
11 52
26 71
24 75
21 25
20 38
16 27
79 59
74 12
83 97
0 28
88 38
67 15
67 13
79 26
50 5
50 75
32 71
52 53
10 20
32 59
18 37
23 54
86 76
82 26
66 49
93 49
80 13
15 59
91 17
16 41
44 48
13 96
1 75
17 86
86 80
97 56
69 73
10 56
49 44
34 15
46 28
65 78
93 32
37 84
49 53
26 46
53 91
42 7
18 59
93 4
91 90
60 61
63 23
69 12
19 3
83 45
95 28
29 32
13 30
37 91
76 91
82 19
98 0
30 91
56 74
33 68
35 97
91 56
61 63
59 41
80 95
38 76
23 67
50 50
97 91
13 80
54 19
90 41
16 81
97 30
96 8
71 77
3 62
5 79
29 65
19 31
15 99
58 8
12 7
51 78
39 85
99 93
5 89
34 73
23 31
55 19
40 27
96 95
89 53
26 70
19 46
54 86
97 64
95 61
71 46
39 11
84 39
56 41
28 91
66 3
74 22
23 66
1 71
14 42
25 92
64 96
38 18
82 87
82 77
49 6
76 40
17 60
79 25
1 60
68 19
63 43
41 86
61 42
10 75
36 35
68 1
31 58
19 65
98 2
43 47
60 19
87 29
31 19
54 84
31 23
3 94
66 45
33 27
39 43
55 76
30 75
77 13
33 48
78 31
2 73
30 62
44 70
91 75
89 46
59 72
69 15
66 87
12 51
66 51
46 73
79 76
48 8
41 34
57 72
65 11
45 48
74 42
18 17
17 59
63 29
31 84
44 49
23 56
1 42
59 47
15 91
76 16
99 69
50 8
93 67
20 91
15 46
33 85
63 50
96 79
31 27
15 75
29 39
83 30
33 95
29 48
86 57
64 37
27 14
46 20
82 18
11 49
16 96
35 31
47 31
10 78
11 78
6 92
17 89
74 2
84 3
50 22
13 67
60 92
33 58
64 67
28 28
17 44
24 4
75 71
87 38
2 50
16 60
1 68
56 20
29 42
30 93
9 58
73 78
2 98
34 30
21 74
20 75
24 36
35 19
73 37
87 60
75 11
49 35
0 58
8 81
52 38
27 61
92 51
98 78
95 29
41 83
0 14
20 39
26 95
3 76
82 3
86 42
85 38
81 12
51 30
12 95
33 63
74 67
35 26
72 82
7 14
65 7
28 37
47 55
32 50
83 67
9 90
11 42
54 62
72 19
10 58
82 84
77 17
62 49
51 70
15 17
77 96
54 24
3 39
74 38
58 80
59 67
70 22
10 77
36 34
96 46
44 78
30 21
47 93
23 98
15 38
67 92
34 74
65 95
75 23
75 86
90 98
8 52
75 45
39 71
91 83
1 74
5 0
19 80
50 34
18 18
78 53
44 47
42 9
43 18
32 70
56 22
68 65
27 95
62 66
18 5
79 6
71 50
38 22
36 57
92 15
14 4
45 57
74 77
28 31
51 48
48 78
96 10
96 66
15 98
38 47
4 9
49 95
83 86
52 75
53 14
11 67
70 56
25 97
85 5
15 53
38 12
20 5
10 10
4 66
19 54
61 55
92 65
30 45
31 94
12 2
2 89
51 88
46 31
25 4
59 92
57 49
56 29
54 66
85 11
17 98
66 9
64 48
42 18
1 45
85 6
83 10
10 42
54 20
43 11
49 50
29 41
61 14
52 78
65 18
87 81
18 93
28 61
11 30
58 71
34 43
78 18
5 88
12 59
8 56
70 10
51 19
97 31
73 36
12 91
81 93
4 92
75 14
64 9
9 94
79 14
82 92
74 43
0 96
5 6
48 56
25 67
11 74
98 36
62 63
79 43
8 84
35 83
50 51
92 60
45 72
74 80
16 0
75 16
49 80
74 97
88 51
64 51
25 15
87 87
30 66
82 38
2 17
21 53
21 65
98 53
92 25
69 93
42 45
94 59
96 71
74 35
2 92
62 67
61 35
53 22
18 4
75 62
29 97
7 87
92 49
8 33
68 21
90 22
65 36
79 27
62 40
19 68
62 89
72 89
3 53
86 10
92 79
59 77
18 68
62 80
54 30
53 97
53 19
33 84
98 41
24 61
81 95
81 43
84 53
32 39
6 71
49 99
2 9
28 72
29 90
52 83
72 6
80 25
77 66
88 88
33 69
83 70
22 15
9 81
38 59
32 40
68 12
12 49
54 65
23 65
31 13
75 38
51 64
78 85
55 8
28 16
41 67
75 25
7 95
37 20
44 91
37 29
60 25
39 87
15 90
6 34
49 86
51 42
53 78
74 4
33 18
95 22
47 64
82 41
38 94
18 77
33 33
19 37
78 99
26 36
23 36
69 76
15 36
89 89
40 74
59 87
48 7
76 71
22 10
56 94
47 35
93 25
71 26
4 46
63 73
23 30
9 64
19 1
91 78
40 39
37 95
22 90
41 50
60 17
57 59
4 2
84 28
81 88
74 96
13 49
26 74
27 9
75 19
48 13
15 22
3 56
73 64
71 85
33 81
45 38
83 81
66 64
22 40
60 35
42 38
62 8
83 89
9 17
24 24
92 27
32 65
43 3
50 28
84 95
66 20
29 84
36 51
77 49
86 19
87 48
79 71
90 96
82 99
65 6
75 57
85 7
22 80
62 25
8 99
72 75
59 55
56 91
7 44
91 86
67 81
34 1
80 0
7 7
57 44
14 32
24 77
76 81
11 47
35 23
54 39
30 19
7 74
57 74
55 92
75 88
92 34
39 94
90 67
28 2
66 63
2 36
83 85
7 42
59 65
68 14
9 43
29 50
54 59
12 92
65 3
86 8
22 66
10 40
29 87
12 84
75 48
21 83
90 80
0 59
46 9
54 1
14 84
3 68
95 67
12 13
22 51
17 83
36 99
70 48
96 56
88 32
87 7
28 88
9 40
1 31
91 74
75 61
57 11
12 47
28 60
3 61
99 91
6 65
46 98
86 17
67 39
48 10
13 76
23 22
39 35
53 51
82 82
12 85
43 63
13 6
27 71
23 26
69 30
52 56
47 71
95 48
24 57
83 63
93 89
67 75
13 66
94 93
6 59
51 86
12 52
5 16
8 4
88 55
4 22
68 80
79 4
44 24
93 63
0 16
94 65
34 40
58 40
0 10
78 82
84 42
34 41
59 94
98 99
2 54
21 70
35 52
74 31
77 67
94 29
35 40
94 69
80 52
14 92
63 51
35 49
44 94
93 46
49 66
68 84
18 43
15 95
62 9
76 50
49 70
71 81
75 85
78 77
92 13
78 37
31 52
18 41
64 36
36 31
84 98
40 60
0 41
83 72
75 58
57 89
99 35
18 44
81 7
71 64
11 43
97 29
36 13
18 72
45 54
23 37
66 23
31 49
47 6
59 5
95 11
55 93
61 88
52 84
4 64
28 1
45 16
15 15
41 12
69 64
49 88
39 80
89 87
38 1
44 33
12 36
98 19
59 34
44 63
50 24
17 95
11 34
96 32
50 45
20 89
78 62
63 24
2 75
61 52
46 42
64 5
20 78
37 37
26 30
69 89
16 17
21 66
63 94
8 93
8 88
9 71
13 63
98 26
68 44
20 32
1 49
93 21
79 83
65 80
46 82
98 20
0 61
66 8
6 74
49 15
45 62
31 43
40 99
39 60
83 40
61 29
61 41
12 20
98 77
59 51
17 12
64 83
72 70
57 21
37 54
35 68
49 75
19 88
36 3
28 49
32 41
14 41
73 67
38 85
70 7
97 34
90 69
56 99
43 93
14 2
54 33
90 42
43 72
63 86
68 77
27 42
96 17
79 66
24 76
52 66
97 8
65 40
54 70
72 25
19 94
36 62
66 99
48 35
29 27
29 77
96 60
96 20
36 48
9 3
26 15
73 97
74 40
11 45
34 99
7 53
99 8
87 69
29 5
56 17
54 95
54 15
50 80
30 24
29 17
73 55
57 37
0 44
36 60
97 87
20 37
67 7
58 77
91 39
82 0
56 88
95 62
55 45
95 37
21 24
32 12
32 32
44 5
8 64
42 27
72 0
4 15
39 39
15 47
79 62
9 35
72 81
81 79
28 13
91 12
97 99
33 42
56 93
6 98
20 30
50 77
16 13
40 47
76 1
6 7
17 39
86 46
4 29
58 1
80 43
43 36
36 2
34 57
32 36
86 78
77 54
44 17
1 20
18 84
56 76
43 73
67 29
71 71
73 38
25 68
26 14
70 60
23 3
48 9
33 25
94 64
49 64
0 5
93 95
31 12
24 2
84 34
36 9
29 98
28 0
10 51
55 10
12 40
87 75
91 71
98 44
77 43
14 39
0 75
65 30
25 93
82 88
96 37
98 8
29 86
35 51
19 78
23 69
74 52
12 66
34 78
59 84
29 12
11 94
94 89
39 76
77 35
65 27
95 46
65 82
98 85
13 21
6 39
25 71
91 91
67 2
28 97
43 8
28 83
70 1
37 18
52 46
39 65
57 96
17 14
85 8
6 52
1 77
37 6
80 74
63 2
75 0
55 25
73 94
42 92
92 99
40 61
66 25
21 72
30 32
61 83
0 209 504
0 518 681
1 228 886
1 402 598
1 202 168
2 278 409
3 458 983
3 406 97
4 13 741
5 172 338
6 383 82
6 424 174
6 415 685
7 480 977
8 63 61
9 323 848
10 469 870
11 433 414
11 459 189
11 213 351
12 466 52
12 34 537
13 185 525
13 582 233
13 401 332
14 485 283
14 341 243
14 523 48
15 499 933
16 515 233
16 485 281
17 533 736
17 416 139
18 430 987
18 69 489
18 529 434
18 580 646
19 460 965
19 527 375
19 553 113
19 146 750
19 212 160
19 438 292
20 47 650
21 511 978
22 176 140
22 371 46
22 432 295
23 52 23
23 157 438
23 434 341
23 538 731
24 74 4
24 21 521
24 209 99
25 51 985
26 5 185
27 473 954
27 369 862
27 2 469
27 333 712
27 228 958
27 488 528
27 180 302
28 200 476
28 520 495
29 250 989
29 184 763
30 250 791
31 272 114
31 398 799
32 359 319
33 436 251
33 130 377
33 172 102
33 4 69
33 570 896
33 441 506
34 441 81
35 246 766
36 494 755
37 600 5
38 537 482
38 501 196
39 74 164
40 6 950
41 54 803
42 1 452
42 581 167
43 37 951
44 197 477
45 167 332
46 260 263
47 206 221
48 82 857
49 426 116
50 464 847
50 44 288
51 21 597
51 402 181
51 128 931
52 524 742
52 269 923
53 78 679
54 116 691
54 324 25
54 347 986
55 8 973
56 57 109
57 119 616
57 206 598
57 456 263
57 286 673
58 264 250
58 219 571
58 326 138
59 248 934
60 163 932
61 500 699
62 560 961
63 7 520
63 117 53
63 1 728
63 302 16
63 281 432
63 217 152
64 531 845
65 52 626
65 578 476
65 20 558
65 381 957
65 555 541
66 505 943
66 230 374
66 578 640
67 242 194
67 513 909
67 558 357
67 377 687
68 102 247
69 462 811
70 68 338
71 398 430
72 298 720
72 203 966
73 83 477
74 291 557
75 179 326
76 361 626
76 552 358
77 528 330
77 32 32
78 592 725
79 240 970
79 447 394
80 8 692
81 13 50
81 63 178
81 438 917
81 469 619
81 13 805
81 433 745
81 222 434
81 414 199
81 403 747
81 164 882
82 424 250
83 122 754
83 178 857
84 391 898
84 209 522
85 595 637
85 431 801
85 513 829
86 74 912
87 399 640
88 390 421
88 130 383
88 443 408
88 404 781
89 314 250
90 566 66
90 292 473
90 546 887
91 587 164
92 599 116
93 283 672
93 457 765
94 144 300
95 313 205
95 348 791
96 387 890
96 198 341
97 564 956
98 27 750
98 35 185
99 104 51
99 393 715
100 343 636
100 378 649
100 441 190
100 74 33
101 151 362
101 143 596
101 360 332
101 486 416
102 79 422
103 530 758
104 361 138
104 506 142
104 436 935
104 423 694
105 331 793
105 431 931
105 305 97
105 203 234
106 580 372
107 264 78
108 84 518
108 454 278
108 62 718
109 159 805
109 488 886
109 414 151
109 300 791
110 535 646
111 529 810
111 204 451
111 144 511
111 435 391
111 598 160
111 386 898
111 383 484
112 125 651
112 393 612
112 540 835
112 593 607
112 93 590
112 102 35
113 518 219
113 352 159
113 458 954
114 37 710
115 457 985
115 399 173
116 437 74
116 175 561
116 119 806
116 107 381
117 520 761
117 395 139
117 156 832
117 371 187
117 554 375
118 104 788
119 44 747
119 454 361
119 484 330
120 91 362
120 43 357
120 455 406
121 285 899
121 595 879
122 592 887
122 366 82
122 434 645
123 551 384
123 597 461
123 184 473
124 366 935
125 23 717
125 452 556
126 264 751
126 362 302
126 8 726
126 94 183
127 337 643
127 162 541
127 29 44
128 394 890
129 142 713
129 553 361
129 30 168
130 217 852
131 190 401
132 438 208
132 182 494
133 372 404
134 151 986
135 248 602
136 421 110
137 228 543
137 324 419
138 528 752
138 252 294
139 385 384
140 287 404
140 130 228
141 24 97
141 390 333
142 158 727
143 233 302
143 429 915
144 12 142
145 367 172
145 250 817
146 348 223
147 438 628
147 66 718
148 391 611
148 295 516
149 306 470
150 71 421
150 207 455
151 518 345
151 486 313
152 315 437
153 583 996
154 515 908
154 129 804
155 467 495
155 459 845
155 417 907
156 133 401
157 379 123
157 515 960
157 421 276
158 156 974
158 96 701
158 3 418
159 492 142
159 345 408
160 144 65
161 336 14
162 310 538
162 534 59
162 527 899
162 514 87
163 148 839
163 308 52
164 468 246
164 382 624
164 428 537
164 323 187
164 217 728
165 234 329
166 74 890
166 575 885
166 427 490
166 259 744
166 155 977
167 488 964
168 249 870
168 340 290
169 90 900
169 362 377
170 299 576
171 518 139
172 120 640
173 369 757
174 150 511
174 407 640
175 303 89
175 112 69
175 191 745
175 182 860
176 49 365
176 356 952
176 238 852
176 288 478
176 553 931
177 293 167
177 276 587
177 272 605
177 406 267
178 344 473
179 429 818
180 540 160
181 237 286
181 379 747
182 150 440
183 265 297
184 20 811
184 114 751
184 591 791
184 343 686
185 130 766
186 26 589
186 152 559
186 455 630
186 446 608
187 147 214
188 495 192
188 210 962
188 406 888
189 182 899
189 30 221
190 46 643
191 450 583
192 254 313
193 38 501
194 523 998
194 156 368
194 238 466
194 152 634
194 111 171
195 373 605
196 251 375
197 504 514
197 451 299
198 175 587
199 314 595
200 69 585
201 35 765
202 135 747
203 571 837
204 70 254
204 204 943
204 521 349
205 473 702
206 9 614
207 107 859
208 200 901
208 208 12
209 245 751
210 2 37
211 135 262
212 230 869
212 63 67
212 16 601
212 465 992
213 333 287
214 136 573
215 32 504
216 600 624
217 74 540
218 587 475
218 12 180
219 441 992
220 366 284
220 568 514
220 577 718
220 42 290
220 72 72
221 136 855
222 531 745
223 489 38
224 558 799
224 305 364
224 207 37
224 87 114
225 32 26
226 414 58
227 56 343
228 589 420
228 1 10
228 394 356
228 425 298
229 531 557
229 338 862
229 406 237
229 543 677
229 180 139
230 423 532
231 554 820
232 19 848
233 338 446
233 350 144
233 595 405
233 459 68
234 450 686
234 5 905
234 66 137
235 221 88
235 25 789
235 599 207
236 360 849
236 127 647
237 414 601
238 125 739
238 272 454
239 215 627
239 589 86
240 47 610
241 85 660
242 371 121
243 247 525
244 29 414
245 590 250
245 175 666
245 394 785
246 216 94
246 538 989
246 186 427
246 258 586
247 161 373
248 326 703
249 545 663
249 569 519
250 356 399
251 330 107
252 532 583
252 207 587
252 585 253
253 177 772
253 459 966
253 359 937
253 562 717
253 5 87
254 489 50
255 249 484
255 301 455
255 93 99
256 442 195
257 353 33
258 52 123
258 343 766
258 434 846
259 556 860
260 318 782
261 309 691
262 397 483
262 253 736
263 6 202
264 475 156
264 484 44
265 239 772
265 418 743
265 6 887
266 137 998
266 372 760
267 574 304
267 16 703
267 507 61
268 300 114
269 120 478
269 501 769
270 7 987
271 257 691
272 248 937
272 269 546
272 105 838
273 186 524
274 504 889
275 179 901
276 450 3
276 353 256
277 599 286
278 142 666
279 214 985
279 498 343
279 528 36
279 221 665
279 226 65
279 61 646
280 6 718
281 287 93
282 158 566
282 154 297
283 592 571
283 597 824
283 152 561
283 362 896
283 322 298
283 512 61
283 87 678
283 135 901
283 68 316
284 540 713
285 178 276
286 434 317
286 467 743
286 594 815
287 250 41
288 263 82
289 280 498
289 481 180
290 239 259
291 331 397
292 131 871
293 243 655
294 359 70
294 574 400
295 557 893
295 554 285
295 119 229
296 370 748
297 559 489
298 258 939
299 475 424
299 417 17
300 20 875
301 583 17
301 281 225
302 421 520
303 275 712
303 268 442
304 591 522
305 536 104
305 59 450
306 552 521
307 421 778
307 154 548
308 30 918
308 212 421
309 295 227
309 464 748
309 100 988
309 517 152
310 399 424
311 82 993
312 349 828
313 435 177
314 339 305
315 270 213
316 555 207
317 143 326
317 190 601
317 157 426
317 166 896
318 507 941
318 126 90
319 405 741
319 441 689
319 189 576
320 97 32
321 523 896
322 211 383
322 594 592
322 227 23
323 73 434
324 277 918
325 229 198
326 69 691
326 46 962
327 125 886
327 134 989
328 235 602
329 310 709
329 49 522
329 64 221
330 197 288
330 418 309
331 46 629
331 599 282
332 331 511
332 107 559
332 66 371
333 184 642
333 594 330
333 113 235
333 70 174
333 452 284
333 87 91
333 200 450
334 572 884
335 94 503
336 38 457
336 165 822
337 67 861
338 258 581
339 585 908
340 225 790
341 122 107
341 96 753
342 246 130
342 160 380
342 581 218
342 97 736
342 498 194
342 245 796
343 165 823
344 42 776
344 52 400
344 479 778
345 51 946
346 163 930
347 325 372
348 231 136
348 581 113
349 323 889
349 565 621
349 309 793
349 482 32
349 226 214
349 243 660
350 117 286
351 398 598
352 269 566
353 124 814
353 419 215
354 46 44
354 214 860
355 431 298
355 334 714
355 446 155
356 518 188
356 588 718
356 352 311
357 313 455
357 388 234
357 499 296
357 574 744
358 222 11
359 240 635
360 181 920
361 541 679
361 431 521
361 131 418
361 354 799
362 173 234
363 28 32
363 373 878
364 165 906
365 295 37
365 591 451
365 494 470
365 510 539
366 3 454
367 9 44
368 396 350
368 532 765
368 2 137
369 454 982
370 179 799
370 9 664
371 151 506
371 336 671
372 438 587
373 440 549
373 236 234
374 455 75
374 122 840
374 454 1
375 472 203
376 35 669
377 153 19
377 542 612
378 480 980
379 145 961
379 42 549
379 139 889
380 40 184
381 152 448
381 529 949
381 571 94
382 4 548
382 224 304
383 579 352
384 389 950
385 413 534
385 242 299
386 370 967
386 406 182
386 6 942
386 55 24
386 418 99
387 590 441
388 117 950
389 300 886
390 76 545
391 476 456
392 485 371
393 327 353
394 483 931
394 177 989
394 383 646
395 139 391
395 327 713
396 161 977
396 415 398
396 452 812
396 174 731
397 105 201
398 575 344
398 405 665
398 64 257
399 411 653
399 344 324
400 48 766
400 554 226
401 388 14
402 587 995
403 249 99
404 448 139
405 380 79
406 396 692
406 494 366
407 537 91
407 226 828
408 201 410
408 112 320
409 588 190
409 558 147
410 596 773
411 464 313
411 247 715
412 346 726
412 555 696
412 39 344
412 502 477
412 98 544
413 449 973
413 166 482
413 218 401
413 471 449
413 149 184
413 490 761
414 269 608
414 489 36
415 124 476
416 154 978
416 378 111
416 486 684
416 125 809
417 551 567
417 484 143
417 434 471
418 405 921
419 178 703
419 566 784
420 570 80
421 54 925
421 186 128
422 485 508
422 249 675
423 592 637
423 412 656
424 182 632
425 462 771
425 261 225
426 101 145
427 479 92
428 504 652
428 245 884
429 180 762
429 220 982
429 325 750
430 127 108
431 592 181
432 398 567
432 5 171
433 91 578
434 480 645
435 104 80
436 140 960
436 136 840
437 467 839
438 456 79
438 292 373
438 380 337
438 8 800
439 388 976
440 227 396
440 128 331
440 169 552
441 376 276
442 66 269
442 567 707
442 102 591
442 401 739
443 397 888
444 424 803
445 257 581
445 12 963
446 422 433
447 307 701
447 424 860
447 419 66
447 436 864
447 582 865
448 563 130
449 70 854
450 164 833
450 51 996
450 380 227
450 387 814
450 46 541
451 374 571
451 97 923
451 490 828
452 15 397
452 527 60
453 163 558
453 507 71
453 346 374
453 13 896
454 587 383
455 403 298
455 213 898
456 377 128
457 462 92
458 317 338
458 169 669
458 172 731
458 334 142
458 292 392
459 170 787
459 487 346
459 118 653
459 268 657
459 238 74
460 149 798
461 486 639
462 214 408
463 230 139
464 224 105
464 476 559
465 226 881
465 390 14
465 449 165
465 283 718
466 428 812
466 55 310
467 160 609
468 47 435
468 34 301
469 554 238
469 228 682
470 371 635
470 574 892
471 342 877
471 359 550
472 520 597
473 540 978
473 131 139
474 350 174
475 434 460
475 400 287
475 380 712
476 37 706
476 378 468
476 198 309
476 413 850
477 185 898
477 572 402
478 568 829
478 415 866
478 232 119
479 422 667
479 395 970
479 396 712
480 168 131
481 2 785
481 197 625
481 398 184
481 382 149
481 413 796
481 377 453
481 367 401
482 40 435
482 473 15
483 428 102
484 257 441
485 557 328
485 307 884
486 62 410
487 477 775
487 549 408
488 491 67
489 43 380
490 121 226
491 514 478
492 43 71
492 36 440
492 151 354
493 63 548
494 232 223
494 512 918
495 50 569
495 189 682
495 405 35
496 551 988
497 218 483
498 559 196
499 291 397
499 427 758
500 228 19
501 149 608
501 259 874
502 333 592
502 327 335
502 9 948
502 294 246
503 527 582
504 52 294
505 39 501
506 576 654
506 129 24
507 277 930
507 465 411
508 316 490
508 190 903
508 498 255
509 495 411
509 243 498
509 351 252
509 407 585
509 172 49
510 95 424
510 511 112
510 289 15
511 563 667
512 439 631
512 260 218
513 269 480
514 597 48
514 82 725
514 298 336
514 334 368
514 230 747
514 226 429
515 127 102
515 79 372
515 136 135
515 344 399
516 100 263
517 225 814
518 266 126
518 59 164
518 143 37
518 550 115
519 473 104
520 534 989
520 372 160
520 208 380
521 250 819
521 570 45
522 413 105
523 374 220
524 104 384
525 438 546
525 246 11
526 564 944
526 71 166
526 554 775
526 355 976
527 451 157
527 25 973
527 336 971
527 150 931
527 523 189
527 430 197
528 397 618
528 113 330
529 292 348
530 561 490
531 282 506
531 290 416
532 40 492
533 365 800
534 86 164
535 38 907
536 491 978
536 315 285
537 30 366
538 379 816
539 183 986
540 237 616
540 275 601
541 250 161
542 435 552
543 332 224
544 58 917
544 264 88
544 241 520
545 418 170
545 300 659
546 561 697
547 275 29
547 318 481
548 12 476
549 242 690
550 273 913
550 9 350
551 301 475
551 410 998
551 511 309
551 253 669
551 360 748
552 412 901
552 468 740
553 578 940
553 241 797
554 406 313
555 562 687
556 519 334
556 61 38
557 329 446
557 98 554
558 21 1
558 12 868
559 127 958
559 426 160
560 358 817
561 399 683
561 2 551
561 127 695
562 10 836
562 202 217
563 40 200
563 336 750
564 150 532
564 464 164
565 594 475
565 192 263
566 561 240
567 6 816
567 564 958
568 96 236
569 286 355
570 373 314
571 103 420
572 554 826
573 131 504
573 477 495
573 53 593
573 392 47
574 478 49
575 295 716
575 63 204
575 34 919
576 305 924
576 480 817
576 513 138
576 219 549
577 306 472
578 316 56
578 540 985
579 128 178
580 131 350
581 250 418
582 513 284
582 158 895
583 312 770
583 35 110
583 149 511
583 221 70
584 100 443
584 521 510
584 72 252
584 283 571
585 97 248
586 580 923
587 438 345
587 198 169
587 224 162
587 160 374
587 65 740
588 60 80
589 364 203
590 113 707
591 414 274
592 28 80
593 451 43
594 394 893
595 572 336
595 348 844
595 355 533
595 335 576
596 503 981
597 215 259
598 268 480
598 338 601
598 594 821
599 40 833
599 34 610
599 509 676
600 172 315
601 58 505
602 334 811
603 531 186
603 588 949
603 114 492
604 126 27
605 96 517
606 16 469
607 467 459
608 558 515
609 204 128
609 330 543
610 500 148
610 14 490
611 41 614
611 465 522
612 124 10
612 317 595
613 38 763
613 169 467
614 478 401
615 468 909
616 576 235
616 66 718
617 153 663
617 434 157
617 407 571
617 289 131
617 543 324
618 63 688
619 386 494
619 135 328
619 430 356
620 380 646
620 249 995
620 592 79
620 425 716
621 410 236
622 323 724
623 376 525
624 355 758
625 503 626
626 380 447
626 321 169
627 71 796
627 351 368
627 247 102
628 118 156
628 240 861
629 162 773
630 595 288
631 366 231
632 499 30
632 224 921
632 113 180
632 236 93
632 301 678
632 68 239
632 109 809
633 197 643
634 454 126
635 25 658
636 597 321
637 541 110
637 76 813
638 469 74
638 199 179
638 332 688
638 466 821
639 271 772
640 181 787
641 200 544
641 68 166
641 359 655
642 599 60
642 258 809
642 464 716
643 238 693
644 115 883
645 35 702
646 384 382
646 290 984
646 460 645
646 2 735
646 179 844
646 99 558
646 484 973
647 560 926
648 119 264
648 491 386
648 60 484
648 482 415
649 529 45
650 436 171
650 233 492
650 588 80
650 526 30
650 57 93
650 383 701
650 210 981
651 34 249
651 255 211
651 332 415
651 593 473
651 587 278
652 321 136
652 523 749
653 549 468
654 75 430
655 88 603
655 363 387
655 180 798
656 566 779
656 86 808
656 314 89
657 118 53
658 332 99
658 280 327
658 34 964
658 300 516
658 546 174
658 380 547
658 426 802
659 486 80
660 245 701
660 354 547
661 540 706
662 176 307
662 302 89
662 59 485
662 158 710
662 243 133
662 423 790
662 371 366
662 311 173
662 369 886
663 311 845
663 26 56
664 411 862
664 198 386
665 449 517
666 506 371
666 349 448
666 430 475
666 2 245
666 320 418
667 547 281
668 213 883
668 173 557
668 225 143
669 441 411
669 437 963
669 355 873
670 117 893
670 590 77
670 408 967
670 68 808
671 330 966
672 384 126
672 570 91
673 492 342
674 57 685
674 441 827
675 375 193
676 341 729
676 204 441
676 327 972
677 145 619
677 443 569
678 107 342
679 265 482
680 153 719
681 316 329
681 120 611
682 345 963
683 83 348
683 464 36
684 318 391
684 97 282
685 158 762
686 563 983
687 118 827
688 488 693
689 421 685
689 215 925
690 243 772
691 506 905
691 310 819
692 125 677
693 440 102
694 482 169
694 434 770
694 152 848
695 412 638
695 186 881
695 29 829
695 67 934
695 315 59
696 496 332
696 402 157
697 300 538
697 407 319
697 454 200
697 272 525
697 195 96
698 346 622
699 106 16
700 166 813
700 65 447
701 407 899
701 532 247
702 344 38
702 287 71
703 557 280
704 39 219
705 23 653
706 459 652
706 341 80
707 164 838
707 565 908
708 329 483
708 474 501
708 169 22
708 567 308
708 82 2
708 98 601
708 364 3
708 409 267
708 411 392
709 143 668
709 144 207
709 301 241
710 330 341
710 308 32
710 432 94
710 495 501
710 173 299
710 301 64
711 78 489
711 317 233
712 428 225
713 401 840
713 353 789
713 388 643
713 97 236
714 276 630
715 420 346
716 175 66
717 119 940
717 206 539
718 372 961
719 573 756
720 173 832
720 28 55
721 531 256
722 587 500
722 378 457
723 112 417
724 428 613
725 559 254
725 81 608
726 131 115
727 309 90
728 202 628
728 142 119
729 271 203
730 107 401
730 221 870
731 491 225
731 74 33
731 192 987
732 552 285
733 72 887
733 455 245
734 169 684
734 507 613
735 462 83
735 135 726
736 77 857
737 490 578
737 20 762
738 556 528
738 504 425
739 126 866
740 206 506
741 195 956
741 519 366
742 254 388
742 49 956
743 317 486
743 332 77
743 306 667
744 486 148
745 543 631
746 473 544
747 380 624
748 50 731
749 208 591
750 574 236
750 340 773
751 211 363
752 512 922
753 137 67
754 340 10
754 495 915
754 447 73
755 266 665
756 258 362
756 119 158
756 500 724
756 273 727
757 229 402
758 362 557
758 542 927
758 212 727
758 365 520
759 568 251
760 229 167
760 59 29
761 388 661
761 126 792
761 194 331
762 40 68
763 379 652
763 564 531
764 72 28
764 48 213
765 139 31
765 144 789
766 162 713
767 84 290
768 41 832
769 146 162
770 471 375
770 522 792
771 141 329
772 34 41
773 557 440
773 160 474
773 125 776
773 556 245
774 188 319
775 476 618
776 520 158
777 206 924
778 399 975
778 191 828
779 353 698
779 253 539
779 17 328
779 243 584
780 572 137
780 400 152
780 437 400
780 26 71
780 301 867
781 426 650
782 318 512
783 84 876
784 153 196
784 129 819
785 112 661
785 93 415
786 34 415
786 180 71
787 395 192
787 390 877
788 200 288
788 237 239
789 329 35
790 183 670
790 510 894
790 546 11
790 89 250
790 415 698
791 148 339
791 272 298
791 185 202
791 125 758
791 239 957
791 220 248
792 319 425
793 197 281
793 93 40
794 351 559
794 473 590
795 255 574
795 391 582
796 563 561
796 138 317
797 356 34
798 115 984
799 13 746
800 427 425
801 596 143
802 448 366
802 148 394
803 527 407
804 200 931
805 64 218
805 398 463
805 488 528
806 95 73
806 409 322
807 598 919
808 154 355
808 306 883
809 595 18
810 22 621
810 165 386
811 27 892
812 207 108
813 543 315
814 364 671
814 53 605
814 133 595
815 64 79
816 209 299
816 198 68
816 513 889
817 434 801
818 494 857
819 297 654
820 405 377
821 59 660
821 273 526
821 351 603
822 31 95
822 98 221
823 265 474
823 435 87
823 223 973
823 7 515
823 585 912
824 385 337
825 410 434
826 525 973
827 280 250
827 67 69
828 266 773
829 462 418
830 242 890
830 499 676
831 94 319
831 211 199
831 201 575
832 38 778
833 8 895
834 60 454
834 219 257
835 241 641
836 190 847
837 542 366
838 558 296
838 138 276
838 27 541
839 108 430
839 301 983
839 87 9
840 472 619
840 174 374
840 283 985
840 420 877
840 526 856
840 520 147
841 98 767
842 104 266
842 334 805
842 375 172
843 199 240
844 48 870
845 107 941
845 269 26
846 23 571
846 151 122
847 13 295
847 21 418
847 39 104
847 425 77
848 575 751
848 199 608
848 377 934
848 213 188
849 156 257
850 295 124
850 361 632
850 101 521
850 133 861
851 361 857
851 543 919
851 410 502
852 495 268
852 198 683
852 142 451
853 246 707
854 381 71
855 130 61
855 364 244
856 497 449
857 60 919
858 570 186
858 20 379
858 370 158
859 18 958
860 247 24
861 321 349
861 584 438
862 583 467
863 50 950
864 28 228
865 70 541
866 239 738
867 372 667
868 40 375
868 382 318
868 480 757
868 307 440
868 295 798
868 561 268
869 389 274
869 101 230
869 562 165
869 120 216
870 381 817
870 90 929
871 454 957
871 556 92
872 457 531
873 322 945
874 303 757
874 554 414
874 55 197
875 462 782
876 99 91
877 353 816
877 227 967
877 501 429
877 131 929
877 271 849
878 418 615
879 553 345
880 171 118
880 205 91
880 559 111
880 324 363
880 362 148
880 17 929
880 6 867
881 375 320
881 79 58
882 243 921
883 302 490
884 407 200
885 55 941
885 276 634
886 70 430
886 166 103
886 408 621
887 570 37
888 457 635
889 384 63
890 34 966
891 451 930
891 277 957
891 235 466
892 302 326
893 50 1
893 524 410
894 7 994
895 469 554
896 559 839
896 374 650
896 394 361
897 324 382
897 598 318
897 278 261
897 290 983
897 94 313
898 556 560
899 356 505
899 360 95
899 244 371
899 480 485
900 44 760
900 120 16
901 103 143
902 454 449
902 468 509
903 574 988
903 535 178
903 550 93
904 354 153
905 354 618
906 267 178
907 167 771
907 332 508
907 501 146
907 344 963
907 275 527
908 214 373
909 487 348
909 283 877
910 393 874
911 468 183
912 102 409
913 484 366
913 13 631
914 257 934
915 111 7
916 338 228
916 170 729
916 157 258
917 223 737
918 1 301
919 64 222
920 54 779
920 593 900
920 470 3
920 253 216
921 577 255
921 463 841
921 311 909
921 130 198
921 183 165
922 249 688
922 208 672
922 301 33
922 311 242
922 89 5
922 359 763
923 546 726
923 8 765
923 29 296
924 576 512
925 582 21
925 347 768
925 412 405
926 501 623
927 554 321
927 596 918
927 99 512
927 95 316
927 404 296
927 281 245
928 468 64
929 10 774
930 558 925
931 520 74
931 112 460
932 240 275
932 121 657
932 448 14
933 378 592
934 40 252
934 475 541
935 81 898
936 474 86
936 282 184
937 305 761
938 410 94
939 259 987
939 237 633
940 559 836
941 309 934
942 481 888
943 356 934
944 544 959
944 97 620
944 337 184
945 479 341
945 440 978
946 555 801
947 61 495
947 504 704
948 356 52
948 309 915
949 279 967
949 447 587
950 374 207
951 494 165
951 540 245
952 140 897
952 471 822
953 558 724
953 498 668
953 563 570
953 201 372
954 27 864
955 398 518
956 102 843
957 570 65
957 485 990
957 596 16
957 287 780
958 331 681
959 462 740
960 231 60
961 229 276
962 50 86
962 455 870
962 337 139
963 396 583
964 3 836
965 393 644
966 574 566
966 444 876
967 551 396
968 139 180
968 544 85
968 417 225
968 37 242
968 287 755
969 593 339
969 253 860
969 366 530
969 258 998
970 52 443
970 436 443
971 109 667
971 551 150
971 398 702
971 356 387
971 184 969
971 494 291
972 381 477
973 597 564
974 143 234
974 295 865
974 362 819
975 20 729
975 325 765
975 291 265
975 373 684
976 127 235
977 91 254
977 217 781
978 394 746
978 174 821
979 109 151
979 4 826
979 113 838
980 90 657
980 487 845
980 474 722
980 190 577
980 570 837
980 96 586
981 424 672
982 74 441
983 60 34
984 312 183
985 322 48
985 477 966
986 186 528
987 98 463
988 213 717
988 588 846
988 34 501
989 333 350
990 267 983
991 159 970
991 290 109
992 559 763
992 446 131
993 344 577
994 69 61
994 560 465
995 447 1000
996 203 554
997 580 549
998 394 693
998 130 955
998 531 30
999 530 17
999 360 996
999 184 72
999 353 632
999 389 110
1000 93 193
1001 215 157
1002 189 558
1002 253 694
1002 154 68
1003 69 479
1004 458 160
1005 487 393
1005 477 246
1005 48 453
1006 468 849
1006 186 286
1007 337 646
1008 303 935
1008 400 611
1008 397 810
1009 555 67
1010 191 435
1011 150 984
1012 483 982
1012 110 396
1013 233 71
1013 397 926
1014 258 956
1015 84 174
1015 52 998
1016 111 541
1017 117 458
1018 160 980
1019 281 231
1020 6 457
1020 281 41
1020 372 496
1020 51 259
1021 213 801
1021 46 263
1021 538 288
1021 139 344
1022 86 738
1022 53 583
1022 367 364
1022 339 328
1022 53 571
1023 157 392
1024 487 174
1024 147 762
1024 234 161
1024 291 289
1024 271 63
1025 374 451
1026 36 920
1026 105 883
1026 509 136
1027 253 114
1027 332 26
1028 98 515
1028 515 701
1029 418 647
1029 492 363
1030 288 149
1030 423 152
1031 470 706
1032 299 674
1032 111 848
1032 144 731
1032 281 180
1032 172 565
1032 318 626
1033 266 366
1034 94 166
1034 323 931
1035 402 168
1036 278 701
1037 21 785
1038 370 519
1039 600 467
1040 452 96
1041 83 875
1042 577 342
1043 544 154
1043 578 352
1044 4 646
1044 422 517
1045 580 998
1045 336 47
1045 93 330
1045 367 33
1045 419 559
1046 579 507
1047 544 584
1048 464 813
1049 57 665
1049 448 17
1050 191 15
1051 46 253
1051 563 612
1052 116 905
1053 142 346
1053 573 697
1053 95 152
1053 591 611
1054 527 75
1054 497 365
1055 498 499
1055 499 186
1056 571 701
1056 84 784
1057 14 415
1057 441 321
1057 525 253
1058 570 58
1058 391 902
1059 531 167
1060 5 502
1061 38 571
1062 445 625
1063 262 497
1063 104 573
1063 563 530
1063 374 171
1064 149 808
1065 510 388
1066 104 208
1067 141 980
1067 491 233
1067 553 700
1067 505 657
1067 561 910
1068 386 965
1068 204 943
1068 314 594
1069 326 978
1070 363 432
1070 353 865
1070 554 58
1071 14 375
1072 546 988
1073 290 321
1074 514 129
1075 3 199
1076 29 745
1076 259 204
1076 6 493
1076 465 753
1077 479 82
1078 398 17
1079 510 4
1079 254 35
1080 331 815
1081 125 324
1081 499 214
1081 580 712
1082 70 192
1083 273 820
1083 18 244
1084 448 884
1085 469 795
1085 111 920
1086 493 941
1086 572 495
1086 435 702
1086 439 908
1087 190 815
1087 249 887
1087 49 981
1088 416 42
1089 593 987
1089 170 214
1089 314 370
1089 271 198
1090 77 194
1091 588 396
1091 541 729
1092 253 404
1093 243 533
1094 86 627
1095 64 982
1096 340 497
1097 84 644
1097 168 843
1097 328 826
1098 15 441
1099 238 628
1100 185 632
1100 283 324
1101 310 836
1102 369 484
1103 253 916
1104 580 132
1104 459 748
1105 114 446
1106 316 948
1106 494 107
1106 456 472
1107 570 719
1108 197 105
1108 380 696
1109 464 804
1110 322 901
1110 275 790
1111 532 301
1111 443 346
1111 99 637
1111 237 230
1111 310 940
1112 207 338
1113 515 730
1114 349 388
1114 382 897
1115 548 18
1116 425 181
1117 419 829
1117 460 282
1117 479 748
1117 386 365
1118 5 951
1119 145 934
1120 301 733
1120 565 930
1120 241 93
1120 514 513
1120 132 533
1120 291 616
1120 51 232
1120 382 709
1121 530 276
1122 55 183
1122 201 450
1122 535 550
1122 117 227
1123 404 850
1123 324 682
1124 581 346
1125 38 449
1125 408 236
1126 255 694
1126 120 840
1127 474 2
1127 55 763
1128 580 583
1128 388 566
1129 28 572
1129 424 913
1130 521 764
1130 395 687
1130 261 280
1130 36 708
1131 203 33
1131 159 323
1131 227 432
1131 166 809
1131 405 805
1131 451 363
1131 593 584
1131 61 112
1132 164 853
1133 275 880
1133 304 289
1134 29 351
1134 414 869
1134 338 400
1134 470 715
1134 286 483
1135 589 791
1136 172 341
1136 298 874
1136 228 30
1136 48 216
1137 455 227
1137 593 349
1138 524 290
1138 95 698
1138 180 964
1139 561 857
1140 271 584
1140 263 992
1141 544 145
1142 231 341
1143 293 27
1144 389 891
1145 552 238
1146 590 295
1147 491 983
1147 94 605
1148 508 867
1148 390 174
1149 241 302
1150 485 559
1150 458 68
1150 379 969
1151 558 208
1151 142 21
1152 63 80
1153 596 907
1153 552 248
1153 272 447
1154 274 59
1154 465 575
1154 508 127
1154 473 541
1155 477 307
1156 509 84
1156 397 380
1157 79 938
1157 594 887
1158 291 32
1159 341 874
1159 351 454
1159 529 703
1159 198 20
1160 275 852
1160 378 916
1160 321 852
1161 293 375
1161 362 576
1162 405 445
1163 310 134
1164 208 276
1164 283 162
1165 88 484
1166 101 456
1167 360 819
1168 170 337
1168 297 949
1168 134 292
1169 89 602
1170 221 133
1171 98 560
1171 75 824
1172 502 735
1172 326 835
1173 160 231
1174 240 339
1174 192 232
1174 482 65
1175 420 395
1175 511 701
1176 107 248
1177 30 959
1177 505 770
1178 321 212
1179 111 455
1179 430 633
1180 50 252
1180 156 637
1180 301 707
1181 209 281
1182 153 508
1183 198 477
1184 512 310
1184 421 219
1185 502 138
1186 213 564
1187 294 874
1188 237 472
1189 299 313
1190 119 706
1190 62 352
1191 258 997
1192 16 611
1192 171 613
1193 374 762
1193 557 926
1194 252 522
1195 485 692
1195 275 183
1195 355 269
1196 546 720
1197 156 691
1197 430 800
1197 200 207
1197 398 888
1198 148 24
1198 26 555
1198 350 846
1199 268 205
1200 96 588
1201 450 174
1201 532 446
1201 2 45
1201 89 847
1201 68 338
1202 200 357
1203 108 436
1204 384 906
1205 202 985
1206 64 731
1206 594 476
1207 507 780
1207 107 508
1208 371 222
1209 398 344
1210 538 989
1211 342 765
1211 523 100
1211 579 548
1212 85 485
1213 282 687
1213 92 719
1213 62 472
1214 599 475
1214 467 669
1215 59 612
1215 163 287
1215 169 468
1216 40 207
1217 476 187
1218 483 222
1218 454 129
1219 558 958
1219 143 685
1219 358 474
1220 86 762
1221 513 36
1221 92 472
1221 600 785
1221 559 498
1222 554 771
1223 382 124
1223 509 85
1224 127 848
1224 97 253
1225 277 913
1225 143 566
1225 2 46
1225 140 695
1225 298 969
1226 318 962
1227 363 116
1227 250 715
1227 84 277
1227 427 535
1227 392 998
1228 470 714
1228 561 227
1229 49 660
1229 480 812
1230 190 886
1230 248 343
1230 31 879
1230 249 384
1230 65 746
1230 82 704
1231 15 601
1231 475 995
1231 231 925
1232 437 643
1232 518 574
1233 352 68
1233 312 29
1233 548 490
1233 445 563
1234 165 818
1234 173 763
1234 324 618
1235 381 583
1235 174 405
1236 70 499
1236 150 529
1237 525 356
1238 187 936
1238 253 949
1239 12 903
1239 387 592
1240 310 555
1241 43 896
1242 10 505
1243 589 957
1243 412 290
1244 22 511
1245 126 773
1245 434 418
1245 117 995
1245 112 890
1246 17 518
1246 285 39
1246 199 238
1246 319 948
1246 421 621
1246 84 114
1247 264 213
1248 312 473
1248 401 835
1248 476 128
1249 411 777
1250 78 15
1251 590 180
1252 538 848
1252 468 525
1253 394 686
1253 490 90
1254 16 601
1254 595 462
1255 365 333
1256 340 739
1257 219 326
1257 18 122
1257 114 943
1258 350 595
1258 473 481
1258 501 936
1258 542 164
1258 257 700
1258 73 339
1258 333 248
1259 197 532
1259 12 674
1260 439 214
1261 594 807
1261 442 36
1262 512 763
1262 332 630
1263 559 356
1264 502 729
1264 149 124
1264 125 789
1264 578 151
1265 470 619
1266 212 828
1266 283 525
1267 400 737
1268 252 691
1268 452 845
1269 507 804
1269 91 755
1270 94 637
1270 385 971
1270 459 623
1270 566 195
1271 108 413
1271 370 518
1271 102 713
1271 446 127
1271 329 387
1271 27 588
1271 184 307
1272 256 139
1272 484 191
1273 494 118
1274 301 12
1274 402 313
1274 134 60
1275 401 852
1275 112 754
1275 214 946
1275 19 714
1275 218 762
1275 356 211
1276 262 162
1276 566 345
1277 227 734
1277 472 978
1278 82 958
1279 450 568
1280 301 129
1280 445 147
1280 529 135
1280 504 403
1280 417 919
1280 312 938
1281 226 72
1282 571 612
1282 187 320
1283 355 951
1284 448 96
1284 85 281
1284 167 171
1285 446 7
1285 276 1
1286 341 819
1286 597 656
1287 315 717
1287 24 959
1288 269 185
1289 491 375
1289 97 942
1290 265 627
1291 210 440
1291 500 669
1292 574 243
1293 247 322
1294 265 599
1295 39 530
1296 572 154
1296 572 339
1297 312 278
1298 396 367
1299 559 329
1300 309 592
1301 249 793
1302 377 586
1302 184 516
1302 511 346
1302 27 138
1302 241 667
1302 328 727
1302 490 707
1302 372 486
1303 274 238
1304 465 377
1305 62 787
1306 529 674
1306 234 147
1307 73 245
1307 311 792
1308 338 815
1309 218 482
1309 265 635
1309 580 286
1309 67 540
1310 142 968
1310 532 109
1311 106 466
1311 51 76
1312 11 355
1312 314 289
1313 329 631
1313 31 224
1314 563 779
1314 279 225
1315 596 53
1315 472 534
1316 564 960
1316 277 325
1316 168 84
1317 539 998
1317 595 793
1318 265 290
1319 363 828
1320 509 8
1320 571 489
1320 202 363
1320 207 740
1320 226 737
1320 259 713
1320 487 94
1321 328 812
1322 118 965
1322 18 61
1323 413 827
1324 592 514
1325 404 685
1326 104 639
1327 571 674
1327 161 49
1327 248 453
1328 535 755
1329 293 536
1329 79 549
1329 193 271
1329 160 255
1329 319 667
1329 313 260
1330 552 885
1330 78 403
1331 454 921
1331 463 598
1331 528 280
1331 439 836
1332 361 676
1333 11 474
1333 576 274
1334 475 220
1335 286 996
1335 569 463
1336 258 704
1337 69 240
1338 439 985
1339 325 686
1339 579 25
1339 127 768
1339 248 429
1340 199 436
1340 17 277
1341 18 59
1342 474 56
1342 13 372
1342 131 269
1343 507 339
1344 469 492
1344 351 281
1345 398 395
1346 452 952
1347 38 446
1347 478 285
1348 440 7
1348 252 275
1348 360 149
1349 231 217
1349 157 995
1350 420 344
1350 381 526
1350 578 798
1350 233 557
1351 182 668
1351 4 325
1351 298 641
1351 128 240
1352 14 313
1353 522 655
1353 274 580
1354 171 780
1355 560 789
1355 461 32
1356 375 134
1357 55 301
1358 529 725
1358 426 504
1359 392 88
1359 468 457
1360 199 436
1360 354 1
1361 152 351
1361 382 473
1362 569 26
1363 568 293
1364 309 995
1365 13 985
1366 223 478
1366 47 402
1367 544 383
1367 543 987
1367 508 658
1368 361 956
1369 559 531
1370 315 408
1371 370 470
1372 559 43
1373 94 93
1373 325 550
1373 501 805
1373 431 93
1374 1 909
1375 249 761
1375 53 76
1376 155 317
1376 364 886
1377 566 587
1378 543 913
1378 125 395
1378 288 158
1378 231 192
1378 372 72
1379 178 196
1379 154 396
1380 585 854
1381 361 235
1382 425 886
1382 205 912
1382 467 935
1383 33 593
1384 360 993
1385 35 654
1386 488 633
1386 373 54
1386 113 600
1386 435 28
1387 27 109
1388 272 80
1389 548 178
1390 321 988
1391 334 851
1392 481 256
1392 26 350
1392 173 524
1393 340 584
1394 128 691
1395 464 83
1396 217 108
1396 541 432
1397 185 334
1398 277 859
1398 97 857
1399 131 694
1399 136 266
1399 566 383
1399 25 840
1400 531 984
1401 306 74
1401 533 667
1401 104 340
1401 42 100
1402 248 794
1403 304 888
1404 414 640
1405 15 682
1406 149 311
1407 65 701
1407 97 680
1407 13 103
1408 379 676
1409 231 9
1410 308 577
1410 301 999
1411 79 585
1412 551 102
1412 116 866
1413 371 203
1413 594 91
1414 553 191
1415 176 651
1416 585 945
1416 450 379
1416 118 156
1416 200 262
1416 9 679
1416 288 121
1416 344 75
1416 412 190
1416 333 301
1416 293 940
1416 546 770
1416 24 767
1417 482 99
1418 204 364
1418 185 966
1418 504 457
1418 591 458
1419 572 602
1419 97 82
1419 298 232
1419 415 917
1420 150 901
1421 359 108
1422 26 368
1423 171 878
1423 483 546
1424 506 984
1424 89 35
1425 280 597
1425 25 987
1426 51 454
1426 414 647
1426 481 309
1427 134 775
1428 82 830
1428 278 290
1428 263 773
1429 110 415
1429 126 879
1429 574 202
1429 177 500
1429 451 676
1429 312 375
1430 30 848
1431 472 325
1431 396 393
1431 90 918
1432 9 979
1432 470 488
1432 565 526
1433 451 64
1433 338 723
1433 558 678
1433 412 381
1434 6 379
1435 328 994
1436 444 804
1436 514 159
1437 320 106
1437 520 577
1437 571 674
1437 11 386
1437 400 104
1437 596 160
1437 339 563
1438 396 50
1439 491 629
1439 78 328
1440 478 484
1441 227 241
1441 576 29
1442 226 813
1442 430 782
1442 566 913
1442 211 707
1443 106 603
1444 466 860
1444 403 575
1445 456 687
1446 134 77
1447 443 73
1447 234 497
1448 566 193
1449 220 738
1450 51 218
1451 44 898
1451 513 223
1451 210 191
1452 108 121
1453 478 201
1453 372 634
1453 455 281
1454 554 120
1454 111 590
1454 232 670
1455 243 884
1455 461 903
1456 257 993
1457 116 193
1458 160 609
1459 294 614
1460 285 749
1460 370 309
1461 84 796
1461 381 887
1461 142 705
1461 495 84
1462 387 536
1463 433 773
1464 70 319
1464 578 250
1464 585 170
1464 506 976
1465 356 272
1466 522 353
1467 437 546
1467 521 369
1468 475 5
1469 33 248
1469 474 55
1469 292 521
1470 522 322
1470 336 716
1471 308 809
1472 571 71
1472 119 867
1473 568 485
1474 359 521
1474 98 585
1474 329 493
1474 215 542
1475 335 148
1475 451 671
1475 483 422
1475 489 831
1475 583 345
1476 495 573
1476 530 478
1477 343 238
1477 34 420
1477 100 726
1478 85 311
1478 160 683
1478 169 821
1478 385 52
1479 468 573
1480 107 697
1481 394 502
1481 222 367
1481 424 676
1482 552 73
1482 419 929
1483 580 194
1484 135 349
1485 562 474
1485 28 341
1486 128 544
1486 219 82
1486 269 109
1487 6 20
1488 584 886
1488 518 616
1488 389 946
1489 379 1
1490 52 594
1490 236 409
1491 474 21
1491 95 197
1492 275 981
1492 311 454
1492 91 310
1493 556 226
1494 416 410
1494 542 959
1495 68 838
1496 502 650
1497 192 693
1497 529 260
1497 226 44
1498 481 24
1498 193 630
1499 252 494
1500 280 992
1501 164 426
1501 408 989
1501 507 697
1502 246 27
1502 86 612
1503 476 363
1504 433 137
1505 357 789
1505 222 372
1505 251 77
1505 311 988
1506 301 363
1507 372 358
1507 24 337
1507 578 513
1508 29 192
1509 151 733
1509 506 593
1510 177 734
1510 500 261
1511 254 489
1512 599 446
1513 382 905
1513 112 966
1513 551 627
1514 371 230
1515 497 709
1516 47 290
1517 481 854
1517 132 518
1517 218 320
1517 371 127
1518 467 857
1518 233 338
1518 414 805
1519 432 756
1520 155 939
1521 542 892
1521 570 867
1522 216 143
1523 500 871
1523 16 697
1523 286 191
1523 564 554
1524 177 184
1524 139 688
1525 280 505
1525 115 265
1525 180 956
1525 505 870
1526 478 970
1527 531 929
1528 595 257
1528 363 352
1528 397 282
1529 402 638
1529 224 181
1530 85 974
1530 27 234
1531 413 840
1532 172 413
1532 96 597
1532 409 17
1532 53 401
1533 450 983
1533 366 179
1534 496 130
1534 267 772
1535 358 243
