600 1000 50 10 3000
94 51
85 41
32 29
3 88
90 89
27 39
65 0
97 41
20 59
38 49
30 91
92 28
19 16
47 84
90 74
95 37
77 80
78 9
61 81
97 51
71 76
90 36
77 39
30 49
98 68
98 81
11 42
9 82
10 56
67 53
82 62
90 59
94 68
20 55
1 17
6 24
93 48
61 22
87 43
71 37
63 21
18 74
16 79
57 26
87 76
79 69
90 69
80 84
89 0
91 91
17 97
15 63
97 28
85 36
71 9
73 34
82 44
61 98
23 70
25 11
46 4
32 88
26 13
72 15
13 63
6 83
12 74
46 61
2 83
97 26
44 22
12 27
18 73
25 42
43 2
5 41
59 89
29 85
2 53
52 68
68 11
3 32
85 1
93 39
36 42
65 81
65 78
8 83
3 85
77 99
88 34
40 47
24 70
84 26
75 36
46 44
47 49
76 84
50 70
24 87
12 41
20 29
71 80
65 75
65 42
74 5
77 66
4 1
88 88
79 64
77 78
8 24
27 36
9 30
6 85
69 71
26 41
52 98
21 17
25 38
60 99
44 89
17 0
42 6
89 73
70 18
51 30
42 31
66 3
13 25
40 34
96 67
75 0
17 96
18 42
86 30
93 82
71 10
83 13
16 24
38 86
42 90
16 36
73 35
92 86
60 32
20 8
51 47
8 68
95 26
62 81
8 55
64 79
18 47
44 34
71 83
73 65
73 41
1 98
76 93
84 36
78 56
44 29
3 5
50 98
31 12
31 92
20 95
71 38
94 16
24 65
51 97
82 76
91 84
74 19
29 58
8 7
66 4
37 69
9 87
19 41
51 50
85 23
46 56
61 92
24 86
10 75
35 92
51 78
76 77
98 6
35 6
65 1
10 2
22 72
41 93
65 45
44 50
68 42
6 82
34 83
20 44
58 7
37 62
86 65
39 36
23 27
94 89
80 56
43 55
28 37
48 93
34 44
86 2
84 73
85 56
69 95
64 58
9 50
24 1
38 99
28 32
40 60
40 36
15 69
25 16
14 59
60 58
13 47
60 50
72 97
6 41
44 70
0 54
72 76
55 62
27 35
46 68
47 87
56 63
8 81
31 22
92 91
80 57
90 92
7 62
89 66
56 34
88 56
40 13
84 47
75 11
82 22
31 29
61 87
44 69
20 75
91 64
19 72
22 9
16 29
24 58
95 80
44 36
88 84
49 24
31 24
35 65
98 19
46 59
58 91
28 79
18 20
95 89
44 17
99 12
99 75
70 46
55 66
82 95
50 31
19 33
56 6
50 6
25 97
66 84
40 94
15 58
66 10
48 62
80 99
75 79
74 97
25 81
64 60
28 66
91 99
0 99
5 50
47 24
19 39
70 86
98 37
48 98
51 28
49 26
7 23
76 85
56 40
45 84
6 88
83 58
88 40
61 46
23 60
70 42
0 40
28 50
29 77
48 81
57 97
59 17
72 87
2 28
27 99
64 86
87 99
96 27
39 57
25 63
18 95
57 18
88 38
20 17
67 68
50 24
17 62
41 41
49 95
21 29
94 85
15 34
84 11
13 75
21 39
38 39
86 48
9 74
86 29
44 53
49 46
77 18
60 71
59 10
66 80
91 13
17 58
99 53
21 12
28 42
3 67
33 90
67 94
16 53
75 60
58 76
7 35
94 19
58 5
29 25
85 72
38 54
30 89
7 52
1 36
46 57
55 80
47 22
74 63
75 50
76 33
26 35
20 73
54 79
78 36
56 16
8 46
22 39
35 30
91 88
66 37
45 73
69 44
95 96
8 22
46 36
7 24
71 79
49 25
58 80
61 66
96 70
12 18
61 47
0 4
88 18
93 33
91 63
78 86
59 38
60 57
74 67
33 45
47 35
22 57
15 36
24 63
6 36
33 19
36 34
23 24
52 16
57 44
31 87
82 42
77 43
51 51
10 85
48 57
20 71
67 87
7 91
50 65
27 83
36 63
17 59
39 22
27 49
66 11
36 48
53 14
43 5
17 54
42 66
63 14
89 30
1 48
73 51
34 1
16 4
12 8
26 91
2 45
44 8
11 88
65 29
42 7
47 57
73 88
40 74
88 13
77 53
66 63
6 35
67 18
43 45
9 52
89 64
97 34
72 9
22 89
90 16
48 89
25 21
29 17
47 17
70 49
87 28
36 7
46 31
52 7
83 94
71 33
28 95
94 2
36 36
70 84
25 95
5 6
13 52
23 96
28 45
97 68
75 71
65 79
78 1
73 2
34 53
49 28
7 86
64 77
22 41
25 28
47 90
32 70
86 13
67 35
81 40
69 56
11 87
87 41
43 74
66 45
2 26
31 18
3 53
59 80
33 58
80 8
31 47
44 64
87 65
72 50
4 59
91 92
66 91
32 20
17 15
38 72
20 49
5 54
59 75
24 39
36 55
86 32
71 25
49 43
27 54
2 71
98 27
58 17
37 35
57 28
59 77
29 64
83 89
92 7
28 28
14 67
12 85
92 61
28 72
67 83
43 66
10 1
83 28
95 72
15 52
0 26
81 30
91 65
19 35
24 99
15 91
66 27
76 11
40 57
83 8
40 26
26 2
79 9
30 74
81 97
78 34
23 59
16 66
76 87
1 1
86 16
92 5
95 20
77 51
96 69
29 74
71 8
35 53
34 68
2 12
2 78
23 18
44 0
5 98
53 44
49 62
17 17
50 47
68 98
16 97
72 40
57 59
45 91
27 48
3 82
78 78
0 22
78 58
72 31
54 39
28 3
1 46
20 3
45 40
1 13
37 25
53 94
84 51
37 11
51 92
93 29
3 49
56 76
32 10
15 13
65 68
59 37
71 56
77 24
69 66
49 75
60 85
26 49
96 77
41 42
58 11
88 61
60 96
37 45
6 4
58 71
24 69
60 47
25 37
23 94
3 24
69 15
9 47
24 57
0 82
68 40
96 81
36 85
26 94
42 36
17 66
5 77
66 82
66 89
76 21
14 98
88 23
45 4
81 22
61 33
56 29
25 52
62 61
38 40
7 80
76 24
53 64
63 71
6 92
92 20
90 80
95 87
84 29
9 45
14 18
27 40
70 89
53 60
30 61
92 6
37 91
40 43
7 55
14 13
99 7
33 41
39 81
29 24
10 90
21 24
8 48
16 31
90 70
91 20
83 84
78 20
75 70
78 30
48 77
89 33
19 28
14 0
52 76
53 51
74 69
82 64
39 73
36 22
9 67
95 36
37 10
71 15
92 19
93 81
52 64
10 19
64 14
95 54
40 48
57 15
70 39
31 61
35 31
63 24
93 86
40 86
5 85
19 9
49 81
80 13
96 76
19 36
3 46
68 35
55 44
12 90
27 75
14 72
61 6
58 18
91 30
79 92
11 60
88 29
48 16
58 3
15 26
38 75
12 45
19 76
35 98
51 2
70 64
60 81
82 4
63 13
96 74
73 6
86 61
87 86
78 45
89 93
23 80
68 87
25 39
89 14
67 59
30 27
92 64
83 55
78 32
82 51
38 68
65 25
6 95
22 95
40 45
27 60
33 5
51 96
18 40
63 37
51 93
16 44
58 0
99 88
32 33
53 56
47 59
51 21
7 43
66 34
3 51
39 54
0 9
94 15
46 46
8 15
42 18
15 41
6 47
75 98
69 28
6 68
40 58
41 47
53 59
81 57
11 73
11 11
82 58
26 81
56 86
96 98
57 11
91 15
10 18
65 31
99 72
51 39
82 92
86 35
51 19
92 14
92 56
77 27
66 55
60 22
94 56
20 51
19 11
18 81
30 84
12 29
68 90
59 6
77 62
25 22
77 70
78 6
97 44
62 9
66 56
65 38
59 36
49 29
17 31
60 73
48 80
15 7
86 93
21 64
67 50
86 45
57 35
41 71
44 59
97 90
45 98
19 14
30 37
95 42
62 43
23 30
2 61
75 23
77 42
87 83
98 80
54 42
91 33
51 88
23 48
38 94
62 68
83 9
63 46
4 86
76 6
99 51
82 77
93 8
40 32
91 39
64 45
33 55
95 5
85 33
51 0
54 35
61 17
33 66
55 9
24 6
12 6
83 57
14 76
41 57
67 5
54 0
12 84
37 7
41 75
92 45
27 46
80 88
6 70
74 31
77 38
89 12
95 56
88 36
13 55
93 68
8 5
4 45
64 98
72 56
43 99
3 75
88 94
41 14
52 67
82 99
23 71
87 88
78 80
8 86
37 13
84 53
11 8
9 6
8 64
81 48
35 21
94 76
35 72
98 39
91 80
38 66
3 25
20 46
28 56
99 91
65 8
97 25
25 78
73 60
99 19
88 86
91 86
25 34
18 15
52 22
92 59
56 49
74 76
47 54
85 46
45 2
6 42
27 31
72 52
43 23
71 31
9 15
69 86
1 88
1 54
62 45
13 18
46 39
46 93
93 31
39 38
32 12
29 56
64 72
79 88
55 77
26 56
17 79
10 79
24 75
97 70
14 44
63 59
49 61
99 33
25 80
89 42
53 20
30 9
93 56
17 4
35 41
31 85
63 98
29 78
57 56
32 7
69 84
64 82
89 69
30 63
8 69
25 19
57 60
12 89
97 76
87 26
54 44
35 39
3 56
23 44
3 87
26 44
9 28
15 39
43 75
8 45
77 33
16 34
46 28
23 43
4 62
22 11
7 9
50 10
6 21
64 32
65 73
13 33
13 56
60 21
53 37
55 69
24 53
98 47
96 54
10 70
17 69
79 67
31 97
44 38
18 9
22 35
82 87
17 49
70 24
71 94
77 21
94 25
75 4
96 45
25 27
64 56
24 9
46 94
18 69
82 0
8 54
96 4
6 58
89 77
52 18
98 46
43 25
2 91
70 27
71 35
36 47
96 82
42 14
3 76
66 12
30 62
16 18
79 22
76 68
75 34
27 29
57 48
84 45
96 80
27 38
43 96
14 7
86 90
27 37
71 66
39 98
0 66
27 25
26 0
32 61
60 79
92 26
92 87
50 89
26 36
31 54
74 2
72 65
52 72
31 80
16 75
98 50
97 83
11 9
14 55
87 6
42 62
77 44
81 34
62 7
89 34
72 93
6 55
73 7
1 42
83 52
44 80
87 55
42 1
10 29
59 4
43 36
48 46
44 81
33 6
88 74
92 12
67 93
58 21
73 79
86 67
13 96
97 72
52 40
8 52
39 5
34 24
63 74
98 56
39 65
6 6
58 16
27 45
76 35
64 62
2 77
10 99
1 62
92 10
15 83
67 1
7 30
27 5
86 66
22 45
25 33
61 4
78 71
9 55
58 25
69 60
60 56
94 4
87 85
62 94
16 42
8 25
99 85
58 13
36 99
96 94
76 65
54 31
45 66
70 6
1 9
92 16
55 8
58 58
62 18
84 14
4 42
31 63
97 27
57 73
45 11
5 90
30 45
51 36
62 95
52 69
28 18
84 88
54 11
34 38
74 83
17 83
57 62
46 14
53 76
59 87
29 62
58 27
12 13
41 40
83 74
4 67
62 59
78 49
49 4
32 66
39 89
29 86
3 34
14 14
21 95
77 97
38 35
76 3
0 18
43 84
51 6
59 30
55 60
86 40
26 26
29 55
64 85
41 30
51 15
26 28
12 16
15 40
10 15
15 51
13 26
33 20
86 72
60 64
98 90
72 14
27 13
44 78
28 22
59 92
39 74
33 10
90 43
77 90
98 44
94 63
70 79
51 44
73 1
10 12
43 39
34 2
31 25
77 16
36 19
60 65
62 10
87 8
41 39
52 66
40 90
63 8
55 73
20 99
64 6
53 48
32 82
64 20
2 76
37 64
38 47
72 63
80 59
72 21
98 76
87 91
51 74
73 40
29 79
85 63
33 23
79 23
22 51
87 2
63 11
75 13
39 14
56 58
16 7
33 92
30 58
84 12
37 24
28 15
90 46
37 12
49 76
67 12
39 42
26 78
57 82
42 74
17 24
32 1
88 22
25 18
33 87
19 23
85 8
87 35
84 54
47 75
54 58
8 95
83 2
69 1
26 1
2 15
75 80
33 48
86 18
88 57
93 73
8 2
78 88
33 84
79 29
95 0
1 85
41 29
65 74
77 3
60 37
91 78
69 51
81 56
59 11
47 42
38 26
72 34
26 54
8 79
91 49
75 38
11 19
7 72
8 98
2 35
46 82
58 93
71 1
83 49
55 91
81 99
92 41
7 19
79 19
90 39
43 98
27 91
81 65
5 79
48 15
73 77
12 96
78 47
46 85
38 79
84 82
20 92
1 52
63 91
91 6
89 80
51 69
72 32
34 29
64 34
44 37
56 83
27 47
62 63
29 83
7 31
35 70
74 26
76 16
6 80
85 30
64 71
59 28
6 56
17 3
86 38
72 49
53 2
84 61
85 19
31 59
97 60
27 55
40 12
86 4
84 97
33 42
5 2
11 22
5 74
96 44
64 68
45 18
22 29
79 59
0 10
71 49
70 98
63 42
67 47
40 52
41 97
54 4
20 12
79 68
56 43
36 53
61 11
82 40
70 34
3 41
83 25
40 39
88 3
34 55
59 95
23 65
99 43
11 85
74 0
38 87
11 72
28 33
58 83
75 41
8 67
33 96
22 67
93 14
71 16
80 70
12 57
1 23
95 27
75 33
14 86
6 94
72 64
77 47
58 38
66 43
34 88
62 90
64 7
4 87
23 84
94 10
63 89
89 38
74 4
77 32
98 49
48 59
66 14
2 0
54 16
23 47
57 98
83 66
86 77
29 49
18 18
87 45
22 16
77 73
65 26
55 14
61 60
29 96
27 15
64 96
74 3
41 49
20 19
74 37
97 75
51 35
46 30
74 17
31 67
12 44
28 41
41 55
56 67
63 72
28 57
38 0
76 12
37 73
39 40
69 34
6 33
79 34
75 72
41 83
91 4
8 6
94 88
63 84
88 39
97 77
65 36
18 25
74 41
12 77
63 34
21 42
77 57
71 85
16 17
19 98
91 36
87 9
13 61
50 78
90 30
11 53
16 78
0 89
72 66
4 50
76 27
87 92
44 13
71 45
26 42
96 17
30 35
78 44
74 38
43 79
16 43
68 88
62 24
90 90
34 47
43 57
45 69
52 93
39 82
28 17
78 76
98 4
66 60
90 61
39 58
5 8
46 19
32 89
61 36
19 95
35 14
4 80
83 56
25 74
91 53
92 21
81 42
26 47
2 68
9 42
26 66
2 24
37 86
65 98
22 36
45 58
50 1
0 179 25
0 541 238
0 237 925
0 277 348
0 506 129
1 388 375
2 513 553
2 375 904
2 113 806
3 363 457
3 541 665
3 374 835
3 248 52
4 197 232
4 81 997
5 329 624
6 428 158
6 135 303
7 88 151
8 495 970
9 242 981
9 374 863
10 305 98
10 154 437
10 127 670
10 168 817
11 410 515
12 551 174
12 249 601
13 493 372
14 80 314
14 85 973
15 515 702
16 206 829
16 348 492
16 182 379
16 209 381
16 207 298
16 307 419
16 160 56
17 8 253
18 490 76
19 583 378
20 145 950
20 315 99
21 417 268
22 99 731
23 185 737
23 342 673
23 74 554
23 589 777
24 98 981
25 436 963
26 51 613
27 79 634
28 274 170
29 214 952
29 250 928
30 476 70
31 443 666
31 348 396
31 355 245
31 423 427
32 67 446
33 55 922
33 108 991
34 284 248
35 127 944
35 241 664
35 506 519
36 403 743
37 552 758
38 132 392
38 95 382
39 181 998
40 173 449
40 235 894
40 11 881
40 413 11
40 152 529
40 325 657
40 128 83
41 222 123
42 574 357
43 13 833
43 229 477
44 586 536
45 569 363
46 474 157
46 588 490
46 288 408
47 231 547
47 447 915
47 31 159
47 467 119
48 260 531
49 498 486
49 232 54
49 319 349
50 199 947
50 19 254
51 1 399
52 314 871
53 349 712
53 441 923
53 242 782
53 383 611
53 433 922
53 525 733
53 99 564
53 398 430
53 371 648
53 69 625
54 155 10
54 474 297
55 240 936
56 512 354
57 331 827
57 120 569
57 188 168
58 141 774
59 90 637
60 306 690
61 340 424
62 429 104
62 360 396
62 432 544
62 342 572
62 172 985
62 15 119
62 8 410
62 525 86
63 394 195
64 401 617
65 107 666
66 305 300
67 359 482
68 454 590
69 153 919
70 541 921
71 18 312
72 570 663
73 319 679
74 221 22
74 51 582
75 115 939
75 567 518
75 473 331
75 55 602
76 176 357
76 216 916
77 418 822
77 507 198
77 172 443
77 395 933
78 8 231
78 14 417
78 118 410
78 264 340
78 471 957
78 409 224
78 124 414
78 35 435
78 111 110
79 528 30
80 598 412
81 236 580
81 333 886
81 29 594
82 568 235
83 378 188
84 78 430
84 345 471
84 191 371
84 144 469
85 423 714
85 259 655
85 47 708
86 9 259
86 422 554
87 569 883
88 332 332
88 262 463
89 338 735
90 578 535
90 169 738
91 556 937
92 42 735
93 452 75
94 336 534
95 481 227
96 245 116
97 94 783
98 169 43
99 66 657
99 225 568
99 495 230
100 596 935
100 327 87
100 418 819
100 244 39
101 283 741
102 569 584
102 118 657
103 397 453
104 277 422
105 54 228
106 232 53
106 466 713
106 312 103
106 405 538
107 24 66
107 386 283
107 85 562
108 557 444
109 81 837
109 480 395
109 124 227
110 241 20
111 465 810
112 188 424
112 574 369
113 180 879
113 359 142
113 180 643
113 255 71
113 125 952
113 556 992
114 426 950
114 99 525
115 255 872
116 469 384
117 42 771
117 589 552
117 108 940
117 228 377
117 221 742
118 566 615
118 211 878
118 438 304
118 26 926
118 329 428
119 413 370
119 186 565
119 207 246
119 555 248
120 272 384
120 313 828
120 295 126
120 156 663
120 570 947
121 58 706
122 518 301
123 148 877
124 461 243
125 249 507
126 16 389
127 495 949
128 244 231
129 255 152
130 347 588
130 117 605
130 553 387
130 288 714
131 80 366
131 304 728
132 123 102
133 492 487
133 458 712
134 185 888
135 124 503
135 376 676
136 556 667
136 178 734
136 340 598
137 30 725
138 130 529
139 130 344
140 187 386
141 219 870
141 77 809
142 443 68
143 348 519
144 342 449
144 491 485
144 362 456
144 253 19
144 448 535
144 16 412
145 307 469
146 497 994
147 510 336
147 459 660
148 95 582
148 556 661
149 563 45
149 562 243
150 529 380
150 430 455
150 353 146
150 156 988
151 132 486
151 324 720
152 553 736
153 236 337
153 138 236
153 338 838
153 94 389
154 415 786
155 85 965
155 335 152
156 391 384
157 407 416
158 416 432
158 48 869
159 557 136
160 20 244
160 336 578
161 445 937
162 212 35
162 235 676
162 17 295
163 146 300
163 319 508
163 487 635
164 286 937
165 523 660
165 307 810
165 128 724
166 328 587
166 221 439
166 391 457
166 394 793
166 228 237
167 543 584
168 416 115
168 270 444
169 431 432
169 154 240
170 192 510
170 455 445
170 574 270
171 351 598
172 536 757
173 550 994
174 583 911
175 105 510
175 54 268
175 576 177
175 123 327
175 531 130
175 239 455
176 287 821
177 527 605
177 152 529
178 128 187
178 385 181
179 378 511
180 255 694
180 420 324
180 22 811
181 452 781
181 198 880
181 586 179
182 44 809
183 342 102
184 374 949
185 355 922
185 108 221
186 125 89
186 528 768
186 357 432
187 597 628
188 175 630
188 424 145
188 555 352
189 449 486
190 98 276
191 540 71
192 2 282
193 268 582
194 29 157
195 540 217
195 185 191
195 8 747
196 96 255
197 557 818
197 72 20
197 230 40
197 435 121
197 433 362
197 14 331
198 231 3
198 274 702
198 289 165
198 47 908
199 119 136
200 586 197
201 292 463
202 208 484
203 101 992
203 211 665
204 481 309
204 530 370
205 246 400
206 571 480
207 95 964
207 394 721
207 492 578
207 395 868
208 249 822
208 158 389
209 445 679
209 525 204
209 493 464
210 39 799
211 155 971
211 491 371
212 235 65
213 10 8
213 136 250
214 120 291
215 580 586
215 356 562
216 588 238
217 298 628
217 231 299
217 582 958
218 177 998
218 474 677
219 135 429
219 215 658
219 66 745
219 10 254
219 593 719
220 545 871
220 83 861
221 361 912
221 227 28
221 478 130
222 577 199
223 427 954
223 222 778
223 206 848
223 359 650
224 110 183
225 232 234
226 111 226
227 478 678
227 563 387
228 118 400
229 127 649
230 213 534
230 405 858
231 283 65
231 443 650
231 460 780
231 100 434
231 527 169
232 152 685
232 27 160
233 329 240
234 150 148
234 285 227
234 179 677
235 463 656
236 159 367
236 181 759
237 597 955
238 351 248
238 311 9
238 570 63
239 68 138
240 208 630
241 146 649
242 202 106
242 347 23
242 214 293
242 591 503
243 5 947
244 591 543
245 265 951
245 465 899
245 575 227
245 226 408
245 534 524
246 136 522
246 487 270
246 335 287
247 474 115
248 231 246
248 162 649
249 269 17
249 33 666
249 69 592
250 4 926
251 435 770
252 337 313
253 543 97
253 120 510
254 437 803
255 589 691
256 585 196
256 506 583
256 441 945
256 249 234
257 81 187
257 241 362
257 362 407
258 426 373
259 589 364
260 335 934
261 288 562
261 346 147
261 151 398
262 377 762
262 106 914
263 169 553
264 133 673
264 225 986
264 358 793
264 163 564
264 15 942
265 163 844
265 415 758
265 212 323
265 255 405
266 464 670
267 437 737
268 467 232
268 346 225
268 401 213
269 268 699
270 322 670
270 192 838
271 22 456
272 375 631
273 493 652
273 14 14
274 277 58
275 249 784
276 600 554
277 76 704
277 7 54
278 396 6
279 160 535
280 357 988
281 401 479
281 181 974
281 463 267
282 181 837
282 188 450
282 453 658
283 12 704
283 555 524
283 543 290
284 140 888
284 475 867
285 266 474
286 162 570
286 502 300
287 66 773
288 194 204
289 548 691
289 224 279
289 112 316
289 392 9
290 287 800
291 538 654
291 92 34
292 90 701
292 377 988
292 113 223
292 452 318
292 105 415
293 457 914
294 591 642
295 143 853
296 595 162
297 484 644
298 288 795
298 157 423
299 432 717
300 596 434
300 403 36
301 30 600
302 311 243
303 253 178
303 454 369
304 441 411
304 165 473
304 79 667
304 82 409
304 454 313
305 184 282
306 150 257
306 59 838
307 444 317
307 137 961
308 417 198
308 479 509
309 110 672
309 270 996
309 246 432
310 91 642
310 31 387
311 489 62
311 301 684
311 115 729
311 35 400
312 488 333
313 573 182
314 323 136
315 110 795
316 94 84
317 101 477
317 2 62
317 47 170
317 567 444
317 575 17
318 229 7
319 182 361
319 358 332
319 333 934
320 319 530
321 495 25
322 458 156
323 518 935
324 219 822
325 160 599
325 371 441
326 476 787
327 126 424
327 144 312
328 89 423
328 233 34
329 275 622
329 443 276
330 431 990
331 290 855
332 144 641
332 431 726
332 30 406
332 36 387
333 216 81
334 222 143
335 487 70
335 306 560
335 279 424
336 498 318
336 523 139
337 73 944
337 542 966
338 197 230
339 525 505
340 221 146
340 465 126
340 467 621
340 279 68
341 321 480
341 192 154
342 481 772
342 254 981
343 387 230
344 332 958
345 221 354
346 279 660
346 346 332
346 313 7
346 580 231
347 401 938
348 3 11
349 445 706
349 257 403
350 36 198
350 114 347
351 298 411
351 463 529
351 194 470
352 60 943
353 537 410
354 441 934
355 253 962
355 338 592
355 109 484
355 227 478
356 235 822
356 62 291
357 531 161
357 72 262
357 589 468
358 532 470
359 231 680
359 81 316
359 240 37
359 47 125
359 76 643
360 100 546
361 422 300
361 585 909
361 376 143
361 396 150
362 207 33
363 460 750
363 336 112
363 588 1
364 128 537
364 582 867
364 497 992
364 358 140
365 47 178
366 10 675
367 109 243
367 382 534
368 352 889
369 513 410
370 263 31
371 433 164
372 297 14
372 289 906
373 96 165
374 462 87
375 116 301
375 54 879
375 58 381
376 104 860
376 181 366
376 595 175
376 121 48
377 181 703
377 246 983
377 420 697
377 433 554
378 37 899
379 431 406
379 511 86
380 245 880
381 169 908
381 56 307
382 440 143
383 53 267
383 56 809
383 201 236
383 336 638
383 74 700
383 339 712
384 273 543
385 405 571
386 388 989
386 274 972
387 228 117
387 163 909
387 52 807
387 20 757
387 382 374
387 309 181
388 599 794
388 496 932
388 114 626
388 16 261
388 533 826
388 36 956
388 26 302
388 290 990
389 96 839
389 321 595
389 170 961
389 512 448
390 19 71
391 9 441
392 597 164
392 312 416
393 596 856
394 499 519
394 351 203
395 282 831
396 541 303
397 99 943
398 450 166
398 345 325
399 223 817
399 555 110
399 135 458
400 313 130
401 52 711
401 6 57
402 285 408
402 194 883
403 243 102
404 210 371
404 305 421
405 368 630
406 269 103
407 442 659
408 336 639
408 462 588
409 402 707
410 182 637
410 287 819
410 346 665
410 594 480
411 579 767
411 569 186
412 286 292
413 520 770
413 153 494
414 525 758
414 196 111
415 515 73
415 581 910
416 190 974
416 423 574
416 253 356
417 89 699
417 456 718
418 53 814
418 209 982
419 275 200
419 285 928
420 422 92
421 71 699
421 524 136
421 160 119
421 225 366
422 526 642
423 454 673
424 581 793
424 218 679
424 75 158
425 290 367
425 171 71
426 429 690
427 26 264
427 291 178
427 38 645
427 563 437
427 477 113
428 409 994
428 440 75
429 235 300
430 106 195
431 89 445
431 483 665
431 437 781
432 481 756
432 223 289
433 358 172
434 377 875
435 197 380
436 392 380
436 538 159
436 333 753
436 127 771
436 248 924
437 114 740
438 309 422
439 33 540
439 32 154
439 284 898
440 446 892
441 299 418
441 174 311
441 147 645
441 585 829
442 70 890
443 109 693
443 27 191
444 183 63
444 62 457
445 535 435
446 121 961
446 587 521
446 578 485
447 99 732
447 326 617
448 554 882
449 436 649
450 384 63
450 535 622
450 319 144
451 476 338
451 42 197
452 128 522
453 147 819
453 173 367
453 326 529
453 8 353
454 294 730
454 250 885
454 214 972
455 249 841
456 332 179
457 225 253
458 254 5
458 464 130
458 122 365
458 19 513
458 373 976
459 148 608
460 228 898
461 205 161
461 303 613
462 541 922
462 259 83
463 280 895
464 406 422
465 99 764
465 365 61
465 173 183
465 13 594
466 237 196
467 318 153
467 490 355
467 466 901
467 251 73
468 186 75
468 408 813
469 348 582
469 443 31
469 67 727
470 530 411
471 372 782
472 75 801
472 32 818
473 557 628
474 548 278
474 78 583
475 117 828
475 26 430
475 284 231
475 261 830
476 204 266
476 400 800
477 576 58
478 576 932
478 100 108
478 545 956
479 386 99
479 569 573
480 25 985
481 159 692
482 359 834
482 515 4
483 480 967
484 446 692
485 320 768
485 4 840
486 284 785
486 325 753
487 39 261
488 558 805
489 318 691
489 16 40
490 124 272
490 278 89
491 229 630
491 184 835
491 146 997
492 327 618
492 464 928
492 334 138
493 397 207
493 303 308
494 554 82
495 437 171
496 540 783
497 131 366
498 286 620
498 388 221
499 276 154
499 270 195
500 511 55
501 405 277
502 180 970
503 335 857
503 513 935
503 255 395
504 392 582
504 385 119
504 229 482
504 24 369
505 10 216
506 451 191
507 70 394
507 529 915
508 503 484
508 13 765
509 78 555
509 511 657
510 343 804
511 150 130
511 586 976
512 194 891
513 360 790
514 192 246
514 459 823
515 510 382
515 398 369
516 554 679
517 376 246
517 430 941
517 386 76
518 269 794
519 253 404
520 377 305
520 532 526
521 150 115
522 425 456
523 362 554
524 87 948
525 323 783
525 433 986
526 156 518
526 25 44
527 219 857
528 487 698
528 172 464
529 312 444
529 286 308
529 126 234
530 214 598
530 364 277
530 95 685
530 468 562
531 69 143
531 371 994
531 512 395
531 225 91
531 203 622
532 89 16
532 479 271
532 578 791
533 242 6
534 56 543
535 399 50
535 469 86
536 581 535
537 119 327
538 363 238
538 567 605
538 100 590
538 208 187
538 127 181
539 392 734
540 82 618
541 297 540
542 327 154
543 45 16
544 552 994
545 143 167
546 560 734
546 318 600
547 113 258
548 64 281
548 159 981
549 432 81
550 4 251
550 501 826
551 559 296
551 571 836
552 366 283
553 173 399
553 340 509
554 153 848
554 562 236
554 74 486
555 285 668
556 564 894
557 262 531
558 554 52
558 410 956
559 89 265
560 562 382
560 399 966
561 204 479
561 233 640
561 328 726
561 415 37
562 529 610
563 248 688
564 415 732
564 419 655
565 253 21
566 492 544
566 436 216
567 463 388
567 461 353
568 226 128
569 231 310
570 260 431
571 513 378
571 559 771
572 547 906
572 12 25
573 225 729
574 363 748
574 86 748
575 364 540
576 188 301
577 410 156
577 213 5
578 417 175
578 322 387
579 423 259
580 296 781
581 378 156
581 272 577
582 44 375
583 442 217
584 339 188
584 100 467
585 316 530
585 132 100
586 35 513
586 160 419
586 224 176
586 235 338
586 145 353
587 425 485
588 188 148
589 227 989
590 75 870
590 339 565
590 234 634
591 440 60
592 62 909
592 582 328
593 194 972
593 373 65
594 569 528
594 69 618
594 306 433
594 552 332
594 99 113
594 588 930
595 140 744
595 145 682
595 594 982
596 566 618
597 332 242
598 317 193
599 399 221
599 133 170
600 286 257
601 494 464
601 49 261
602 294 457
603 289 408
603 200 112
604 546 636
605 563 119
605 420 246
605 164 597
606 242 302
606 472 163
607 189 925
607 557 505
607 455 960
607 176 229
608 398 764
609 194 523
609 522 911
610 588 632
611 375 298
611 125 1000
612 192 503
613 238 914
613 460 134
614 424 43
614 209 362
614 39 132
615 554 416
616 489 373
616 115 85
616 127 931
616 397 325
617 469 625
617 427 85
617 37 708
618 427 594
619 207 20
620 476 962
621 382 688
622 218 12
622 200 513
622 244 386
622 260 752
622 35 124
622 101 112
622 453 44
623 395 883
623 13 228
623 511 842
624 382 75
625 519 439
625 248 995
625 548 602
625 452 959
626 530 867
626 501 860
626 168 425
627 474 99
628 392 712
628 147 436
629 203 364
630 315 126
630 224 572
630 423 162
631 69 617
631 489 336
631 478 235
631 8 792
632 549 672
633 253 414
634 482 944
635 413 243
636 174 392
637 189 759
637 44 667
637 508 903
638 505 406
639 220 31
639 150 783
640 393 166
640 574 338
641 284 742
641 132 808
642 126 118
642 82 667
643 9 543
644 543 550
644 338 32
644 438 788
644 248 189
644 317 826
645 132 438
646 300 774
647 567 666
647 456 591
648 79 719
649 406 779
649 572 196
650 54 688
651 323 56
652 381 791
653 191 689
653 543 450
654 453 458
654 285 642
654 580 160
655 600 10
655 465 755
655 312 537
656 86 488
657 53 563
657 120 761
657 52 98
658 325 181
659 121 495
659 204 625
659 585 150
659 128 426
660 187 147
660 59 996
660 571 484
661 398 499
661 306 695
661 404 789
661 208 476
661 593 398
662 412 654
662 503 652
662 46 198
662 500 416
663 9 436
664 64 928
665 557 214
666 344 854
666 472 631
666 534 747
666 183 436
667 18 413
667 218 893
667 295 626
667 400 775
668 465 676
668 47 873
669 313 149
670 167 946
670 429 832
671 228 55
672 557 825
672 433 589
672 189 371
672 399 751
673 292 311
673 403 496
673 307 5
674 547 594
674 503 84
674 371 417
674 402 397
674 35 953
674 53 340
674 114 108
675 110 2
676 460 567
676 599 562
677 493 754
677 321 486
677 371 961
678 278 500
679 570 762
679 284 997
680 211 164
680 548 799
681 497 837
682 412 413
683 599 458
683 312 74
684 152 197
684 266 449
684 510 267
684 37 737
685 104 940
685 146 230
686 493 707
687 188 165
687 416 625
687 417 471
688 24 969
688 128 284
688 216 62
688 208 88
688 385 110
688 15 974
689 237 34
690 459 361
690 151 347
690 146 657
691 182 403
691 517 264
692 139 204
693 503 375
693 30 530
693 109 187
694 151 672
694 94 444
694 449 497
694 341 34
694 463 995
695 29 497
695 309 925
695 223 220
696 369 227
697 153 512
697 534 981
697 323 790
697 495 938
697 502 749
697 240 862
697 15 968
697 206 804
697 369 48
697 20 732
697 300 679
698 351 142
699 461 575
699 548 53
700 370 770
700 484 693
701 24 821
701 556 291
702 93 136
702 564 12
702 560 183
702 164 844
703 175 997
703 562 501
703 565 485
704 470 366
705 347 47
706 472 524
706 372 930
707 151 973
708 441 162
709 576 417
709 196 581
710 105 166
710 227 660
710 26 224
710 81 600
710 493 186
711 36 883
711 518 82
711 206 334
712 524 281
713 238 499
714 14 878
715 200 600
716 579 146
717 463 497
718 568 296
719 461 52
720 79 387
721 294 16
722 298 505
723 525 564
724 519 729
724 331 898
725 418 251
725 401 664
726 112 882
726 282 971
726 551 588
726 5 196
727 67 464
727 370 178
727 516 178
728 31 136
728 96 857
729 246 761
730 70 337
730 183 256
730 74 866
731 174 514
731 282 20
732 120 324
733 563 838
734 516 978
735 289 11
735 391 312
736 351 122
736 41 33
737 311 95
737 391 330
738 97 171
738 494 467
739 415 558
739 133 95
739 35 7
739 440 128
740 101 988
741 137 576
741 10 342
742 581 450
742 316 647
742 264 670
743 259 552
743 223 480
744 441 29
745 233 667
746 584 84
746 105 119
747 332 835
748 368 210
749 410 674
750 165 47
751 144 676
751 514 733
752 126 334
752 6 287
752 59 274
752 146 543
752 429 962
753 300 999
753 84 611
754 338 231
754 393 263
755 222 123
755 541 63
755 313 251
756 344 116
757 301 79
757 255 291
758 295 751
758 231 832
758 412 594
759 265 825
759 362 391
759 166 136
759 122 332
760 323 516
760 339 81
760 243 529
761 100 925
762 224 890
762 583 581
762 323 3
762 390 604
762 525 367
763 49 818
763 436 704
764 246 613
765 28 384
765 89 310
765 175 892
766 578 565
766 292 556
766 525 685
766 472 472
766 533 550
767 379 737
768 92 303
769 215 353
770 325 650
771 139 463
772 355 158
773 6 306
773 243 218
774 540 941
775 361 923
776 247 208
777 350 977
778 288 281
779 349 459
779 265 977
780 486 550
781 544 122
781 319 595
782 220 42
782 538 771
782 148 898
782 110 460
783 424 891
784 501 65
784 397 700
785 70 279
786 400 746
786 200 492
786 63 903
787 395 62
787 272 307
788 582 975
789 576 44
790 35 252
790 167 973
790 11 292
791 3 268
792 362 445
792 583 480
792 494 51
792 586 256
793 581 648
794 415 906
794 550 398
795 82 252
796 241 89
797 443 983
797 174 498
797 365 674
797 567 817
797 180 614
797 430 403
797 287 578
798 142 259
799 32 17
800 106 382
801 259 909
801 383 237
802 200 696
803 542 394
803 210 801
803 57 25
803 595 651
804 263 233
805 226 474
805 472 984
806 156 26
806 45 547
807 324 322
808 37 652
809 480 998
810 103 92
811 207 652
811 512 269
812 227 543
812 538 498
812 207 402
812 392 168
812 264 194
812 363 240
813 327 897
814 221 791
814 112 873
815 15 138
815 545 32
816 191 972
816 170 391
817 168 267
817 68 329
817 30 3
817 418 654
817 70 880
817 76 503
817 211 907
818 47 199
819 357 272
819 528 94
819 540 912
819 403 488
820 348 435
821 419 522
822 434 960
823 499 43
823 513 647
824 372 354
824 448 941
824 557 552
825 178 971
826 350 653
827 100 152
828 8 437
828 442 522
828 579 842
829 94 152
830 499 542
830 543 523
831 357 968
831 225 19
831 214 218
832 429 913
832 412 68
832 542 423
833 319 311
833 82 814
834 415 384
834 308 213
835 36 321
836 48 238
836 470 962
837 341 802
838 595 798
839 105 193
839 167 725
839 278 517
839 114 840
839 374 861
839 315 113
839 203 573
840 233 313
841 203 28
842 296 749
843 534 382
844 189 825
845 80 374
845 464 996
846 401 417
846 205 646
847 573 648
848 120 794
848 544 151
848 45 204
849 35 342
849 52 319
850 491 930
851 239 266
852 96 403
853 548 703
853 271 64
854 143 153
855 321 80
855 569 139
855 287 545
856 90 326
856 270 75
856 177 94
857 236 323
857 422 382
857 549 342
858 221 623
858 103 456
858 142 786
859 316 844
860 436 650
861 337 329
861 473 75
862 559 310
862 183 30
862 90 966
863 519 818
864 293 294
864 463 758
865 559 528
865 358 936
866 144 241
867 9 632
868 446 696
868 475 435
868 487 699
868 457 399
869 329 720
869 452 678
869 500 885
870 178 153
871 109 925
871 168 114
872 470 353
872 263 649
873 207 694
873 162 815
874 38 334
875 291 575
875 249 644
875 120 651
875 510 159
876 438 916
877 413 292
878 327 805
878 321 509
879 444 349
879 163 948
880 557 63
880 497 732
880 497 585
880 496 328
881 580 496
882 256 300
883 316 514
884 472 516
885 530 36
886 449 174
887 564 692
888 506 655
889 161 949
889 131 739
889 370 579
889 92 853
889 397 270
889 160 684
890 408 952
890 377 8
890 166 153
890 172 335
890 462 801
890 306 83
890 583 182
891 503 869
892 386 531
893 491 543
894 347 388
895 71 848
895 66 519
896 467 826
897 59 406
897 384 181
898 300 971
898 255 503
899 531 23
899 117 97
900 475 206
900 411 280
900 426 442
900 431 996
900 107 923
901 284 733
902 64 429
902 266 741
903 89 506
904 231 594
905 169 1000
905 216 247
906 543 679
907 277 637
907 558 598
908 317 30
909 331 921
909 21 762
909 320 661
910 147 589
910 450 513
910 17 225
910 114 824
910 70 533
911 525 138
912 308 438
912 397 353
912 308 797
913 40 682
914 120 935
914 351 891
914 306 981
915 432 392
915 199 953
916 391 297
917 592 909
917 435 860
917 461 647
917 422 443
918 485 648
919 444 935
920 396 751
920 512 157
920 464 359
920 170 181
920 80 796
921 66 268
922 286 847
923 237 171
924 57 43
924 547 293
925 74 32
926 339 448
926 550 518
927 278 188
927 15 244
928 351 175
929 286 290
929 366 105
929 5 933
929 5 103
930 548 885
931 151 106
932 493 539
933 422 326
933 256 665
934 187 683
935 386 572
935 557 615
936 326 481
937 194 405
938 123 399
938 125 618
939 366 950
940 104 412
940 68 365
941 342 127
941 566 725
942 288 259
942 62 986
943 234 704
943 585 623
944 499 357
945 134 625
945 71 130
945 564 299
946 548 66
946 321 251
947 571 363
947 330 71
947 369 62
948 555 450
949 48 522
950 526 279
951 156 636
951 229 854
952 287 43
952 266 330
952 458 983
953 588 239
954 262 580
955 534 767
955 533 224
956 480 390
956 26 524
957 502 354
958 157 137
959 268 121
960 423 413
960 46 336
960 474 776
961 512 16
961 550 674
962 32 371
962 356 389
963 94 819
963 321 186
964 503 853
965 419 606
966 321 336
967 325 437
968 357 449
969 412 605
969 158 502
970 537 832
970 368 743
971 6 104
971 23 177
971 454 914
972 354 86
972 90 367
973 134 978
973 120 679
973 380 849
973 50 841
973 552 738
973 120 66
974 355 928
975 159 450
976 181 174
977 67 84
978 23 761
978 440 120
978 266 817
979 411 582
979 33 89
980 375 669
981 173 125
981 467 790
981 365 89
981 117 290
982 46 966
983 556 646
984 538 161
984 364 169
984 99 550
985 223 437
986 376 230
987 75 767
988 583 253
988 238 349
989 239 626
989 27 900
989 74 167
990 302 519
990 182 442
990 26 774
991 414 202
992 375 842
993 20 221
994 447 178
995 142 491
996 156 991
997 373 550
998 277 376
998 444 851
998 591 476
998 254 136
999 395 51
999 548 294
999 575 728
1000 125 395
1001 576 867
1002 41 956
1003 133 918
1004 535 815
1004 305 176
1004 219 138
1004 470 548
1005 65 612
1005 396 842
1005 231 85
1005 133 437
1005 171 336
1005 118 87
1006 197 484
1007 380 639
1007 178 16
1008 51 811
1008 365 562
1008 70 14
1008 481 129
1009 284 799
1010 220 787
1011 259 886
1011 60 869
1012 344 209
1013 386 963
1013 181 312
1013 157 709
1014 582 381
1014 121 167
1015 70 236
1016 375 561
1016 449 56
1016 45 386
1016 37 175
1016 107 314
1017 300 689
1018 294 523
1019 197 206
1020 237 557
1021 141 398
1022 292 698
1023 440 252
1023 460 133
1023 206 233
1023 3 23
1023 505 486
1024 75 590
1025 106 801
1025 147 853
1026 530 729
1026 576 95
1027 538 407
1028 429 275
1029 355 728
1029 46 147
1029 161 70
1030 161 73
1030 496 930
1030 13 270
1030 26 345
1030 379 444
1031 423 95
1031 376 745
1031 144 770
1032 335 683
1032 571 485
1033 1 660
1033 574 93
1034 541 131
1034 41 745
1034 206 645
1034 159 598
1034 368 707
1034 10 65
1034 133 739
1034 294 67
1034 331 931
1034 295 954
1035 75 687
1036 236 962
1037 488 2
1037 107 825
1037 513 465
1037 174 537
1038 423 222
1039 497 350
1040 109 509
1040 114 270
1041 331 325
1042 413 911
1042 357 318
1043 315 837
1043 377 644
1043 393 231
1043 391 103
1044 353 140
1044 64 565
1045 251 916
1045 128 329
1046 335 170
1046 273 42
1046 176 155
1047 474 739
1047 106 636
1047 417 608
1047 566 889
1047 539 329
1047 113 41
1047 128 312
1047 339 210
1048 141 695
1049 324 798
1049 395 884
1049 264 694
1049 7 765
1050 505 873
1051 244 427
1052 135 710
1053 274 755
1053 560 307
1053 560 126
1053 267 257
1053 40 593
1053 43 832
1053 358 210
1053 564 692
1054 258 178
1055 167 97
1056 84 367
1057 10 907
1057 499 588
1058 428 775
1059 164 166
1059 546 226
1060 416 955
1061 143 643
1061 529 201
1061 53 734
1061 215 930
1061 233 884
1061 252 198
1062 487 434
1063 377 53
1063 133 480
1064 452 477
1065 341 295
1066 267 765
1066 567 623
1066 255 942
1066 257 750
1067 333 674
1067 387 811
1067 365 841
1068 305 638
1068 188 637
1069 69 975
1070 85 103
1070 514 460
1070 414 339
1070 381 769
1071 49 351
1071 48 710
1071 147 808
1072 287 571
1072 528 788
1073 237 491
1073 76 54
1073 398 924
1074 540 598
1074 422 536
1074 576 43
1075 249 807
1075 150 651
1075 294 697
1076 50 241
1077 502 269
1078 517 919
1078 597 790
1078 245 905
1078 215 199
1079 412 381
1080 237 364
1080 130 652
1081 30 194
1081 504 804
1082 301 530
1082 19 437
1083 153 998
1084 337 664
1084 197 162
1085 248 193
1085 513 381
1086 346 344
1087 511 810
1088 534 597
1089 328 99
1090 348 225
1090 263 465
1090 358 756
1090 424 9
1090 355 294
1090 410 383
1090 595 989
1090 129 822
1090 119 642
1091 205 898
1091 83 499
1091 105 168
1091 175 7
1091 474 234
1091 370 616
1092 548 623
1093 33 540
1093 55 656
1093 227 133
1094 423 405
1095 397 345
1096 577 178
1096 583 797
1096 34 83
1097 492 411
1098 572 546
1099 17 641
1099 346 207
1100 151 467
1100 229 952
1100 551 849
1100 462 68
1100 198 111
1100 206 865
1100 39 624
1101 265 288
1101 158 646
1101 306 743
1102 458 881
1103 330 892
1103 568 398
1104 144 168
1105 31 949
1105 81 509
1106 61 903
1107 527 641
1108 75 654
1108 330 994
1109 549 692
1110 431 399
1111 478 992
1112 323 70
1112 241 820
1113 319 2
1114 204 676
1114 69 20
1115 503 178
1115 504 561
1115 303 414
1115 575 700
1116 58 740
1116 128 240
1116 29 54
1117 125 964
1117 240 882
1117 325 999
1117 557 279
1118 93 459
1119 517 75
1119 445 267
1119 383 655
1120 14 867
1121 332 811
1122 393 211
1123 426 942
1124 531 643
1124 492 130
1124 302 102
1125 233 789
1126 241 552
1127 153 950
1128 436 908
1128 269 985
1128 341 660
1128 589 31
1128 444 364
1128 149 986
1129 245 205
1129 525 116
1129 53 881
1130 171 959
1131 289 79
1132 133 841
1133 157 172
1134 152 512
1135 56 377
1135 97 178
1136 273 811
1136 391 547
1137 139 434
1138 502 603
1138 329 380
1138 98 856
1139 552 641
1140 100 903
1141 559 815
1141 409 204
1142 499 891
1143 230 509
1144 551 593
1145 186 296
1145 439 980
1145 182 164
1146 365 18
1146 322 377
1147 232 683
1148 389 194
1148 566 638
1148 41 81
1148 35 540
1149 126 825
1149 86 440
1150 333 772
1150 415 468
1151 255 108
1151 414 6
1152 149 434
1153 41 739
1153 71 985
1153 26 234
1153 209 847
1154 451 809
1154 246 103
1154 274 484
1154 111 349
1154 132 114
1155 257 240
1155 121 156
1156 442 556
1156 303 727
1156 95 792
1156 111 265
1157 546 790
1157 165 385
1157 82 907
1158 181 105
1159 494 835
1160 97 880
1160 238 332
1160 122 76
1161 316 117
1162 1 450
1162 439 368
1163 316 306
1164 490 221
1165 182 184
1166 117 149
1166 252 553
1167 305 405
1168 380 487
1168 307 120
1169 400 612
1170 569 901
1171 419 667
1171 389 90
1172 45 67
1173 427 688
1174 4 713
1174 212 205
1174 437 611
1174 44 781
1174 152 319
1175 270 954
1176 53 347
1176 71 222
1177 311 44
1177 415 938
1177 122 948
1177 251 457
1177 415 870
1177 288 945
1177 358 462
1178 128 477
1178 199 915
1179 392 480
1179 332 871
1180 95 400
1180 530 34
1181 221 604
1181 138 842
1181 215 819
1182 109 856
1182 334 387
1183 465 521
1183 459 598
1183 435 923
1183 547 371
1184 522 539
1185 296 854
1185 415 5
1185 422 818
1186 28 876
1186 239 823
1187 16 571
1187 333 47
1188 88 324
1188 169 448
1189 289 869
1190 281 33
1190 92 445
1191 553 643
1192 238 656
1192 130 772
1193 379 74
1194 105 35
1195 224 623
1196 404 734
1196 120 428
1196 54 703
1196 451 356
1197 443 961
1197 63 43
1197 555 713
1198 161 137
1199 173 69
1199 5 610
1200 537 790
1201 93 200
1201 483 342
1201 365 23
1201 433 470
1201 586 361
1201 446 368
1201 151 180
1202 15 373
1202 182 722
1203 523 59
1204 235 663
1205 332 416
1205 52 320
1206 30 637
1207 302 110
1208 445 174
1208 560 467
1208 220 547
1208 343 478
1209 185 594
1210 251 235
1211 132 291
1212 375 76
1212 6 93
1212 525 703
1213 91 995
1213 490 935
1214 321 557
1214 236 550
1214 337 353
1214 394 558
1214 43 308
1214 63 714
1214 51 665
1214 107 730
1214 53 561
1214 329 95
1214 408 74
1215 450 220
1216 518 271
1216 572 693
1216 340 372
1216 215 142
1216 543 672
1216 46 469
1217 356 439
1217 223 106
1217 258 62
1218 426 285
1218 116 175
1219 392 349
1220 534 191
1221 163 978
1222 517 298
1223 300 575
1224 292 401
1224 95 676
1225 506 245
1225 294 833
1226 580 33
1227 560 756
1227 315 726
1228 154 479
1228 124 729
1229 528 943
1230 401 780
1230 366 215
1231 217 61
1232 566 882
1232 54 365
1232 300 366
1233 397 208
1233 537 751
1234 533 415
1234 328 16
1234 194 712
1234 182 755
1234 280 80
1234 58 256
1234 399 185
1234 80 373
1234 116 157
1235 237 225
1235 317 253
1236 248 854
1236 286 367
1237 410 105
1238 295 235
1239 595 802
1239 85 243
1239 554 708
1239 378 763
1239 78 350
1240 235 164
1240 173 364
1241 305 142
1241 52 288
1242 493 801
1243 267 623
1243 220 526
1244 196 852
1245 16 711
1246 218 304
1247 421 373
1247 101 668
1248 36 318
1248 380 150
1249 600 135
1250 101 471
1250 137 702
1251 496 432
1251 188 413
1251 34 691
1251 93 848
1251 415 532
1252 476 476
1252 551 785
1253 382 861
1254 361 429
1255 133 349
1256 584 655
1257 36 351
1258 200 255
1258 191 854
1259 119 80
1259 99 1000
1260 100 646
1261 241 802
1262 30 900
1262 436 883
1263 581 96
1263 56 190
1263 405 17
1264 76 48
1265 348 433
1265 208 695
1265 59 407
1266 488 726
1267 574 728
1267 32 486
1267 270 123
1267 183 763
1267 116 742
1267 322 716
1267 568 626
1267 97 769
1267 206 601
1267 149 585
1268 358 525
1269 192 817
1270 461 137
1271 532 153
1271 445 160
1272 488 44
1273 537 450
1274 256 321
1275 456 221
1275 25 198
1276 40 794
1276 461 980
1277 527 722
1277 359 618
1277 187 36
1278 225 491
1279 124 826
1280 445 674
1281 297 899
1281 86 635
1282 50 755
1283 173 929
1283 332 476
1284 321 96
1285 317 196
1285 51 518
1286 74 796
1286 301 486
1286 513 876
1287 378 651
1287 530 737
1288 154 797
1288 263 285
1288 541 318
1288 579 196
1289 276 955
1290 225 821
1291 577 456
1291 175 700
1291 286 583
1291 364 187
1292 97 20
1292 318 571
1293 420 499
1293 62 391
1293 361 338
1293 197 711
1294 494 26
1295 557 810
1296 494 257
1297 253 178
1297 160 829
1297 63 553
1298 523 592
1299 122 733
1299 379 162
1300 300 900
1301 211 821
1301 315 656
1302 296 902
1302 301 385
1302 466 97
1303 322 588
1304 261 358
1304 263 990
1305 262 873
1305 303 143
1306 58 644
1307 92 544
1307 441 796
1308 171 935
1309 481 841
1309 414 348
1310 113 926
1310 422 427
1310 398 941
1311 211 344
1311 69 317
1312 573 604
1313 550 360
1314 545 379
1315 342 671
1316 360 65
1316 594 647
1316 354 351
1317 496 921
1317 494 377
1317 468 807
1317 402 202
1317 29 508
1318 526 851
1318 412 90
1318 252 676
1318 214 208
1319 188 667
1320 21 308
1320 590 426
1321 23 577
1321 81 311
1322 384 439
1322 71 299
1322 270 304
1322 253 812
1322 451 803
1323 524 898
1323 470 543
1323 288 457
1324 449 809
1324 487 681
1325 492 682
1325 347 491
1326 368 76
1326 8 556
1327 186 996
1328 307 161
1329 92 178
1329 197 158
1330 579 188
1331 406 85
1331 600 514
1332 336 58
1332 560 937
1333 515 602
1333 305 419
1334 151 254
1334 283 863
1335 162 124
1336 315 608
1336 114 788
1337 316 904
1337 160 587
1337 40 603
1338 579 947
1338 579 926
1338 252 523
1339 132 919
1339 492 41
1339 162 894
1339 191 911
1339 559 997
1340 400 185
1340 295 210
1341 369 934
1341 388 870
1342 314 571
1343 567 907
1344 454 491
1344 175 14
1344 449 875
1344 257 26
1344 514 694
1344 356 170
1344 301 109
1345 250 272
1345 57 5
1346 353 100
1346 387 231
1347 37 956
1347 574 310
1347 288 170
1347 363 428
1347 523 236
1347 22 313
1347 462 658
1347 150 516
1347 417 26
1348 21 836
1348 122 679
1348 20 608
1349 591 798
1349 209 881
1350 451 116
1351 420 500
1351 571 505
1352 13 622
1352 176 808
1353 277 846
1353 65 153
1353 430 423
1354 107 201
1354 79 746
1355 19 238
1356 155 812
1357 336 205
1357 60 582
1358 216 458
1358 395 775
1358 145 283
1358 358 261
1359 252 498
1359 394 577
1360 294 53
1361 176 780
1361 365 587
1362 454 804
1362 518 746
1362 475 463
1362 377 938
1362 234 156
1362 539 585
1363 250 375
1364 384 403
1364 561 503
1364 142 235
1365 212 90
1366 487 438
1366 71 675
1366 400 45
1366 333 721
1367 27 637
1368 372 49
1368 587 774
1368 455 154
1369 10 956
1370 76 896
1370 599 463
1370 151 430
1370 514 193
1371 438 335
1372 205 83
1373 456 688
1374 20 294
1374 551 356
1374 13 389
1374 541 728
1375 283 411
1375 401 49
1375 442 238
1376 437 206
1377 482 125
1378 554 885
1378 304 477
1378 578 300
1379 199 631
1379 336 539
1380 545 209
1380 245 926
1380 48 919
1381 140 983
1381 207 193
1382 152 799
1382 19 566
1383 262 80
1384 13 593
1385 311 492
1385 150 419
1385 104 487
1385 155 921
1385 465 867
1386 32 785
1387 515 431
1388 117 351
1388 57 288
1389 14 410
1389 328 839
1389 155 186
1389 527 710
1389 92 267
1390 549 230
1391 536 624
1392 588 595
1392 24 447
1393 339 386
1394 554 791
1395 388 306
1396 181 67
1396 394 176
1397 574 408
1398 212 458
1399 214 226
1399 218 423
1400 300 686
1400 465 443
1401 64 948
1401 451 830
1402 276 802
1403 180 877
1403 162 156
1404 165 171
1404 17 135
1405 63 505
1405 3 503
1406 224 577
1406 100 576
1407 45 497
1408 131 732
1408 81 237
1409 582 471
1409 176 494
1410 591 894
1410 158 395
1411 66 255
1412 272 593
1413 277 588
1414 566 723
1414 494 259
1414 488 181
1415 339 124
1415 589 215
1415 283 917
1416 124 744
1416 273 778
1417 306 696
1418 43 708
1419 90 230
1420 305 55
1420 481 155
1420 32 681
1420 396 710
1420 116 703
1420 2 185
1421 200 902
1421 143 691
1421 410 75
1422 141 261
1422 25 249
1423 95 67
1423 474 462
1424 598 324
1425 371 185
1426 409 334
1426 575 792
1427 215 288
1428 330 703
1429 190 340
1429 194 976
1430 426 758
1430 356 67
1431 390 276
1432 165 941
1432 105 810
1432 190 956
1433 461 984
1434 478 38
1435 4 27
1435 534 993
1435 277 561
1435 93 437
1436 192 658
1436 551 151
1436 277 402
1437 162 629
1437 541 200
1437 174 668
1438 25 745
1439 402 101
1439 244 506
1440 351 859
1441 460 467
1441 143 602
1441 107 429
1442 553 764
1442 523 632
1443 210 901
1443 168 407
1444 526 210
1445 500 528
1446 373 48
1447 476 880
1448 596 950
1449 445 871
1450 2 814
1451 273 755
1451 340 229
1451 593 992
1452 302 810
1453 589 78
1454 350 322
1455 135 980
1455 93 927
1456 284 712
1457 486 204
1458 90 16
1459 165 704
1460 437 370
1461 263 577
1462 244 679
1462 18 40
1462 313 615
1462 73 221
1462 495 520
1462 273 791
1463 188 449
1463 412 56
1463 592 119
1464 541 378
1465 395 893
1466 233 546
1467 352 874
1468 162 437
1468 111 915
1468 537 328
1468 146 707
1468 386 38
1468 30 49
1469 205 43
1470 338 444
1471 567 181
1471 279 53
1471 93 457
1472 482 206
1473 398 221
1474 437 104
1475 212 711
1476 37 903
1476 492 583
1476 217 369
1476 47 342
1476 326 310
1476 81 100
1476 492 529
1476 537 53
1476 208 619
1476 98 419
1476 294 374
1476 68 677
1477 221 309
1477 239 464
1477 323 244
1477 34 634
1478 214 53
1478 148 653
1478 9 641
1479 483 18
1479 467 717
1480 110 432
1480 189 217
1481 108 375
1481 370 722
1481 597 175
1482 195 816
1482 188 683
1482 527 786
1482 63 76
1483 175 746
1484 510 103
1485 312 764
1486 557 409
1487 96 969
1488 302 969
1489 330 907
1490 119 388
1490 502 959
1491 579 699
1492 163 846
1492 538 583
1492 76 176
1493 156 747
1493 194 925
1493 84 826
1494 469 541
1495 314 844
1495 376 193
1495 182 187
1496 72 918
1497 450 389
1498 509 843
1499 99 470
1499 145 722
1500 235 809
1500 385 209
1500 314 644
1501 596 770
1501 301 718
1501 525 429
1501 351 179
1502 338 768
1503 540 643
1504 277 612
1504 485 781
1505 276 668
1505 264 458
1506 370 956
1507 316 684
1507 48 452
1508 572 698
1509 205 510
1509 173 161
1509 147 513
1509 580 257
1509 407 413
1510 118 798
1511 27 258
1511 66 199
1512 241 65
1512 481 669
1513 460 961
1513 418 202
1513 513 633
1513 427 460
1513 512 60
1513 511 350
1513 410 140
1514 597 357
1514 199 914
1514 38 883
