600 1000 50 10 3000
53 88
54 83
24 61
78 65
84 83
89 43
40 33
53 84
75 31
36 23
34 67
35 91
11 88
90 21
58 88
41 63
28 47
98 52
8 28
17 44
12 58
39 4
92 92
88 19
75 25
42 61
44 30
52 7
18 95
29 28
83 22
43 11
70 94
16 30
22 33
27 34
44 18
90 88
63 79
7 38
56 2
0 0
32 52
60 2
99 89
83 82
63 78
46 85
72 14
68 95
99 47
81 43
65 72
31 28
3 39
67 11
93 19
11 77
23 23
79 23
64 14
57 28
45 3
65 17
69 33
64 69
32 98
12 98
22 96
78 25
35 97
36 80
16 99
57 40
23 88
15 87
3 72
67 48
28 33
17 97
18 34
66 51
32 31
1 54
27 79
31 14
29 67
94 45
18 51
37 41
39 52
81 94
77 48
94 5
33 12
2 4
98 21
7 30
52 8
36 79
39 67
93 68
86 87
66 4
38 55
98 29
8 31
24 85
31 18
42 65
82 96
21 80
17 28
62 21
88 98
0 79
17 45
0 55
84 18
12 74
73 62
4 33
93 28
18 24
46 12
41 29
9 62
61 78
42 24
0 82
74 52
14 44
98 14
51 82
32 63
9 5
25 13
39 70
41 9
95 39
74 88
20 35
3 34
13 45
58 65
80 84
18 94
28 68
60 80
2 44
95 11
1 73
24 92
43 17
54 90
9 28
79 29
63 82
15 76
79 73
42 11
10 12
5 38
80 17
70 82
61 18
94 15
91 70
7 86
88 61
77 97
89 56
78 4
90 94
33 69
19 27
81 29
39 38
20 19
8 42
53 21
60 99
36 3
70 44
90 10
57 67
59 47
75 89
3 65
35 36
86 55
63 19
36 2
10 8
73 18
51 79
39 63
78 28
24 9
10 81
28 69
80 3
59 84
20 94
20 58
1 84
78 38
86 88
58 49
91 97
13 69
77 32
70 1
93 32
83 21
2 63
76 61
47 48
7 68
6 9
4 84
99 42
24 97
54 82
99 45
32 12
67 9
96 89
11 89
21 46
62 75
61 38
88 9
86 96
29 44
57 33
29 8
75 53
57 82
36 56
79 68
68 98
29 16
87 40
5 61
38 19
88 0
57 77
61 95
25 90
40 82
75 21
42 2
74 99
84 62
56 16
82 76
14 12
45 54
4 2
67 43
22 55
43 79
32 4
27 57
46 19
91 73
40 85
27 66
85 12
29 93
80 63
21 94
75 66
48 80
69 15
75 91
71 18
74 1
13 72
20 56
45 60
42 72
79 79
36 60
72 16
23 45
63 99
12 11
31 33
79 6
76 50
24 98
57 50
52 70
74 72
79 19
85 21
43 16
52 32
76 24
0 99
69 63
98 33
27 29
66 6
87 42
8 63
93 65
13 97
88 87
69 67
58 6
40 54
22 92
38 98
68 38
50 89
54 0
23 81
82 41
87 69
36 95
33 29
78 0
86 47
19 96
6 11
2 80
3 40
31 23
79 81
65 85
81 88
66 63
81 53
33 17
0 18
98 64
16 76
65 54
76 84
3 82
48 5
14 3
46 45
27 77
26 92
62 60
32 28
75 13
33 60
83 85
78 81
49 47
10 66
1 86
3 4
20 51
10 34
54 8
80 33
85 58
25 99
70 9
79 46
75 64
6 58
1 37
91 50
84 1
69 85
87 72
42 7
75 4
94 29
12 26
63 49
36 40
48 7
2 79
5 77
43 63
87 44
0 78
46 36
80 15
74 67
39 16
27 14
20 73
96 84
99 11
33 35
3 33
12 99
34 7
63 21
3 15
0 49
52 80
17 78
99 8
94 78
23 66
51 71
50 50
82 35
38 37
68 32
43 32
84 29
39 47
51 42
43 18
35 12
96 34
21 90
13 96
8 16
67 10
67 1
45 5
38 13
89 33
45 73
63 36
72 66
78 87
69 74
5 56
86 2
90 7
44 55
3 5
24 22
15 91
23 61
48 62
26 89
95 24
63 10
60 35
76 91
74 97
65 80
53 3
34 96
11 30
3 66
35 27
89 3
18 64
64 18
78 42
8 74
66 71
36 27
58 13
70 33
10 35
65 16
90 51
12 53
81 15
20 69
43 61
72 13
25 88
32 56
30 92
30 97
63 18
76 73
31 46
58 94
33 23
10 23
26 22
77 60
89 49
29 32
10 53
46 87
93 30
43 75
22 25
72 37
44 0
62 27
46 21
21 79
96 83
55 23
57 32
83 47
81 64
31 43
69 29
82 62
11 78
37 33
3 62
22 99
62 85
79 9
6 52
36 47
77 45
79 60
44 12
76 76
7 45
57 90
7 69
20 45
54 75
59 77
14 6
82 72
58 75
26 94
22 4
16 84
18 93
38 70
91 88
43 45
15 2
74 90
75 88
96 58
12 55
33 39
1 7
95 93
61 11
30 80
4 42
58 95
64 26
93 7
66 88
5 81
42 79
24 17
20 72
27 84
79 12
23 33
20 18
26 33
82 8
13 38
3 23
33 67
49 78
27 67
66 32
1 8
63 77
78 35
1 57
20 81
70 95
66 42
75 96
53 41
34 56
64 20
98 2
85 17
86 86
77 50
15 7
37 17
65 57
50 87
53 16
29 19
60 56
15 13
97 1
21 14
73 97
80 24
51 65
41 38
4 18
26 25
36 91
35 86
30 40
54 59
59 67
67 26
79 54
31 53
51 11
77 2
28 18
40 32
88 80
4 14
58 40
57 45
79 87
85 33
98 44
0 66
35 49
39 66
29 31
44 57
42 90
69 46
56 79
38 14
24 69
53 9
55 4
5 7
70 27
92 5
77 31
23 83
73 52
15 18
61 68
7 3
58 76
1 15
56 92
81 80
61 34
42 68
38 99
76 60
27 68
17 56
52 40
39 25
44 6
43 6
75 50
61 33
79 15
0 35
7 81
67 20
68 61
89 6
61 17
19 88
85 36
29 35
15 73
42 10
31 17
13 93
2 92
60 3
36 46
8 80
97 82
61 35
70 57
24 51
92 39
77 86
2 8
55 15
53 10
7 13
65 86
32 1
84 72
6 92
4 21
65 2
55 26
37 77
83 13
5 58
66 7
66 74
22 72
84 81
37 49
19 70
50 3
94 8
48 98
81 13
0 36
40 89
14 75
55 95
3 60
53 22
19 71
96 93
43 80
74 81
81 45
3 83
48 97
44 96
95 25
62 48
14 2
89 80
29 96
75 33
56 28
7 27
51 3
20 95
35 46
28 16
91 31
51 92
80 95
88 27
21 2
27 87
4 17
67 34
13 42
19 22
22 78
49 73
81 22
20 68
68 0
84 12
83 35
4 63
83 44
91 56
47 18
43 3
87 10
89 53
4 8
27 26
86 28
51 19
50 24
87 71
76 23
83 60
11 87
23 94
31 66
50 30
37 45
34 76
29 59
84 8
37 22
37 40
42 39
16 81
10 93
5 93
53 68
62 16
95 64
46 32
9 80
56 90
75 40
62 87
56 56
27 73
66 95
83 19
63 15
47 25
83 94
41 30
26 50
18 18
29 45
58 27
9 73
67 65
29 94
38 67
83 4
62 66
75 77
34 23
54 17
17 95
99 96
97 62
35 15
32 64
60 91
43 21
64 10
39 45
4 77
13 40
34 27
6 61
5 92
84 11
62 54
7 61
2 56
24 8
99 48
58 15
59 97
60 15
74 25
55 60
5 14
22 62
73 68
64 32
82 66
89 57
55 13
65 60
49 16
9 7
31 20
4 44
35 31
21 43
91 26
57 65
40 63
24 14
84 40
46 66
59 87
52 89
27 2
57 88
61 41
8 66
85 95
97 6
38 40
85 47
58 25
63 34
91 47
65 33
77 88
0 30
29 79
84 87
19 45
28 27
63 65
74 12
23 65
5 60
12 63
86 75
97 29
74 71
19 39
57 49
80 9
31 9
88 15
48 59
12 28
86 76
45 12
88 69
77 93
29 90
8 67
17 5
97 92
29 68
83 38
17 63
47 0
25 87
15 25
46 80
54 84
56 99
96 96
20 26
68 50
56 18
29 37
39 65
75 56
28 74
57 5
61 24
31 59
4 85
43 12
61 9
17 3
11 85
53 80
51 4
50 90
69 25
98 50
51 55
55 64
32 86
23 18
53 12
10 14
69 32
17 74
64 40
36 15
96 38
57 66
16 56
16 67
63 23
32 47
10 7
36 85
97 88
55 70
67 24
2 84
98 19
76 86
86 25
77 44
91 93
52 59
34 44
15 44
52 51
82 78
92 79
18 99
2 85
23 56
22 73
12 62
58 18
34 62
29 46
77 64
91 92
60 95
95 42
25 39
74 43
38 76
28 61
84 2
87 60
5 51
74 32
40 84
51 26
72 75
48 15
20 9
10 15
3 35
55 29
30 45
57 11
59 42
13 46
54 18
97 28
51 89
12 54
15 10
38 39
85 87
55 5
48 65
73 51
33 83
94 84
84 60
82 38
30 79
66 33
20 30
39 87
40 78
27 78
65 82
83 65
68 4
88 1
88 66
44 34
50 28
94 33
67 77
64 33
10 37
16 50
28 51
86 45
85 70
78 30
41 19
32 29
85 76
16 35
4 62
20 23
39 37
9 50
52 98
33 80
2 20
77 87
24 72
21 66
91 53
47 28
16 38
78 36
73 70
19 99
47 71
98 81
3 52
53 32
23 16
71 45
34 63
50 33
43 84
49 59
74 27
96 35
96 21
58 68
73 57
39 23
38 95
75 43
79 66
42 3
34 14
0 68
29 50
54 72
86 3
32 60
82 80
48 78
53 58
98 26
15 38
49 6
49 64
43 44
19 29
58 19
11 8
59 43
21 41
75 69
71 29
27 70
7 42
60 9
37 50
61 80
62 4
52 12
16 2
35 75
98 8
16 25
77 39
6 56
9 14
75 99
18 12
49 32
45 95
65 7
99 69
19 42
96 87
62 46
91 30
72 68
69 78
24 31
44 74
52 19
73 23
84 74
21 20
88 72
89 7
14 85
46 63
20 8
90 33
31 11
64 7
34 99
80 7
22 64
34 77
45 7
49 85
80 38
44 46
76 90
61 96
50 23
60 40
56 43
3 20
51 98
81 85
97 61
44 19
77 30
48 74
38 97
59 70
87 3
16 15
93 78
64 43
1 24
35 9
67 38
82 70
36 63
55 85
24 52
56 53
82 4
27 20
53 86
90 41
89 59
56 34
89 20
96 64
51 16
2 33
86 91
48 94
46 33
77 28
89 4
1 43
42 43
36 83
69 91
65 98
33 13
62 37
29 17
70 68
60 19
62 88
43 8
73 73
88 63
29 89
58 72
33 94
7 87
38 77
31 3
69 90
1 98
59 24
18 19
95 80
59 90
63 29
48 93
18 6
52 24
91 90
1 22
46 77
38 15
67 92
65 26
68 84
97 63
53 57
41 69
86 89
14 56
47 31
55 3
42 57
77 40
86 15
7 5
59 72
31 27
90 25
88 96
34 30
17 20
19 31
28 19
62 40
70 17
26 20
88 59
17 47
84 0
75 44
21 69
13 55
51 30
27 22
61 56
41 23
96 12
93 92
76 19
64 81
92 49
0 76
2 27
73 82
44 94
3 10
2 6
40 29
29 54
29 86
34 22
30 63
94 94
44 78
47 36
27 99
65 29
26 90
64 22
84 19
68 7
79 57
29 60
35 25
20 75
7 19
11 86
18 28
68 96
18 84
70 55
3 3
93 81
19 18
71 14
34 6
40 65
40 94
33 1
49 2
85 19
9 40
74 3
74 2
16 62
13 87
32 85
2 18
91 94
83 79
6 75
25 89
79 58
90 63
11 39
17 48
10 79
89 85
82 15
39 98
77 53
86 62
90 40
32 33
86 16
64 44
43 42
33 22
0 75
37 64
66 55
12 76
86 53
68 53
18 98
58 56
12 48
96 44
33 34
12 50
78 56
92 63
78 44
38 68
8 4
23 73
33 61
26 46
29 47
99 99
97 57
56 9
57 4
53 91
93 69
22 85
33 52
29 71
20 90
28 95
63 61
56 41
7 85
40 7
85 37
16 93
46 74
97 0
17 88
18 10
47 91
92 76
14 13
60 33
55 17
75 15
54 67
74 91
5 90
84 51
16 34
3 85
22 21
61 94
23 6
23 90
71 41
84 31
75 92
48 2
7 55
46 26
78 92
65 81
29 87
55 77
71 95
74 94
85 97
88 22
29 15
14 29
17 73
84 38
58 83
14 95
76 7
70 83
84 90
38 78
2 75
5 63
38 74
88 75
64 46
58 29
32 72
3 53
68 25
36 4
16 40
12 6
19 14
81 95
4 13
42 42
87 31
17 51
29 75
99 9
23 54
62 91
80 51
96 48
54 62
74 35
9 30
66 13
8 82
44 77
85 73
5 18
87 4
28 10
11 42
45 49
91 89
57 97
51 83
84 61
13 51
26 8
12 34
42 56
81 17
46 68
73 26
79 14
3 91
19 7
74 56
68 88
7 46
48 71
33 91
79 97
19 60
66 17
29 39
44 59
28 65
91 7
31 73
30 35
64 1
30 16
60 79
39 93
22 18
90 93
79 8
48 58
19 28
23 11
35 55
36 17
42 52
71 36
42 80
50 73
49 10
4 88
4 78
59 46
71 38
55 33
50 55
92 69
83 67
32 70
22 20
88 16
72 11
52 67
91 2
92 40
13 48
81 69
26 40
67 97
30 74
81 74
1 16
42 34
87 16
54 27
33 79
40 90
22 5
38 3
26 16
95 45
65 25
20 47
57 1
74 58
36 69
7 28
7 99
70 29
56 60
84 82
76 79
27 41
88 13
53 62
72 23
82 16
32 67
19 68
88 49
94 47
29 1
98 51
83 54
11 19
51 68
67 69
73 72
83 45
13 79
99 25
34 45
73 16
47 23
67 82
78 79
1 66
18 52
86 99
60 6
20 85
78 55
30 26
73 95
57 10
88 67
54 13
83 1
83 14
33 37
33 4
89 19
55 1
25 75
86 56
82 68
34 8
16 91
70 48
0 58
15 55
71 50
8 60
53 44
74 38
33 59
42 22
31 97
76 8
64 59
83 50
67 51
42 37
99 94
1 71
65 62
31 70
58 58
61 91
13 0
9 77
56 25
76 55
42 70
45 41
8 18
32 48
48 90
81 23
24 18
95 96
10 84
39 86
91 81
56 36
74 73
81 35
43 98
61 75
46 61
17 52
27 36
0 142 504
1 430 872
1 192 463
1 500 602
1 315 558
2 402 573
2 184 873
3 577 590
4 570 864
5 92 34
6 446 708
7 138 213
7 579 899
7 289 640
8 333 831
9 146 869
10 215 986
11 576 886
11 333 843
11 182 452
12 175 717
13 499 588
14 499 813
15 381 366
15 180 506
15 63 981
16 207 471
17 418 611
17 571 750
17 179 763
18 514 984
18 478 485
18 408 283
19 585 713
20 177 500
20 2 84
21 202 438
22 528 420
23 446 369
23 119 433
24 12 340
25 120 4
26 591 326
27 397 419
28 103 829
29 566 365
29 529 385
29 367 311
29 341 503
29 311 418
29 86 931
30 322 80
31 423 620
32 83 260
32 55 81
32 258 20
33 83 202
34 93 819
35 525 737
36 220 791
37 54 911
38 483 886
39 332 191
40 419 297
40 74 331
40 503 889
40 61 771
41 87 764
41 447 253
42 163 750
42 76 570
43 136 73
43 310 612
44 357 583
44 211 451
45 456 148
45 413 362
46 409 358
47 92 643
47 299 221
48 49 447
49 216 483
50 252 216
51 40 532
51 323 473
52 26 355
53 290 864
54 239 459
54 280 531
54 566 481
54 398 894
54 104 904
55 63 605
55 352 802
56 388 897
56 578 317
56 299 759
57 563 42
58 248 779
58 40 12
59 350 213
60 63 529
61 398 134
62 463 71
63 515 461
63 267 802
64 260 230
65 105 34
66 54 860
66 6 127
66 159 559
66 9 480
66 223 806
67 301 557
68 65 653
68 470 234
69 67 871
69 536 781
69 517 657
70 152 434
71 28 361
71 232 4
72 526 512
72 424 411
72 94 278
73 16 846
73 453 120
74 453 806
74 65 529
74 108 258
75 74 577
76 572 653
77 346 715
78 350 898
79 268 354
79 352 275
80 159 7
80 144 515
80 25 948
80 44 81
80 47 387
80 318 752
80 361 120
80 238 130
81 238 517
81 99 60
82 11 927
82 203 935
82 429 934
83 113 894
83 473 324
84 247 641
85 90 561
86 37 486
86 191 678
86 288 406
86 500 135
86 569 996
87 232 608
88 508 895
88 49 207
88 90 923
88 576 60
88 506 669
89 551 869
90 46 987
90 49 979
90 546 654
91 578 28
91 569 145
91 39 6
91 46 656
91 216 221
92 73 69
92 575 445
92 577 385
93 323 532
94 187 685
94 520 821
95 60 681
95 401 770
95 553 596
96 600 89
96 557 353
96 155 233
97 349 299
97 259 132
97 274 405
98 470 706
99 236 978
100 52 919
100 512 622
101 48 221
101 19 733
101 439 301
102 123 574
103 598 636
103 135 503
104 329 207
105 475 644
106 22 816
106 343 20
107 343 189
108 68 443
109 415 194
110 403 431
111 194 342
111 543 412
112 304 722
112 599 28
113 142 664
114 326 430
114 344 491
114 294 820
115 497 131
115 386 952
116 217 275
117 289 272
118 580 56
119 489 711
119 174 147
119 554 366
120 440 501
120 349 627
120 447 317
121 200 453
122 461 828
122 64 887
123 337 755
123 122 830
124 552 704
124 114 33
124 380 634
124 562 941
124 209 182
125 571 74
126 100 188
127 588 60
128 478 987
128 132 315
129 556 384
130 145 209
130 545 919
130 49 434
131 110 190
132 124 94
132 529 973
133 384 193
134 105 534
135 368 86
135 9 571
136 561 520
136 483 92
137 87 302
138 523 792
138 237 17
138 94 223
138 526 589
138 203 30
139 225 899
140 303 728
141 102 972
141 266 596
142 6 298
143 557 623
143 199 137
144 548 90
145 475 814
146 63 159
146 289 546
147 13 116
148 512 602
149 371 314
150 297 791
151 539 272
152 287 556
153 514 872
154 120 858
154 383 215
154 263 646
155 122 371
155 352 167
156 173 63
157 549 229
158 75 965
159 9 27
160 236 278
161 161 629
162 422 512
162 448 563
162 564 325
162 19 828
163 537 308
163 573 950
163 254 287
164 380 823
164 579 540
165 559 407
165 261 866
165 531 437
166 151 418
167 125 467
168 454 703
169 131 524
170 183 109
170 514 576
170 84 209
170 22 437
171 228 498
171 368 493
171 42 904
171 84 673
171 216 358
172 333 299
173 315 545
174 68 298
174 187 437
175 254 876
175 327 321
175 120 595
176 571 272
176 128 766
176 131 96
176 493 242
177 450 363
177 302 30
178 426 76
179 436 432
180 445 2
181 160 479
182 379 626
183 470 497
184 99 230
184 540 417
184 578 875
184 206 404
184 99 839
184 361 992
184 595 165
184 564 654
184 520 298
184 190 136
184 47 681
184 342 245
185 417 182
185 152 576
186 19 585
186 238 271
187 549 927
188 448 512
188 477 714
188 517 613
189 360 407
189 52 581
189 125 550
189 524 432
190 303 188
190 579 476
190 596 980
190 407 773
191 482 35
192 461 726
193 416 339
193 166 25
193 145 860
194 515 802
194 574 334
194 36 706
195 360 749
195 148 711
195 194 364
196 454 490
196 39 279
197 241 472
198 324 340
198 258 565
199 14 637
199 396 708
199 580 186
199 463 101
200 25 792
200 551 401
200 191 512
201 438 237
201 169 100
201 241 421
202 481 506
203 182 782
203 328 487
204 499 69
204 33 794
204 251 95
205 301 454
206 64 371
206 347 346
207 24 648
208 593 146
209 323 872
210 129 813
210 15 20
211 513 261
211 45 716
211 317 909
211 493 491
212 466 57
213 58 765
213 395 693
213 216 416
213 86 367
213 432 915
213 107 462
214 161 744
214 503 810
214 321 486
214 311 600
214 359 861
214 151 534
214 492 238
214 489 859
215 166 148
216 244 304
216 437 168
217 71 693
217 506 572
218 282 88
219 406 606
220 250 452
220 526 665
220 97 369
221 28 772
222 470 98
222 87 188
223 48 845
224 564 816
224 380 250
224 185 491
224 247 608
224 62 965
224 516 980
224 537 524
224 215 421
224 362 726
224 308 881
224 253 763
224 561 905
224 351 272
224 396 501
224 568 606
224 477 42
224 90 936
225 415 860
225 71 221
225 350 787
225 544 269
225 511 26
225 571 294
225 20 418
225 485 418
225 287 938
225 494 417
226 391 971
227 419 41
227 585 46
227 585 555
227 265 601
227 153 61
227 536 245
228 130 481
228 141 68
228 189 336
229 85 855
229 263 574
229 429 694
230 502 495
230 50 995
230 436 276
230 172 395
231 64 242
231 331 890
231 440 424
232 319 14
232 41 680
232 34 430
232 567 865
232 104 760
233 248 712
233 598 758
233 515 296
234 507 798
234 581 686
235 263 217
235 551 775
235 182 213
236 78 233
236 536 948
236 99 729
236 479 111
236 63 975
237 509 47
237 3 588
237 381 349
238 83 568
239 45 209
239 504 436
239 586 626
240 504 749
240 13 33
240 560 542
240 442 953
240 214 720
241 154 147
241 97 964
241 431 818
242 471 284
242 194 214
243 473 720
243 414 53
243 515 183
244 230 190
245 8 927
245 84 28
245 323 519
246 286 640
246 153 182
246 106 656
247 211 27
248 464 215
248 112 426
249 159 997
249 196 829
249 516 667
250 15 381
251 267 565
252 547 308
253 64 149
253 247 61
254 121 688
255 501 293
255 189 331
256 35 846
256 84 226
257 374 157
258 74 764
258 270 809
259 422 315
260 194 542
261 342 428
262 342 148
263 99 100
264 337 734
265 295 977
265 203 647
266 320 940
266 345 74
266 434 522
267 475 741
267 531 64
268 184 999
269 229 494
270 91 625
270 143 1
270 50 588
271 381 128
272 437 819
273 292 220
273 508 926
274 221 555
274 129 855
274 48 683
274 152 154
274 279 103
274 491 692
275 5 904
276 404 633
276 509 904
276 294 248
277 375 319
277 344 352
277 490 133
277 401 28
278 302 163
279 20 445
279 298 790
279 532 573
280 509 34
281 277 617
281 31 497
282 22 634
282 215 745
283 543 560
284 119 144
284 26 451
285 467 902
285 368 530
285 411 639
286 544 19
286 429 71
287 470 263
288 116 1
288 189 525
289 187 166
290 455 546
290 137 869
291 188 173
292 41 787
293 545 718
294 149 86
294 179 200
295 55 427
296 182 113
296 75 241
296 219 919
296 288 784
297 46 691
297 256 880
297 565 627
297 372 795
297 444 461
298 557 96
298 366 510
298 304 346
298 408 170
299 474 621
300 557 545
300 262 649
301 256 910
301 225 884
302 16 755
302 290 962
302 291 443
303 226 75
303 441 29
304 321 315
304 215 580
305 351 864
305 452 203
306 308 560
306 369 554
306 393 358
306 414 799
306 396 949
307 278 822
307 320 776
307 494 256
307 72 808
307 7 85
307 207 33
307 49 312
308 42 107
308 20 635
308 355 56
309 51 60
309 428 59
310 351 322
310 81 561
311 181 603
311 541 30
312 542 424
312 522 696
313 372 986
314 95 516
315 207 575
316 446 468
316 417 965
317 472 590
317 486 623
318 337 879
318 78 437
318 202 284
319 293 133
319 234 364
319 591 104
319 506 514
319 54 456
320 84 140
320 431 466
321 369 587
322 325 654
322 326 277
322 103 17
323 396 564
324 525 759
325 436 288
325 591 923
325 525 831
326 117 942
327 427 541
328 10 559
328 498 237
329 158 334
329 223 152
330 85 932
330 40 201
331 321 112
331 294 103
331 316 618
332 196 978
333 103 159
333 296 692
334 579 706
334 337 480
335 92 756
335 302 396
336 490 655
337 49 727
338 484 750
339 211 293
339 525 965
339 486 340
339 487 645
339 134 147
339 472 14
340 458 704
341 346 396
341 117 972
342 456 908
343 181 953
344 457 145
344 532 440
345 241 351
345 594 441
345 412 117
346 568 942
346 162 100
347 211 560
348 255 921
348 410 857
348 501 28
348 454 274
349 207 14
349 280 112
349 32 897
349 398 358
349 510 923
350 288 622
351 262 83
352 254 317
353 173 553
353 349 672
354 217 517
355 112 38
355 244 291
356 131 718
356 544 795
356 435 201
357 33 541
358 486 843
359 525 440
359 365 761
359 332 335
359 582 608
359 158 37
359 451 744
360 596 597
361 325 890
361 354 226
361 410 980
362 536 521
362 12 263
362 514 349
362 550 208
362 404 692
363 207 791
363 414 853
363 124 281
363 399 361
363 68 773
364 183 250
365 4 170
365 176 64
366 530 826
366 335 518
366 113 803
366 548 507
366 463 195
366 220 148
366 449 153
366 295 834
367 87 33
367 498 680
367 573 597
367 552 760
368 565 890
368 421 647
369 445 100
369 392 997
369 554 210
369 186 421
370 442 763
371 296 943
371 479 450
371 65 433
372 16 724
373 109 67
373 410 132
373 346 195
373 393 887
373 416 918
374 351 887
375 314 380
375 280 54
375 138 983
375 472 548
376 230 241
377 182 179
377 270 66
378 136 652
379 301 593
379 598 459
380 194 36
381 463 925
381 60 321
382 113 847
382 338 960
383 240 582
383 123 582
383 173 272
384 540 550
384 382 114
384 296 50
384 118 502
385 13 977
385 429 680
385 326 398
385 198 662
385 100 558
385 233 757
385 490 14
386 21 315
387 213 436
387 509 443
388 254 411
388 61 460
388 376 141
388 172 87
389 267 702
389 157 566
389 45 605
389 41 491
390 575 541
391 236 943
392 27 201
393 106 849
393 75 367
393 343 335
393 135 504
393 408 243
393 491 720
393 439 10
394 206 325
394 90 383
394 212 972
394 504 709
394 134 68
394 247 752
394 497 725
395 126 890
395 341 964
396 314 448
396 276 816
396 548 102
397 190 3
398 415 943
398 209 137
399 381 984
399 140 430
400 547 14
401 429 28
401 297 148
402 104 163
402 127 643
403 80 953
403 454 644
403 129 847
404 190 68
404 384 264
404 434 740
405 7 700
406 249 700
406 89 228
406 37 811
407 164 177
408 489 799
408 356 1
408 34 486
409 582 13
410 66 43
411 111 204
411 408 640
411 198 672
412 177 432
412 590 683
413 47 90
413 44 137
413 233 204
413 485 977
413 341 232
414 260 330
415 99 678
415 212 864
415 489 625
415 155 728
416 568 476
416 190 478
416 52 284
416 227 504
417 483 845
417 45 30
417 287 753
417 204 467
418 264 165
418 391 531
419 446 224
419 239 142
420 283 704
421 56 378
422 429 187
422 106 948
422 517 462
423 197 28
423 327 264
424 208 750
425 207 491
426 493 661
426 127 945
427 561 505
428 505 628
428 190 877
428 531 142
428 152 784
429 297 810
429 323 493
429 335 875
429 333 361
430 148 822
430 403 766
431 410 684
431 462 497
432 529 147
433 577 560
433 108 319
433 497 817
434 546 697
435 409 745
435 323 37
435 532 966
436 553 178
437 471 460
437 573 805
438 376 895
439 558 960
439 457 64
440 162 352
440 130 768
441 410 584
442 392 728
442 55 764
442 83 118
443 65 982
443 259 728
444 578 658
444 64 8
445 227 123
446 442 439
447 460 174
447 45 78
447 410 631
447 59 475
447 407 284
448 375 876
449 24 456
449 374 597
450 496 872
450 406 366
451 271 37
452 340 56
453 384 808
453 387 243
453 288 358
454 405 771
454 161 478
455 21 23
455 148 658
456 293 793
456 256 785
457 298 419
457 448 556
457 8 156
457 197 710
458 211 817
458 550 975
459 560 755
459 11 211
460 28 366
460 433 196
461 491 761
462 449 790
462 465 501
463 577 862
464 69 12
465 18 277
465 570 343
466 429 598
466 247 795
466 54 884
467 193 871
468 594 828
469 388 761
470 421 125
470 1 167
471 388 74
472 172 196
473 290 675
474 327 148
474 189 87
475 121 666
475 527 703
475 317 974
476 357 515
476 549 596
476 463 188
476 393 961
477 160 479
477 583 372
478 262 321
478 406 448
479 285 919
480 521 677
480 5 958
480 392 717
480 257 477
480 149 162
480 453 898
480 577 101
480 377 265
480 517 666
481 239 661
481 321 377
481 323 909
481 425 592
481 432 70
482 144 366
482 123 740
483 115 98
483 497 764
483 42 640
484 355 682
484 88 31
485 209 727
485 525 839
486 320 79
487 247 159
487 445 359
487 131 969
488 327 58
488 117 731
488 362 818
488 139 562
489 275 320
490 524 647
490 350 148
491 276 624
492 580 325
492 462 811
493 372 210
494 548 630
494 507 984
494 430 583
495 129 156
495 548 961
496 478 502
497 174 474
498 94 410
499 238 487
500 260 357
501 215 351
502 304 841
502 157 176
502 167 381
502 353 69
502 349 501
503 523 6
504 527 400
505 97 306
506 579 313
506 353 50
507 496 906
507 227 911
507 423 651
507 293 999
508 586 472
508 179 519
509 564 123
509 106 348
509 575 649
510 116 711
511 421 823
512 487 520
513 556 997
514 562 248
515 325 636
515 386 974
515 192 933
516 402 635
517 77 907
518 265 524
518 361 886
519 194 752
520 291 472
520 162 910
521 490 685
521 100 934
522 276 783
523 98 58
524 403 822
525 108 761
526 377 686
526 387 701
527 233 376
527 424 219
527 219 737
527 195 316
527 27 762
528 337 778
528 61 247
529 538 604
529 56 833
530 529 673
530 590 876
530 344 490
530 190 426
531 416 79
531 389 244
532 342 370
532 516 414
532 216 735
532 578 723
533 88 887
534 337 102
534 138 705
535 405 880
535 576 788
535 152 647
536 493 609
537 579 522
538 193 976
538 373 573
539 133 129
540 76 584
541 104 240
542 294 490
543 168 386
544 53 80
545 412 667
545 184 293
546 189 860
546 328 592
547 116 706
547 349 607
547 190 877
548 415 661
549 176 395
549 312 328
550 22 722
550 415 593
550 567 739
551 377 793
551 593 734
552 300 952
552 145 714
552 184 266
553 32 44
554 358 882
554 548 304
554 130 485
554 292 372
555 425 830
555 262 35
556 439 732
556 555 979
557 246 600
557 111 606
558 557 642
558 257 868
558 340 257
558 268 762
559 511 384
559 305 441
560 483 655
561 490 523
562 77 317
562 525 486
562 331 423
563 454 440
564 64 855
564 461 822
565 442 260
566 3 448
567 221 245
568 256 416
569 416 168
570 294 753
570 551 154
570 429 106
570 61 567
570 262 893
571 131 619
572 333 651
572 350 363
572 400 18
572 169 793
573 571 136
574 419 228
575 36 116
576 207 206
577 11 421
578 39 18
578 558 850
579 478 595
579 361 942
580 46 862
580 408 37
580 593 134
580 528 311
581 263 380
581 173 691
581 415 451
582 47 582
583 576 329
584 437 136
584 157 764
584 254 460
585 318 691
585 349 719
586 334 418
587 255 705
587 2 584
587 130 627
587 101 240
587 457 55
587 235 663
587 146 143
588 56 405
589 150 39
589 79 539
589 533 332
589 98 885
590 329 694
590 245 519
590 372 603
590 331 713
591 101 330
591 473 756
591 442 549
592 596 262
592 485 857
592 153 286
592 276 437
593 251 228
594 39 399
595 584 19
596 283 325
596 129 376
596 358 659
597 58 255
598 544 913
599 313 555
600 403 36
601 395 370
601 527 308
602 296 728
603 363 975
603 225 335
603 465 843
604 6 187
604 487 137
604 149 695
605 454 71
605 376 264
605 167 471
606 68 628
606 548 967
607 234 829
607 16 319
607 405 522
608 369 690
608 224 734
609 322 994
610 381 594
611 566 127
611 328 321
611 115 336
611 595 704
611 560 379
612 355 129
613 442 29
614 99 184
614 323 567
614 399 812
614 221 355
614 378 796
615 448 687
615 200 125
616 261 753
617 370 550
618 442 59
619 171 946
620 481 769
620 178 50
621 20 710
622 340 405
622 598 974
623 169 509
623 184 861
623 180 957
623 379 892
624 71 343
624 422 91
625 378 245
625 247 833
626 468 360
627 342 339
628 17 221
629 582 540
629 225 980
629 78 285
629 368 77
630 391 702
630 54 493
630 192 821
630 115 968
631 479 785
632 14 972
632 549 247
632 426 361
632 191 19
633 491 517
634 270 712
635 150 563
636 584 474
637 96 855
637 16 486
638 30 199
638 347 659
638 145 815
639 365 831
639 395 850
639 277 105
640 587 366
641 234 635
641 91 155
641 443 933
642 324 685
643 278 622
644 346 717
645 293 501
646 530 592
647 530 725
647 11 763
647 148 478
648 55 992
648 514 38
649 503 466
649 68 896
649 534 653
650 510 606
650 406 896
651 474 211
651 124 597
652 193 431
653 344 772
654 205 971
655 75 557
655 528 427
655 106 853
655 47 56
655 10 783
655 113 879
655 516 524
656 282 309
656 575 5
656 122 420
656 261 994
657 183 366
657 458 843
658 150 931
658 599 781
659 219 837
660 470 156
660 418 821
661 554 165
661 163 378
662 259 742
662 279 165
663 268 539
664 134 759
665 594 959
666 461 135
667 366 957
667 328 406
668 330 133
668 188 525
669 384 180
669 60 132
669 329 414
670 225 721
670 196 830
670 368 41
670 31 904
670 220 759
670 341 660
670 561 14
671 598 253
671 417 250
672 263 669
673 319 459
674 385 63
675 510 144
675 356 475
675 497 78
676 42 248
676 325 610
677 19 111
677 70 502
677 495 613
677 212 175
677 13 946
677 176 698
678 240 926
679 201 703
679 180 220
679 271 450
680 414 827
681 25 389
682 384 828
683 529 927
684 256 852
685 356 580
685 218 833
686 90 218
686 383 816
686 18 104
687 512 331
688 64 372
688 208 935
688 492 956
688 371 749
689 207 918
690 285 963
690 486 954
690 4 142
690 344 795
690 460 86
691 444 732
692 90 691
693 194 223
694 107 357
695 213 845
696 411 689
696 573 285
696 380 309
697 434 118
698 73 354
699 434 488
699 126 463
699 59 912
699 543 662
700 76 291
701 153 875
701 88 324
701 216 654
702 25 393
702 81 737
703 169 762
703 182 674
703 261 266
704 239 136
704 198 416
704 350 953
704 85 299
705 561 848
705 288 424
706 56 179
707 388 714
708 578 724
708 32 956
708 473 838
708 412 529
709 500 769
710 172 637
710 165 695
711 91 673
711 469 255
712 375 293
712 228 181
713 568 280
714 9 863
714 332 756
714 157 307
715 227 886
716 451 449
717 592 34
717 66 611
718 456 414
718 525 703
719 532 662
719 429 389
719 447 529
720 118 111
720 294 747
720 245 701
720 78 840
720 498 293
721 368 131
721 73 428
722 291 773
723 329 523
723 511 292
724 272 281
724 270 759
724 15 112
725 344 693
726 25 763
726 596 462
727 414 269
728 151 449
729 81 184
729 3 958
729 127 304
729 387 117
730 159 661
731 399 751
732 600 942
732 19 329
732 140 553
733 493 421
734 414 107
734 567 994
735 341 861
735 259 711
735 344 925
735 42 506
736 20 547
736 296 207
737 188 922
738 315 157
739 507 691
740 235 424
741 552 32
741 253 28
742 270 378
743 513 286
743 359 162
744 249 619
744 399 717
745 506 496
745 388 275
746 208 863
747 332 380
747 531 255
748 432 604
749 163 371
750 144 343
750 588 360
751 297 456
751 400 246
751 458 34
751 577 458
751 163 369
752 575 697
752 435 694
753 97 842
754 54 672
755 202 661
756 371 251
757 81 165
757 586 531
758 104 315
758 563 337
758 434 457
759 28 277
760 471 293
761 200 705
762 257 248
762 188 604
763 3 804
763 120 786
764 414 265
765 593 80
765 326 779
766 308 625
766 427 425
767 30 826
768 48 735
769 576 393
769 289 728
770 125 411
771 230 785
771 51 487
772 227 773
772 99 460
772 477 149
772 421 356
772 581 611
772 88 925
772 581 984
773 424 920
773 211 763
774 249 700
775 338 903
775 480 220
775 538 819
775 559 683
775 554 468
775 332 398
776 14 927
777 302 744
777 176 752
777 457 902
777 463 138
777 128 17
778 287 316
779 255 357
780 61 657
780 382 975
780 291 960
781 58 723
782 26 639
783 512 577
784 382 247
785 187 738
786 97 867
786 556 727
787 7 146
788 444 626
788 428 59
789 90 860
789 52 372
789 561 828
789 58 516
790 419 444
791 257 902
792 200 774
792 210 321
793 154 421
794 467 265
795 301 544
795 404 480
796 331 174
797 453 991
798 120 765
798 346 572
798 180 688
798 181 22
799 481 173
800 371 810
800 539 607
801 563 926
801 267 773
802 44 523
802 272 75
803 538 128
803 91 341
803 533 219
804 483 349
804 61 765
804 186 124
804 309 675
804 255 127
805 169 185
806 510 854
806 102 253
806 596 423
806 89 575
806 152 14
807 385 39
808 445 726
809 112 47
810 234 317
810 446 94
810 311 710
810 127 421
810 336 894
810 470 440
810 492 67
810 136 35
811 120 845
811 77 843
812 210 504
812 7 206
813 396 680
814 314 609
815 92 426
815 311 417
815 460 485
815 434 693
815 248 369
815 16 312
816 148 74
816 421 590
817 476 317
817 234 136
817 420 673
818 254 748
818 558 372
818 487 494
818 552 772
819 351 364
820 357 157
820 91 409
821 114 307
822 328 194
822 100 207
822 346 910
822 334 629
823 2 278
823 554 367
824 61 712
825 506 338
826 425 380
827 33 144
828 195 23
828 203 658
829 332 247
830 274 72
830 270 728
831 165 415
832 273 860
833 38 278
833 93 522
834 150 264
834 503 27
834 491 553
834 539 18
834 23 45
834 113 351
834 159 356
834 178 170
835 298 542
835 458 338
835 352 738
836 398 23
837 286 443
838 461 648
839 598 68
840 440 311
840 456 435
841 48 197
842 25 965
843 175 722
843 254 672
843 464 949
843 133 972
843 107 94
844 532 647
845 146 692
846 574 961
847 94 667
847 510 188
847 585 28
848 496 999
848 237 454
848 509 181
848 137 703
848 16 577
848 564 58
848 401 159
848 102 939
849 500 562
849 162 790
849 392 385
850 531 472
851 180 306
851 409 53
851 478 565
851 341 691
852 74 629
852 485 734
853 249 750
853 158 474
853 566 184
854 175 494
855 503 39
855 185 585
856 598 84
856 37 918
856 25 907
856 146 333
857 423 796
857 583 667
857 447 570
858 130 403
858 301 702
859 348 465
860 388 91
860 384 492
861 386 478
862 373 289
863 476 956
863 557 462
864 565 433
865 536 704
865 200 960
865 291 393
866 339 98
866 312 596
866 253 853
867 570 237
868 424 448
869 552 203
870 249 150
871 583 261
871 29 692
871 450 731
872 245 588
872 428 273
873 139 233
874 123 980
874 261 231
874 357 424
874 433 836
875 513 576
876 242 873
876 445 595
876 412 175
876 530 430
877 581 540
878 254 348
878 573 916
878 263 454
878 415 641
879 190 619
880 369 247
880 372 56
880 280 99
881 231 124
881 233 327
881 62 224
881 373 80
882 125 992
882 369 40
883 140 904
883 254 950
883 457 923
883 381 481
883 210 53
883 542 187
884 530 385
885 42 506
886 159 105
887 164 499
888 178 431
888 378 584
889 444 390
889 464 89
889 449 60
890 127 525
891 476 595
892 501 403
893 572 604
894 133 1
895 253 16
896 190 9
896 199 495
897 541 197
898 216 611
899 197 231
899 384 872
900 60 930
901 483 397
902 235 768
903 130 851
904 395 782
904 99 463
904 290 997
905 547 856
905 310 581
905 211 480
905 126 745
906 85 461
907 74 798
908 438 783
909 290 264
910 579 865
910 297 510
911 171 707
912 320 223
912 138 499
912 551 678
913 211 450
914 254 955
915 57 842
915 63 861
915 116 510
916 428 995
916 254 544
917 305 754
918 557 686
918 435 168
919 226 285
919 470 773
920 481 354
920 100 917
921 42 814
922 165 441
922 45 740
922 465 797
923 83 515
924 132 265
924 191 890
925 229 739
925 426 363
925 132 576
925 391 696
925 440 163
925 361 321
926 2 576
927 523 588
927 492 758
928 509 660
928 580 292
928 570 671
928 525 865
929 99 565
929 397 693
930 459 876
931 340 57
931 457 642
931 22 580
932 230 260
933 236 421
934 163 602
934 303 916
935 42 574
935 132 286
935 144 363
935 33 525
936 215 94
937 439 157
938 586 5
939 94 119
939 345 462
940 112 813
941 4 298
941 244 632
942 326 295
942 379 991
943 480 435
944 479 934
944 418 239
944 317 654
945 459 865
945 177 231
945 416 952
945 456 631
946 578 343
946 267 174
947 124 954
948 167 505
948 276 649
948 351 392
948 183 528
949 379 943
950 183 734
951 64 619
951 174 653
952 452 248
953 75 507
954 337 763
954 591 557
954 473 487
954 293 989
955 42 512
955 300 646
955 305 804
956 72 719
957 34 978
957 297 489
958 447 798
958 245 66
958 239 336
959 568 295
959 493 105
960 370 798
960 369 443
960 200 308
960 128 940
960 460 677
960 533 146
961 297 882
961 394 749
961 236 747
962 272 256
962 115 694
963 573 28
963 10 714
963 51 630
963 141 423
963 222 640
964 512 698
965 536 49
965 369 391
966 439 687
966 403 624
966 234 281
967 336 531
968 338 97
968 454 532
969 279 296
969 416 7
969 398 228
969 77 787
969 95 882
969 373 514
970 356 103
970 266 342
971 500 632
972 494 376
972 236 587
973 117 44
973 282 82
973 332 696
974 572 563
975 282 769
975 448 61
976 253 6
977 56 188
977 412 939
978 435 792
979 205 4
980 566 667
980 410 34
980 121 257
981 292 656
981 482 709
981 424 774
981 137 959
981 352 236
981 420 786
981 74 708
981 396 382
982 462 635
982 590 669
982 433 507
983 47 704
984 3 289
984 355 138
984 203 899
984 182 147
984 219 199
985 327 912
985 159 16
986 560 454
987 33 201
988 423 491
989 150 904
989 246 146
989 171 325
989 503 737
990 362 332
990 486 44
991 326 487
991 293 444
991 541 551
991 550 530
991 275 16
991 261 41
992 266 686
992 308 789
993 147 278
994 70 359
995 430 993
995 445 38
996 386 598
997 521 320
998 585 332
998 103 610
998 587 3
998 299 779
998 239 815
998 416 961
999 485 881
999 485 689
1000 157 306
1000 206 56
1001 17 852
1002 138 545
1002 422 757
1003 83 673
1004 89 979
1004 134 698
1005 254 552
1005 92 256
1005 328 943
1006 294 423
1007 354 81
1007 375 18
1007 31 568
1007 276 481
1008 113 424
1009 282 896
1010 58 796
1010 349 305
1011 90 63
1011 267 30
1012 261 906
1012 222 504
1012 226 796
1013 52 285
1013 421 889
1013 382 105
1013 72 365
1013 356 199
1013 147 736
1014 35 641
1014 507 846
1015 260 127
1015 533 573
1016 179 782
1016 382 211
1017 316 69
1018 598 307
1018 18 489
1018 390 770
1019 69 832
1020 471 774
1021 504 287
1022 77 206
1023 280 742
1024 185 220
1024 161 3
1024 412 257
1024 270 683
1024 59 162
1025 410 93
1025 153 669
1025 482 607
1025 160 186
1025 327 370
1026 21 919
1026 85 169
1026 423 71
1027 308 742
1027 510 289
1027 279 110
1028 329 360
1029 384 589
1030 484 225
1031 281 673
1031 111 764
1032 256 427
1033 599 766
1034 580 395
1035 179 344
1036 148 690
1036 271 364
1037 189 727
1037 542 538
1038 123 397
1038 205 241
1039 356 636
1039 222 533
1040 469 583
1041 423 517
1041 576 475
1041 100 398
1042 457 283
1042 334 808
1042 96 401
1043 276 529
1043 421 941
1044 76 652
1045 579 257
1046 415 24
1047 459 922
1048 68 224
1048 245 246
1048 451 146
1048 306 524
1048 458 811
1048 3 424
1049 193 995
1050 492 685
1051 478 594
1052 30 11
1052 217 357
1053 534 961
1053 108 978
1053 140 177
1054 311 952
1054 360 878
1055 214 864
1056 131 333
1057 239 942
1057 594 772
1058 123 791
1058 343 501
1059 534 687
1059 377 320
1059 544 739
1059 518 203
1059 106 957
1060 538 15
1061 140 301
1062 56 578
1063 575 469
1063 492 418
1063 292 886
1064 428 596
1064 569 260
1064 432 740
1064 124 557
1065 207 824
1066 353 357
1067 256 573
1067 83 990
1068 475 265
1069 371 879
1069 92 929
1070 467 336
1070 210 869
1071 261 609
1071 353 856
1072 111 148
1072 111 145
1072 500 577
1072 333 706
1072 194 449
1073 82 72
1073 291 392
1074 428 34
1075 93 749
1075 581 981
1075 76 146
1075 405 387
1075 324 68
1076 384 454
1076 79 113
1076 378 612
1077 105 963
1077 163 517
1077 520 280
1078 385 737
1079 366 706
1080 305 668
1080 198 723
1080 182 1000
1080 361 132
1081 554 739
1081 24 278
1082 114 978
1083 305 414
1084 22 909
1085 161 705
1085 189 561
1085 339 282
1086 494 176
1087 193 317
1087 98 787
1087 299 573
1088 224 288
1089 356 870
1090 215 610
1090 480 350
1090 170 99
1091 421 840
1091 487 340
1092 517 219
1093 194 260
1093 556 719
1093 141 250
1094 391 750
1094 341 895
1095 96 656
1095 347 542
1096 383 879
1096 79 424
1096 42 415
1097 155 583
1098 403 97
1099 404 771
1099 104 936
1100 600 26
1100 532 631
1101 409 804
1102 479 816
1102 285 521
1102 338 929
1102 255 381
1103 227 234
1103 190 481
1103 344 368
1103 478 663
1104 42 966
1104 61 187
1104 386 983
1104 239 331
1104 274 938
1104 197 745
1105 14 638
1105 466 900
1105 441 107
1105 25 587
1105 271 148
1105 177 557
1105 66 647
1106 485 59
1106 198 747
1107 184 462
1107 234 136
1108 83 818
1108 533 896
1108 422 868
1108 596 629
1108 58 288
1109 280 562
1109 44 340
1110 543 825
1111 548 945
1111 525 844
1111 84 951
1112 84 306
1112 193 764
1112 317 672
1112 322 466
1112 301 499
1113 387 802
1113 455 860
1113 433 527
1114 502 527
1115 440 97
1115 69 34
1116 306 868
1117 167 935
1117 564 207
1118 41 518
1119 132 699
1120 312 663
1121 218 538
1121 542 824
1122 583 313
1123 268 312
1123 53 511
1124 330 341
1125 158 809
1126 109 872
1126 547 316
1127 172 951
1127 548 177
1128 7 372
1128 16 119
1128 590 18
1128 116 629
1128 298 623
1128 382 988
1128 13 666
1129 418 248
1130 387 210
1130 359 455
1131 518 301
1131 33 824
1132 15 901
1132 314 691
1132 485 520
1132 399 524
1132 462 695
1133 74 385
1133 189 145
1133 434 848
1134 580 170
1134 103 277
1135 26 487
1135 288 163
1136 277 25
1137 270 259
1138 570 892
1138 337 97
1139 86 110
1140 268 659
1140 61 763
1141 192 451
1142 126 497
1142 417 119
1143 63 687
1144 155 113
1144 219 439
1144 321 50
1144 439 709
1144 59 260
1144 481 118
1144 66 138
1144 377 617
1144 36 740
1144 550 132
1144 498 577
1144 449 683
1144 244 423
1144 575 489
1144 467 76
1144 533 875
1145 126 27
1146 345 365
1146 417 295
1147 500 21
1147 195 585
1148 191 433
1148 354 26
1148 7 756
1148 516 736
1149 237 471
1149 299 877
1150 71 398
1150 562 644
1150 591 188
1151 469 703
1151 347 49
1151 411 602
1152 227 358
1152 486 617
1152 72 566
1153 589 949
1153 411 342
1154 493 190
1155 362 661
1155 147 613
1156 4 219
1156 299 836
1157 594 70
1158 26 539
1158 500 557
1159 466 834
1159 189 871
1160 12 44
1161 187 430
1162 574 353
1163 122 553
1163 351 274
1163 333 453
1164 18 697
1165 73 17
1166 276 688
1167 10 946
1167 569 589
1167 238 170
1168 241 552
1169 375 650
1169 79 136
1169 151 787
1169 371 440
1169 536 132
1169 405 965
1169 211 923
1170 506 14
1171 406 678
1172 596 421
1173 204 986
1174 275 452
1175 268 463
1175 315 387
1175 363 189
1175 429 674
1175 209 892
1176 316 577
1177 524 460
1178 163 200
1178 357 29
1179 480 822
1179 489 552
1179 19 512
1179 115 734
1180 63 69
1180 304 264
1180 120 448
1181 310 184
1181 472 499
1182 524 280
1183 359 978
1183 340 12
1184 138 42
1185 459 120
1185 101 7
1185 278 858
1186 572 12
1187 515 794
1188 435 855
1189 68 277
1190 362 794
1190 559 916
1190 212 169
1191 451 175
1192 360 967
1192 504 254
1193 294 215
1193 525 204
1193 350 74
1194 253 409
1194 50 759
1195 430 7
1196 177 611
1197 18 378
1198 451 996
1198 571 693
1199 270 650
1200 557 548
1201 145 298
1202 6 976
1203 589 903
1203 505 962
1204 248 485
1204 503 163
1204 528 508
1205 107 919
1205 313 440
1206 121 172
1207 574 137
1207 222 822
1207 294 603
1207 280 657
1207 132 958
1208 378 58
1209 219 612
1210 217 589
1211 23 448
1212 206 401
1213 599 963
1214 250 703
1214 98 558
1214 484 875
1214 257 556
1215 347 424
1216 68 28
1216 354 554
1217 174 60
1217 17 869
1218 67 175
1218 304 966
1219 546 214
1219 105 491
1220 461 492
1220 366 275
1221 598 144
1222 569 402
1223 132 834
1224 450 751
1224 78 745
1224 30 211
1225 418 390
1226 396 535
1226 95 679
1226 585 390
1226 63 903
1226 466 420
1227 72 580
1228 286 348
1229 423 770
1230 176 175
1231 269 72
1232 269 485
1233 157 14
1234 145 341
1234 388 268
1234 243 548
1235 596 109
1236 399 992
1236 90 597
1237 94 598
1238 434 81
1239 525 964
1240 534 427
1240 449 732
1241 361 991
1241 256 522
1242 501 394
1242 43 357
1242 250 106
1242 161 794
1243 160 656
1244 54 874
1245 263 482
1246 505 277
1247 387 592
1248 592 712
1249 329 693
1250 535 689
1250 274 85
1250 524 583
1250 139 385
1251 537 917
1252 204 937
1253 311 531
1254 222 444
1255 191 203
1256 266 719
1256 426 960
1256 9 601
1257 413 841
1258 127 365
1258 508 21
1258 546 492
1259 197 49
1259 212 741
1260 283 908
1261 114 561
1261 342 617
1262 589 411
1263 64 292
1263 351 533
1263 77 524
1264 576 416
1265 15 141
1265 496 67
1265 25 296
1265 214 571
1266 582 68
1267 592 361
1267 354 265
1267 438 978
1268 334 448
1268 31 62
1269 592 172
1269 375 759
1270 449 32
1271 177 732
1272 253 733
1273 125 152
1274 542 852
1274 142 112
1275 397 627
1276 394 295
1276 434 983
1276 538 147
1276 194 603
1277 483 79
1278 330 20
1278 549 390
1279 52 996
1280 504 422
1280 143 804
1281 22 82
1281 300 93
1282 396 92
1283 498 313
1283 401 732
1284 437 698
1285 564 776
1285 165 651
1286 574 680
1287 514 988
1288 284 318
1289 478 711
1289 177 89
1289 73 270
1289 49 790
1290 123 55
1291 352 749
1291 368 541
1292 491 320
1292 191 220
1293 455 714
1293 75 674
1293 238 467
1294 421 539
1294 597 219
1294 35 266
1294 469 665
1294 232 364
1295 506 961
1296 358 860
1296 65 50
1296 263 74
1297 445 203
1298 69 682
1298 204 612
1298 8 984
1298 70 667
1299 452 277
1299 258 898
1299 387 544
1299 204 877
1300 487 170
1301 87 246
1301 243 553
1302 343 745
1302 471 752
1302 38 849
1303 555 723
1303 371 503
1304 449 821
1305 247 270
1306 229 356
1307 530 644
1308 184 986
1308 412 243
1308 443 647
1309 267 799
1309 489 919
1309 249 133
1309 429 975
1309 271 996
1310 417 231
1311 460 198
1312 227 65
1312 164 999
1313 584 337
1314 12 163
1315 59 762
1315 97 773
1316 364 943
1317 31 188
1317 414 889
1318 32 147
1318 11 285
1318 210 770
1318 40 696
1318 560 136
1318 272 963
1319 414 659
1319 211 280
1320 28 392
1320 392 336
1321 164 269
1322 77 801
1322 442 180
1323 367 854
1324 185 409
1325 141 998
1325 19 121
1326 31 272
1326 557 636
1326 183 233
1326 251 680
1327 206 235
1328 395 557
1329 429 480
1329 48 624
1330 27 391
1330 311 235
1330 199 884
1330 300 221
1331 106 8
1331 313 870
1332 289 555
1333 195 606
1333 551 863
1333 381 506
1333 120 55
1334 557 302
1335 223 258
1335 115 336
1335 130 781
1335 566 403
1335 253 106
1336 123 558
1336 17 203
1337 254 966
1337 483 115
1338 539 442
1339 428 685
1339 334 496
1340 194 548
1341 258 727
1341 226 617
1341 552 469
1342 37 555
1343 76 236
1343 409 313
1343 127 506
1344 56 11
1344 391 499
1344 155 967
1344 21 384
1344 161 467
1344 475 37
1344 398 687
1345 236 265
1345 420 703
1345 297 577
1345 10 549
1346 525 923
1346 136 617
1346 595 372
1347 189 110
1347 339 28
1347 171 711
1348 385 207
1348 390 461
1348 425 530
1349 310 791
1350 574 935
1350 420 932
1350 560 493
1351 485 874
1352 324 435
1353 220 288
1353 204 628
1353 308 125
1354 104 434
1354 525 50
1354 309 78
1354 561 942
1354 227 884
1354 20 892
1354 54 358
1354 289 775
1354 226 321
1355 432 257
1355 446 705
1355 217 772
1356 568 870
1356 328 797
1357 480 821
1357 267 116
1358 217 925
1359 169 30
1359 384 535
1360 194 149
1361 371 47
1361 316 587
1361 299 484
1362 495 778
1363 2 475
1363 540 704
1363 261 456
1363 422 989
1364 415 207
1364 493 45
1364 507 620
1365 591 59
1365 213 829
1365 553 358
1366 245 641
1366 446 159
1367 365 363
1368 257 660
1369 247 695
1370 401 186
1371 187 12
1372 584 101
1372 94 295
1372 131 635
1373 179 339
1374 247 894
1374 167 903
1375 180 111
1375 506 680
1375 283 776
1375 119 993
1375 418 418
1376 446 823
1376 491 105
1377 535 36
1377 115 386
1377 493 644
1378 187 700
1378 89 883
1378 163 593
1379 254 332
1379 105 177
1380 140 547
1381 116 697
1382 372 621
1382 158 100
1383 289 262
1383 207 697
1384 279 661
1384 171 974
1385 442 222
1385 5 295
1385 379 76
1386 370 959
1387 481 721
1388 25 788
1388 165 271
1389 267 783
1389 244 147
1390 362 638
1390 525 747
1390 206 47
1391 480 911
1392 198 688
1392 409 722
1392 256 687
1393 506 821
1394 433 435
1395 418 833
1396 58 828
1397 165 224
1397 432 278
1398 309 961
1398 64 652
1399 597 448
1399 60 244
1399 257 836
1399 244 942
1399 485 136
1400 92 787
1401 153 403
1401 215 325
1401 36 962
1402 538 965
1403 346 551
1404 51 874
1404 214 450
1404 350 536
1404 89 993
1405 139 560
1406 288 151
1406 104 592
1407 511 112
1407 1 930
1408 490 403
1408 417 226
1408 407 1
1408 504 63
1409 238 106
1410 403 159
1411 114 138
1411 137 594
1412 285 681
1413 489 57
1413 371 23
1413 420 392
1414 19 450
1414 201 371
1414 388 413
1414 55 412
1415 391 54
1416 422 880
1416 524 719
1417 258 236
1417 531 48
1418 84 507
1418 272 192
1419 527 660
1420 126 999
1421 512 784
1421 187 338
1421 282 545
1422 121 841
1423 281 768
1423 370 645
1424 439 911
1425 499 606
1425 114 686
1426 313 509
1426 196 300
1427 517 869
1428 46 399
1428 503 583
1428 174 341
1428 325 165
1428 446 509
1428 379 113
1429 538 431
1429 577 919
1430 417 808
1431 35 235
1431 201 157
1431 194 915
1432 122 602
1433 197 882
1434 199 318
1435 520 283
1435 55 347
1435 286 778
1435 29 488
1436 328 501
1436 63 612
1437 503 777
1437 526 655
1438 568 785
1439 391 442
1440 336 12
1441 475 866
1441 283 235
1442 262 87
1443 448 427
1444 131 540
1444 94 665
1444 394 193
1444 349 558
1444 564 806
1444 415 461
1444 413 567
1445 362 759
1446 267 862
1447 97 517
1448 403 626
1449 429 140
1449 212 900
1449 90 821
1449 84 373
1450 373 267
1451 229 314
1451 76 167
1452 281 612
1452 17 54
1453 552 570
1454 98 931
1455 193 840
