600 1000 50 10 3000
28 72
52 4
27 18
13 14
46 71
47 21
21 30
40 89
46 18
70 35
65 41
37 98
38 97
45 63
85 44
65 13
69 70
70 96
88 83
10 87
54 9
8 28
91 0
69 89
18 92
24 35
33 13
86 23
62 31
86 48
75 4
13 96
74 83
92 14
66 54
53 73
63 61
53 6
13 22
95 31
14 72
19 47
37 5
70 0
36 9
48 63
13 13
60 87
97 4
1 15
59 55
40 74
68 93
81 82
16 28
65 30
52 84
30 90
89 52
42 77
61 42
93 74
55 5
13 4
9 15
20 20
22 12
95 90
6 28
24 74
8 90
56 61
26 86
3 68
91 45
97 52
87 90
79 94
95 92
99 57
59 19
77 81
31 72
24 89
52 0
90 72
22 69
10 77
37 1
22 34
6 61
77 37
7 72
29 6
81 41
77 59
74 61
83 98
50 36
99 66
49 41
38 23
10 48
0 99
2 74
34 8
87 63
45 94
87 26
53 69
19 30
80 94
91 15
44 94
3 43
12 52
37 50
75 99
50 27
99 52
1 85
12 40
48 9
87 35
88 40
4 59
70 36
53 14
52 98
60 55
93 72
8 82
74 35
82 24
63 81
29 16
66 93
9 66
55 96
1 95
36 58
54 58
94 8
72 98
58 32
54 3
56 14
86 30
49 68
7 64
1 88
33 19
81 42
85 36
90 38
83 26
96 38
84 43
98 9
41 56
93 47
11 50
61 97
80 63
17 39
27 12
89 9
54 74
97 44
65 81
22 13
71 59
56 69
68 50
25 13
97 88
15 11
38 48
74 55
87 1
26 15
66 67
76 20
42 25
17 59
6 91
72 77
50 81
98 70
31 75
84 80
64 99
91 2
99 65
9 87
19 87
2 85
55 30
57 49
55 26
8 14
18 80
43 68
91 44
17 75
25 81
26 68
35 26
86 45
65 5
32 67
42 87
49 51
36 4
78 44
18 96
77 62
16 90
56 7
35 73
34 12
7 13
80 42
91 18
87 56
23 20
75 17
59 24
69 96
28 47
92 99
95 69
13 11
60 69
71 47
42 5
59 1
70 91
44 61
10 31
17 85
3 44
55 15
68 24
11 49
23 55
0 70
77 13
33 89
82 4
36 76
62 47
78 32
90 74
94 0
5 63
38 61
8 93
76 28
69 39
77 44
46 77
14 23
42 47
12 76
4 0
5 66
99 83
50 90
9 44
42 14
60 32
27 20
77 55
48 46
94 78
42 93
7 8
16 50
8 81
26 12
33 31
30 33
66 80
75 75
77 17
42 89
50 21
9 27
77 57
26 23
35 68
16 95
29 85
45 37
66 23
55 31
84 73
63 11
1 40
29 43
29 31
16 38
10 93
48 88
17 35
9 85
30 38
70 75
75 88
99 76
40 6
7 76
31 70
88 32
63 69
27 44
0 44
35 62
37 83
51 6
18 60
92 1
98 14
28 25
3 27
1 43
85 60
19 17
82 7
1 97
76 29
42 28
73 77
91 62
60 94
54 65
83 52
79 12
29 34
91 30
77 77
42 49
46 76
8 47
74 37
28 16
65 53
93 8
68 5
2 89
87 8
6 71
60 37
35 41
72 26
71 1
55 65
50 1
42 11
1 16
48 81
84 65
35 77
74 3
34 28
44 73
37 2
96 49
39 31
91 11
58 14
80 15
67 74
26 20
42 26
1 26
92 88
55 18
91 89
46 87
14 35
89 11
85 29
92 0
42 57
66 74
25 33
0 51
53 42
78 6
68 22
95 23
40 38
64 86
26 79
74 67
90 11
48 84
39 41
85 33
50 51
60 75
36 60
27 41
55 57
47 23
99 71
33 63
9 11
94 83
78 84
94 27
69 33
20 6
19 70
9 79
46 97
91 25
38 46
34 37
22 65
32 21
36 65
36 45
76 31
67 23
33 88
9 5
46 28
28 7
59 74
4 50
51 94
49 37
32 71
2 64
44 38
81 80
35 9
63 64
15 83
40 1
23 1
6 70
81 34
29 40
60 34
42 63
28 91
52 12
62 54
76 6
44 9
39 32
18 54
48 34
89 88
87 13
41 45
35 22
32 64
14 44
98 57
8 79
48 12
91 63
67 20
21 63
29 60
95 0
67 44
86 56
69 26
18 4
0 2
21 15
47 19
72 7
98 72
19 42
35 38
62 57
2 43
17 49
43 36
93 81
93 78
54 14
56 25
71 8
79 92
23 26
63 47
33 14
20 53
56 55
91 70
12 45
65 82
95 61
70 88
42 15
18 49
30 26
26 53
35 5
97 10
32 60
10 17
26 30
70 34
37 14
4 2
59 22
36 6
83 6
95 25
26 4
44 52
9 31
10 6
41 42
18 51
11 97
33 82
31 23
25 59
10 13
19 13
70 93
30 97
49 74
1 58
5 11
16 99
5 87
2 17
84 88
51 15
11 99
55 88
10 65
1 76
58 72
41 81
66 72
78 67
98 79
26 56
43 94
55 48
81 9
65 17
97 16
85 8
67 40
96 78
6 49
6 16
22 0
97 40
24 27
7 22
7 85
30 2
80 37
50 13
47 68
83 44
84 68
5 4
60 1
34 66
3 92
35 25
92 32
17 16
12 24
91 19
10 21
21 42
59 23
55 58
91 90
2 28
58 7
32 19
61 66
37 64
10 24
41 3
9 58
71 21
82 62
92 44
86 47
88 94
5 80
36 7
8 95
67 92
66 28
10 55
44 20
80 85
75 41
95 47
62 29
61 54
74 97
19 12
96 7
58 1
39 95
61 99
42 80
43 60
60 53
67 4
26 47
41 1
40 36
48 2
17 10
56 91
59 27
56 56
87 66
9 26
78 7
54 21
67 14
27 35
18 53
34 59
54 75
47 55
77 65
65 86
8 76
65 16
84 52
35 46
31 48
68 9
56 75
82 23
89 61
10 8
14 45
19 21
72 19
76 1
36 93
39 96
69 5
13 54
57 48
0 40
96 20
1 4
95 84
45 90
45 12
87 16
33 11
87 9
13 23
2 52
20 23
77 19
33 29
59 81
50 61
97 18
34 94
60 31
6 0
48 91
11 87
0 24
63 54
29 83
20 7
57 53
89 69
86 91
30 24
88 79
94 75
73 55
6 80
55 6
71 18
94 24
95 57
92 60
14 12
20 24
17 61
45 3
52 75
80 92
67 79
81 74
59 88
80 83
7 26
7 2
35 89
78 27
2 44
39 22
20 8
83 65
12 87
40 44
79 46
70 47
78 52
21 37
92 53
72 51
80 31
5 67
21 83
80 86
97 0
95 32
66 59
19 58
55 98
57 25
45 35
29 18
24 22
72 97
25 4
28 31
71 49
14 18
24 94
5 21
47 52
53 13
63 72
71 80
95 68
15 25
87 40
99 11
37 24
15 17
7 38
67 22
9 43
68 14
17 67
18 70
80 81
95 4
51 18
84 46
86 52
23 25
92 74
36 81
51 3
98 58
94 17
32 3
61 1
17 78
20 87
0 1
20 47
57 71
65 93
69 4
45 45
29 89
19 66
22 70
69 21
29 15
90 61
18 3
14 87
33 35
74 34
33 45
17 99
90 39
3 36
84 84
77 3
2 0
74 24
39 63
16 58
67 31
45 0
18 20
86 6
66 20
71 93
75 26
81 11
10 11
14 65
11 40
89 84
47 28
99 64
86 18
47 32
71 65
4 9
23 70
81 78
6 52
23 33
30 5
44 93
68 11
58 79
3 47
15 51
75 66
67 62
85 14
46 56
31 50
17 6
20 99
36 79
51 59
64 34
16 61
27 84
72 85
63 27
32 30
30 59
97 97
73 34
63 19
90 46
69 59
4 42
58 40
73 62
0 37
96 16
98 23
1 22
60 16
50 44
47 80
30 77
78 93
92 18
79 96
60 90
37 33
52 37
22 48
53 21
23 6
95 83
23 97
27 70
30 82
66 60
59 96
5 8
68 97
26 99
94 38
89 31
41 73
66 16
80 62
99 3
59 78
25 89
61 91
1 72
39 7
80 7
4 58
58 98
96 48
81 19
93 49
13 35
75 31
51 55
93 3
58 5
81 35
46 94
26 48
67 17
55 99
76 11
58 34
34 91
26 28
93 91
15 68
22 66
23 68
21 33
20 71
49 98
19 68
15 26
68 91
38 78
77 0
84 12
91 10
1 7
4 24
25 79
92 47
64 17
2 84
88 3
82 60
86 40
40 76
18 18
76 2
30 20
56 66
81 61
90 6
92 34
53 57
3 7
93 92
11 76
4 83
25 42
19 93
36 95
47 18
15 12
92 72
79 73
85 21
79 77
8 33
86 11
92 80
55 3
8 59
38 33
2 13
51 21
58 87
57 84
70 49
8 1
22 93
75 2
22 83
94 31
41 50
35 49
9 25
34 63
91 86
84 1
25 53
59 35
37 82
84 45
35 59
90 10
61 12
93 0
73 88
31 14
90 18
15 99
96 50
63 87
88 99
88 65
0 41
82 85
38 69
44 80
80 57
93 25
9 18
13 40
33 55
11 48
7 7
50 22
46 38
21 34
4 26
86 4
19 20
41 10
90 37
90 70
94 35
95 55
54 61
48 39
68 59
39 75
18 90
97 64
28 19
50 84
97 37
41 68
9 82
78 99
72 21
21 18
8 69
74 14
82 22
53 50
81 45
35 23
15 15
94 65
52 43
54 93
12 64
27 42
63 99
63 37
18 24
6 92
38 40
66 92
90 47
37 68
98 24
44 65
30 43
36 98
1 64
40 16
15 56
53 85
80 11
3 95
62 46
94 51
27 58
9 19
1 92
62 35
29 99
85 30
98 82
81 4
68 61
15 97
98 31
84 25
42 45
44 43
37 7
30 66
58 15
48 73
7 74
51 75
87 18
25 19
89 70
66 6
61 16
90 45
41 32
27 28
45 9
47 3
76 95
28 68
42 35
94 45
63 34
64 88
5 5
10 71
12 71
87 54
69 81
38 60
26 39
19 54
35 99
74 29
86 69
75 49
3 91
89 8
96 99
23 71
14 92
4 52
4 23
21 96
39 47
36 10
53 71
61 28
52 48
49 27
49 4
12 67
90 96
79 65
20 94
57 24
98 61
0 72
10 39
71 46
2 25
69 63
1 13
58 71
4 22
12 91
16 21
15 66
35 15
38 45
7 10
91 61
35 12
76 40
33 40
94 34
5 52
6 9
26 96
7 97
66 71
88 82
45 56
49 80
23 87
77 82
97 68
43 84
80 20
24 65
12 70
0 17
74 58
78 1
54 37
98 73
9 39
55 54
95 56
96 63
53 45
83 96
30 15
68 6
80 32
77 32
49 3
90 79
4 45
17 55
70 78
94 25
84 89
34 70
59 30
33 12
27 16
61 57
83 81
16 63
14 93
96 15
48 86
95 53
83 64
8 5
42 54
31 26
95 17
96 6
99 81
19 26
49 32
36 32
13 52
47 79
97 43
95 45
82 90
50 17
54 10
23 48
64 6
74 59
75 22
18 74
3 89
21 88
36 86
92 83
66 89
79 61
3 37
30 9
48 5
57 64
63 83
76 38
5 94
64 60
83 17
64 56
57 52
42 50
35 60
91 66
21 78
79 76
68 62
85 68
19 94
84 83
77 60
54 38
94 89
55 10
62 40
14 50
0 6
16 74
36 48
50 56
10 88
82 61
64 12
21 38
76 41
17 31
3 15
95 66
7 62
68 7
20 84
33 56
65 46
24 41
76 58
2 92
70 24
30 17
4 6
10 73
89 13
88 37
31 47
99 99
55 19
36 88
24 44
67 0
86 95
59 40
87 29
16 70
98 20
76 8
34 6
57 89
77 45
29 56
65 54
1 84
6 39
31 65
79 19
95 48
89 45
68 17
6 14
35 80
1 42
37 35
76 77
91 5
34 9
93 18
26 25
35 57
96 82
5 37
28 26
6 34
92 42
66 45
36 3
32 85
2 8
62 93
66 48
2 29
35 48
99 61
25 35
69 76
10 97
54 16
83 47
10 49
5 77
84 7
85 98
0 3
33 34
3 84
96 28
19 19
1 89
95 63
38 2
31 22
49 42
41 28
70 77
35 8
27 88
11 74
43 96
9 46
81 57
26 52
76 79
93 23
42 32
25 73
6 26
67 29
72 60
58 94
37 93
2 65
81 66
91 76
14 52
74 95
61 0
0 89
31 93
13 73
25 90
99 31
17 18
61 41
79 71
64 90
56 29
74 70
33 1
18 95
53 18
84 85
10 89
40 61
72 9
2 11
56 37
31 73
27 69
71 35
98 97
58 83
98 76
46 15
98 8
13 71
69 45
8 71
56 65
38 88
8 61
94 9
62 72
13 8
39 2
17 8
53 68
16 18
57 19
64 18
11 2
63 35
30 74
21 24
35 83
48 48
43 40
2 12
48 7
80 64
50 89
23 60
61 87
78 72
43 57
24 25
83 97
49 18
32 50
66 75
42 68
40 90
6 54
96 9
43 19
69 56
58 99
28 52
89 72
49 45
64 95
1 30
23 43
51 63
85 79
87 91
85 35
0 28
54 69
85 65
69 65
69 10
75 39
77 38
90 41
23 9
86 74
24 71
62 90
47 63
71 53
84 8
70 5
73 40
71 91
54 0
81 96
41 15
39 65
76 25
48 49
12 10
39 11
25 62
16 62
70 87
67 96
79 83
26 17
51 7
13 44
75 52
61 51
29 5
52 77
87 45
27 30
82 94
78 61
29 41
64 55
58 67
63 23
63 38
27 25
89 56
30 93
33 84
61 73
38 89
36 17
72 70
84 93
44 0
48 54
67 11
78 30
1 5
7 91
14 37
36 47
73 98
20 55
90 58
44 78
75 68
1 39
71 85
32 15
37 80
21 4
44 51
88 23
83 77
70 57
75 91
12 17
1 8
96 29
29 97
68 0
34 52
67 71
84 40
92 65
26 1
11 66
24 95
4 70
88 39
28 84
68 57
9 67
40 28
38 24
69 17
5 61
82 83
14 94
49 38
41 93
63 22
65 51
13 93
87 81
3 20
21 64
39 13
93 29
89 14
27 81
77 41
75 27
31 16
72 15
89 30
35 78
99 8
21 40
20 11
6 18
5 33
99 35
26 26
14 9
42 86
76 7
21 66
37 12
20 65
91 56
32 86
30 4
49 88
21 22
41 99
49 55
8 43
93 85
27 23
57 70
79 53
60 96
34 78
49 35
41 88
47 83
39 48
90 48
1 424 848
1 115 308
2 566 377
2 472 753
3 129 77
3 77 483
4 436 821
4 599 398
5 339 703
5 233 420
6 247 857
7 482 660
8 390 942
9 429 558
10 182 803
11 490 682
11 547 352
12 501 900
13 292 784
13 259 957
13 544 280
14 150 746
14 170 617
15 438 97
16 556 80
17 55 733
17 363 721
18 305 7
19 260 779
20 384 337
21 253 333
22 99 316
23 72 709
23 276 326
24 260 338
24 391 7
24 514 48
24 36 617
24 42 126
25 32 897
26 556 16
27 268 552
27 295 485
27 408 651
28 305 859
29 505 67
30 320 729
31 320 202
31 500 534
31 417 365
32 556 802
32 473 509
32 380 943
32 245 690
32 500 637
33 31 765
34 457 801
34 400 925
34 458 72
35 73 409
36 582 860
37 400 394
37 203 210
37 569 107
38 223 723
39 547 672
39 132 4
40 581 422
40 76 157
41 170 873
42 2 868
43 86 853
43 341 316
44 464 878
45 160 851
46 275 13
47 93 759
48 302 224
49 364 62
50 58 382
51 197 245
51 436 543
51 556 318
52 564 781
52 308 614
52 15 720
53 140 436
53 281 979
53 383 634
54 39 774
55 435 674
55 339 484
56 589 119
57 531 482
57 363 745
57 562 68
57 556 36
58 504 93
58 418 746
58 203 94
58 98 65
59 50 103
60 220 433
60 64 615
60 142 468
61 511 105
61 412 947
62 356 885
62 254 589
63 553 160
64 13 728
65 469 135
66 345 35
67 515 76
68 263 723
68 46 361
69 90 742
69 252 898
69 351 606
70 228 548
71 51 888
72 362 142
73 99 926
73 459 919
73 411 558
73 465 458
74 27 134
74 35 103
75 370 929
76 405 241
77 110 801
78 599 592
78 597 530
78 468 321
79 392 15
79 465 563
80 171 695
81 73 661
81 71 223
82 478 112
82 223 351
83 343 16
84 352 392
84 488 135
84 239 403
84 146 721
84 447 859
85 575 836
85 444 518
85 122 152
85 305 783
86 15 78
87 481 166
87 570 778
87 202 490
88 131 712
88 29 677
89 468 247
90 446 145
91 152 339
91 199 200
91 448 118
91 205 445
91 404 760
92 368 270
93 129 553
93 490 378
93 571 528
94 594 560
94 362 792
94 78 991
95 369 561
96 432 560
97 263 385
98 402 627
99 465 872
100 264 156
101 355 897
101 403 558
102 230 473
103 197 153
104 103 277
104 478 969
104 42 453
105 503 41
105 181 530
106 137 41
107 473 379
108 93 146
109 72 674
109 462 249
110 465 82
111 110 231
111 261 228
112 383 218
112 360 156
113 468 290
113 438 77
114 195 42
114 378 647
114 194 867
115 443 452
115 454 966
115 360 42
115 372 714
116 363 569
117 186 879
118 235 246
119 173 681
119 204 860
119 291 818
119 197 736
120 185 781
120 4 231
121 302 324
121 32 397
122 86 82
122 363 678
123 578 815
123 252 655
124 318 99
125 280 269
125 5 200
126 92 539
127 518 367
128 188 666
129 331 979
129 15 950
130 555 573
130 404 618
131 186 565
131 594 825
132 182 591
133 281 203
133 70 556
134 520 887
134 304 73
135 504 562
135 419 770
136 293 949
137 594 824
137 442 680
137 254 203
137 160 112
138 480 434
139 538 879
139 468 590
139 238 99
140 96 487
141 346 187
141 537 473
142 597 963
142 505 912
142 336 461
142 149 199
143 290 221
143 489 56
144 324 446
144 49 138
145 72 915
145 192 239
146 429 850
147 385 904
148 42 296
148 93 347
149 101 172
150 580 107
150 275 539
151 284 836
152 443 149
152 336 963
152 465 810
152 365 411
152 83 29
153 176 445
154 127 100
155 81 89
156 45 420
157 321 420
157 312 656
158 515 385
159 140 61
160 485 183
161 529 853
161 486 573
162 8 916
163 553 238
163 210 148
164 373 631
165 174 32
166 385 671
167 590 419
167 531 658
168 78 788
168 467 356
168 15 883
168 46 865
169 55 455
169 311 283
170 413 903
171 72 213
171 513 413
171 463 782
172 247 671
172 42 469
173 291 907
173 567 389
174 127 619
174 270 155
175 251 426
175 350 350
176 262 588
176 391 520
177 594 279
178 69 480
178 245 436
179 331 530
179 595 535
179 339 85
179 458 966
180 376 49
180 459 200
181 200 193
182 22 230
183 299 626
184 465 461
185 587 645
186 545 222
187 20 496
188 357 451
189 218 608
189 442 913
189 220 114
190 249 409
191 288 417
191 73 868
191 586 77
192 399 560
192 83 495
192 58 136
192 261 859
192 268 266
192 324 401
192 114 241
193 104 363
194 331 851
195 540 235
195 127 428
196 594 741
197 61 341
197 138 200
197 169 974
198 18 68
199 568 607
200 420 280
200 283 453
201 461 499
201 251 971
201 47 312
201 300 908
202 516 321
203 423 820
203 486 532
204 136 911
204 35 733
205 113 714
205 328 767
205 339 853
205 480 819
205 396 468
205 583 445
205 427 325
205 252 68
205 360 720
205 172 533
206 166 406
207 183 425
208 501 760
208 7 287
208 255 987
209 386 708
209 427 134
209 441 17
209 108 758
209 77 812
210 464 823
211 329 786
212 467 612
213 433 753
214 251 628
215 444 358
216 333 907
216 518 231
217 332 13
217 387 106
217 236 794
217 473 850
217 480 328
217 526 634
217 107 201
217 446 100
217 418 186
217 120 671
217 16 881
218 154 929
218 187 395
218 110 659
218 283 499
218 300 916
218 123 725
219 568 424
220 443 217
220 222 596
221 362 74
222 559 754
222 157 462
223 119 547
223 537 71
224 139 123
224 565 772
225 244 72
225 171 941
226 374 87
227 378 77
228 122 42
228 519 990
229 123 548
230 187 971
230 210 781
231 55 776
232 295 62
233 422 937
233 369 201
234 250 654
235 131 236
236 464 739
236 17 320
237 477 662
238 561 480
238 554 427
239 72 783
239 460 674
240 28 116
240 161 845
240 446 934
240 414 216
240 70 876
241 352 749
242 141 585
242 57 967
243 82 278
243 480 334
243 502 496
244 525 86
244 370 387
244 378 629
245 513 784
246 112 220
247 473 28
248 496 724
249 489 287
250 327 783
250 522 695
251 121 743
251 92 824
251 129 845
251 134 1
251 379 803
252 144 509
253 401 757
253 1 14
254 32 303
254 290 362
255 10 619
256 119 985
256 242 53
256 578 61
257 306 44
258 181 531
259 201 927
260 594 590
260 353 225
261 462 853
261 590 1000
262 440 274
263 97 841
263 430 54
263 585 251
264 347 526
265 312 97
265 112 139
265 477 964
265 353 120
265 541 678
266 469 313
267 341 367
267 167 561
268 501 284
269 271 208
269 540 307
269 286 256
269 247 383
270 417 700
270 271 378
271 173 589
271 91 34
271 529 8
272 264 391
273 165 515
274 586 585
274 389 293
275 20 405
275 349 341
275 45 2
276 440 505
277 506 607
278 147 420
279 454 773
279 169 666
279 444 852
279 501 630
279 49 994
279 64 817
280 115 861
280 279 288
281 475 826
281 487 181
282 127 500
282 39 953
283 140 517
284 306 183
285 212 595
286 227 449
286 375 670
287 384 4
288 269 235
288 213 855
288 152 282
288 297 388
289 390 97
290 561 566
291 531 661
291 567 425
292 306 226
293 5 363
294 428 649
295 432 420
295 144 419
295 37 699
296 147 48
297 593 219
298 210 8
299 51 518
300 343 427
300 420 469
301 143 559
302 202 996
302 307 760
302 484 933
303 111 75
304 118 804
305 303 907
305 227 447
306 68 818
307 183 517
307 550 721
307 240 677
308 500 160
308 446 997
308 306 345
309 429 582
310 543 236
311 133 99
312 395 254
313 570 539
313 352 226
314 453 354
314 339 316
315 328 626
316 341 238
317 596 51
317 424 879
317 198 773
317 94 858
318 57 951
318 419 156
319 317 379
319 584 261
319 118 839
319 473 575
319 4 194
319 186 178
320 373 704
320 106 773
321 66 185
322 264 107
322 159 157
323 526 677
323 463 278
323 515 581
324 133 100
325 193 158
325 331 1
326 198 382
327 289 56
328 130 217
329 28 731
329 70 331
330 565 67
330 308 836
331 403 438
331 213 99
331 19 450
331 311 329
331 170 383
331 363 174
331 431 786
332 380 76
332 464 561
333 347 932
334 177 554
334 265 931
335 583 952
336 280 578
337 557 858
337 514 899
337 246 582
338 330 73
339 135 795
339 1 870
339 395 260
339 560 193
339 163 534
339 581 387
340 390 401
341 539 42
342 286 14
343 284 352
344 162 756
344 93 214
345 248 649
345 424 808
345 284 407
345 329 693
345 221 152
345 52 520
345 382 75
346 504 537
347 147 137
347 257 967
347 228 763
348 593 405
349 148 912
350 56 258
350 164 264
350 355 388
351 83 560
351 545 350
352 480 213
352 528 299
352 228 194
353 173 700
353 66 397
353 167 915
354 583 260
354 178 210
355 224 19
355 570 876
356 510 342
356 414 356
356 37 908
356 254 708
357 159 508
357 407 381
357 303 422
358 47 194
358 340 882
358 153 979
358 61 248
358 278 118
359 404 902
359 389 147
360 240 334
360 352 463
361 359 540
362 188 92
362 37 396
362 494 160
363 593 979
364 17 764
364 443 318
365 158 354
366 563 563
367 77 463
367 229 365
367 483 734
368 284 375
369 363 331
370 58 659
370 386 706
370 341 954
371 575 167
371 101 685
372 156 888
372 488 302
373 395 844
373 27 351
373 11 712
374 527 375
375 383 226
375 146 18
375 584 672
376 400 57
377 53 835
377 388 898
378 236 125
378 306 165
378 332 339
379 177 792
380 56 314
380 470 799
380 455 681
381 268 379
382 524 101
383 44 718
384 85 408
385 282 187
385 75 953
385 494 200
385 129 14
385 452 337
385 79 540
385 244 180
385 37 452
386 476 308
386 65 362
387 471 149
387 332 212
387 135 724
388 338 180
389 121 324
390 184 30
391 75 941
391 435 973
391 377 942
391 46 552
392 193 384
393 127 772
393 501 227
394 122 425
394 84 823
394 8 700
395 506 213
396 404 653
397 572 275
397 103 928
397 31 532
398 161 118
398 217 70
399 248 257
400 473 637
400 426 207
401 441 236
402 287 169
402 452 132
403 430 184
404 464 227
404 377 494
405 23 128
405 164 105
406 369 197
406 281 58
407 282 898
407 320 208
407 78 787
408 565 768
408 108 738
408 39 999
408 477 12
409 142 436
410 558 211
411 79 321
412 128 237
412 292 164
412 347 12
413 121 63
413 456 922
414 525 9
414 282 690
414 274 591
414 356 506
415 341 54
415 221 416
416 298 995
417 244 50
417 436 86
417 327 35
417 87 239
417 24 490
418 578 601
418 37 136
419 426 611
420 504 609
421 354 407
421 280 727
421 112 156
422 389 926
422 303 957
422 170 265
423 317 87
424 163 508
425 218 771
425 584 914
426 108 580
427 598 867
428 431 185
428 116 189
429 144 662
429 141 361
429 463 521
430 247 356
430 385 1
431 326 954
432 340 36
433 166 23
433 99 338
434 428 873
434 75 65
435 152 253
435 520 375
436 596 871
437 340 618
438 139 373
439 113 116
440 102 536
441 276 696
442 12 423
442 594 805
442 305 534
443 171 374
444 589 778
445 85 468
445 311 78
445 485 230
445 247 945
446 512 213
447 61 227
447 205 664
447 444 493
448 331 347
448 312 2
449 529 327
450 535 40
450 21 520
450 423 257
450 171 607
450 567 38
451 43 575
451 56 814
452 588 100
453 217 206
453 431 43
454 232 469
455 228 145
456 575 89
456 539 166
456 305 758
456 69 781
456 108 792
456 365 2
457 79 261
458 449 393
458 356 917
459 439 70
460 569 228
460 453 847
460 328 537
460 338 833
461 441 427
461 56 472
462 38 747
463 96 776
464 289 44
464 428 320
465 100 902
466 501 584
467 55 66
467 324 587
467 485 411
468 91 656
469 586 131
469 135 703
470 138 383
470 435 178
471 238 48
471 425 167
471 283 80
472 197 545
472 145 297
472 588 94
472 485 445
473 294 272
473 36 711
473 348 608
473 279 148
474 375 502
474 483 326
474 551 627
474 318 519
475 576 823
475 214 253
476 122 580
477 580 954
478 355 233
478 271 420
478 377 830
478 358 305
479 484 349
479 545 622
480 339 190
480 566 857
480 592 505
481 389 239
481 192 362
481 419 650
481 233 797
481 566 320
482 411 279
483 240 199
484 384 211
485 593 586
486 159 542
486 186 673
487 573 705
488 43 205
489 363 190
490 282 283
490 52 69
491 161 546
492 438 42
493 98 104
493 301 683
493 345 924
493 3 297
494 370 759
494 16 736
495 520 317
495 567 354
496 540 716
497 452 921
498 68 103
498 306 821
499 180 186
499 150 444
499 42 632
499 161 501
499 167 574
499 555 290
500 189 482
501 353 300
502 12 697
502 248 107
503 271 506
503 364 536
503 181 215
503 299 565
504 11 639
505 361 965
505 592 568
505 300 46
505 18 681
505 406 7
505 447 606
505 519 279
505 390 394
505 292 575
506 567 592
507 326 883
507 117 589
507 59 202
508 503 897
509 323 659
509 106 829
509 439 451
510 155 939
510 145 725
510 339 549
511 452 311
512 481 702
513 510 374
513 376 2
513 329 273
513 15 731
514 233 631
514 119 787
514 368 565
514 468 542
515 23 322
516 87 372
516 25 585
516 50 361
517 541 885
517 34 816
517 364 485
518 209 829
519 224 86
519 152 215
519 27 556
519 119 112
519 470 386
520 147 862
521 495 260
522 199 669
523 141 46
523 270 508
523 508 364
523 342 260
523 136 682
524 62 150
525 288 861
525 458 782
525 176 552
526 553 635
526 539 326
527 321 520
527 98 588
527 545 460
528 532 66
529 483 877
530 161 137
530 56 318
531 338 55
531 37 919
531 579 645
531 467 320
532 339 428
533 159 989
533 348 611
533 320 689
533 26 373
534 452 788
535 54 53
536 468 892
536 85 203
536 283 239
537 423 193
538 12 564
538 541 398
538 28 642
538 166 34
539 64 630
539 366 705
539 463 325
540 445 362
540 312 38
540 592 65
541 583 548
541 361 733
542 72 342
542 142 171
543 130 657
544 317 429
544 124 785
545 302 765
545 362 909
545 79 898
545 450 363
546 515 856
546 8 680
546 281 530
547 58 913
548 261 947
549 92 31
550 200 919
550 503 121
550 246 58
550 439 876
551 60 215
551 238 798
551 37 528
552 586 276
552 337 10
552 9 193
552 559 425
553 192 85
553 280 822
553 140 697
553 115 713
553 261 737
554 485 849
554 471 694
555 272 279
556 36 957
556 81 350
556 580 223
557 197 550
557 244 620
558 455 455
558 63 497
559 164 707
560 566 455
560 46 165
560 139 695
561 113 108
562 185 885
562 117 117
563 247 982
564 133 527
565 565 939
566 258 985
566 253 144
567 130 728
568 549 660
568 460 659
569 559 807
569 574 483
570 294 814
571 99 870
571 574 395
572 73 489
572 354 225
573 547 881
574 452 600
575 460 836
576 519 256
577 118 403
577 268 383
577 443 203
577 578 732
578 501 514
579 191 18
579 293 174
580 21 140
581 558 949
582 296 549
582 87 722
582 71 130
582 66 110
583 104 958
584 1 563
585 265 434
586 446 469
586 19 655
587 360 788
587 334 172
588 164 436
589 116 934
590 429 430
590 325 428
590 485 887
590 579 935
591 241 554
592 198 65
593 192 493
593 64 881
593 436 762
594 257 899
595 84 211
595 56 325
596 546 391
596 597 967
597 566 166
598 95 655
599 548 796
600 430 663
600 480 67
601 259 978
602 537 14
602 482 927
602 90 702
602 339 348
602 547 264
602 451 987
603 594 921
604 234 375
604 226 488
604 468 534
604 235 712
605 132 676
606 305 731
606 345 911
607 417 711
607 14 506
608 176 40
609 95 576
609 399 59
609 490 584
609 53 515
610 240 686
610 82 527
611 376 98
612 10 915
612 426 49
613 174 705
613 28 538
614 205 255
615 245 968
616 157 438
616 62 766
616 257 440
616 309 532
616 98 331
616 346 813
616 393 548
617 567 910
618 23 441
618 132 942
618 415 819
619 214 520
620 538 478
621 259 283
621 493 684
621 412 930
622 556 837
623 61 563
624 460 241
625 556 6
626 400 516
627 518 599
628 457 718
628 547 720
629 505 683
629 327 481
629 469 863
629 436 933
630 182 32
631 406 372
632 20 613
632 39 380
633 292 316
634 585 463
634 445 430
635 256 39
636 466 288
636 43 661
637 529 268
637 483 24
637 256 127
638 408 53
638 50 295
639 265 359
639 33 376
639 81 452
639 461 274
640 233 629
641 404 235
642 231 288
642 48 863
643 490 753
644 226 581
645 206 184
646 323 583
646 597 387
646 88 972
647 218 102
647 287 167
648 10 36
648 391 953
649 160 449
650 301 342
651 463 801
652 21 246
652 70 691
652 413 47
652 254 824
652 145 231
653 135 155
654 83 831
655 400 75
655 88 401
656 95 726
656 248 162
656 184 26
657 354 681
657 443 24
658 71 466
658 138 4
658 302 504
658 539 491
659 75 239
660 388 982
661 247 383
661 131 800
662 506 386
663 223 778
664 497 958
665 580 836
665 417 460
666 136 632
666 482 464
666 399 240
666 351 79
667 224 37
667 493 265
668 455 598
668 452 56
668 14 843
668 276 800
669 489 121
670 462 37
671 37 202
671 547 716
671 510 792
672 450 527
673 548 127
673 241 745
674 497 112
675 376 876
675 476 657
676 432 543
677 378 5
678 473 115
678 266 179
679 75 643
679 188 7
679 86 560
680 469 100
681 316 25
681 238 489
681 135 882
681 495 595
681 323 598
682 236 732
683 306 420
683 271 912
683 154 260
684 95 188
685 81 302
685 450 897
685 243 600
685 229 804
686 25 290
686 265 356
686 484 207
687 258 79
688 467 7
689 69 353
689 57 585
690 115 380
691 380 275
692 172 26
692 58 780
693 156 305
694 304 973
695 53 405
696 135 19
697 165 724
697 502 308
698 594 219
698 354 996
699 116 271
700 399 599
700 172 775
700 568 283
700 497 580
701 107 25
701 468 217
701 287 508
701 48 707
701 80 896
701 289 176
701 71 746
701 397 868
702 236 531
703 407 641
704 266 842
704 538 87
704 311 74
705 115 588
706 199 24
707 310 809
707 260 911
708 236 308
708 371 309
709 291 780
710 552 10
710 189 219
711 594 940
712 378 130
713 202 630
714 326 816
714 309 501
714 589 672
715 434 547
715 211 23
715 467 595
715 289 912
715 141 700
715 349 982
715 165 128
716 466 224
717 411 436
718 376 522
719 591 916
719 269 580
719 428 325
719 317 144
719 589 196
719 334 279
720 529 570
720 420 807
721 493 784
722 101 736
723 224 581
723 220 770
723 307 130
723 433 561
723 139 535
724 493 750
724 544 169
725 425 658
725 487 632
725 322 628
726 526 962
726 298 117
727 295 103
728 161 779
728 48 979
729 526 803
729 3 922
730 219 544
730 84 147
731 294 604
731 446 634
732 337 158
733 385 22
733 147 5
734 474 919
735 447 1
735 375 179
735 481 784
736 212 430
737 347 844
738 133 253
739 464 50
740 198 94
740 308 650
741 136 918
742 492 313
743 439 184
744 51 221
744 417 867
744 472 79
744 393 801
745 277 422
745 30 205
746 431 266
747 2 700
747 590 336
747 530 265
748 220 521
749 207 471
750 268 870
750 414 437
751 429 987
751 453 515
752 256 925
753 468 922
753 67 574
753 401 209
754 313 595
754 95 962
754 548 584
755 240 798
755 179 72
756 320 851
756 203 26
756 164 577
756 530 17
756 374 988
757 510 574
757 197 344
757 419 294
758 28 314
758 480 201
758 472 351
759 170 529
760 352 963
761 522 115
761 129 562
762 230 100
762 247 154
763 164 71
763 373 375
763 75 541
764 595 214
765 110 709
766 327 438
766 422 172
767 358 75
768 46 57
768 320 630
769 567 574
770 94 43
771 442 415
772 540 718
772 114 317
773 577 450
774 335 209
775 342 398
776 86 76
777 561 277
778 457 273
778 457 736
778 428 257
779 199 563
779 91 516
779 236 57
779 312 208
780 88 891
780 316 801
781 590 102
782 86 386
783 52 283
783 392 218
784 198 781
784 517 13
785 272 497
785 140 849
786 258 232
786 142 488
787 361 480
788 466 624
789 182 329
790 408 76
790 526 613
791 467 658
792 99 400
793 500 157
793 599 742
793 394 248
794 47 501
795 523 595
796 361 305
797 490 678
797 417 959
797 553 719
798 375 739
798 248 476
798 137 390
798 57 354
798 117 309
798 409 921
799 149 676
800 231 52
800 74 132
800 447 123
800 251 588
801 218 304
801 566 203
802 174 964
803 169 580
804 151 42
804 544 631
804 422 602
804 101 216
804 50 509
805 224 147
805 72 594
806 304 249
806 298 678
806 62 274
806 455 668
807 418 309
807 163 150
808 233 692
809 498 779
809 20 902
809 296 262
810 306 197
811 511 353
811 535 415
812 263 660
813 496 152
814 135 839
815 407 226
816 243 372
817 2 880
818 165 945
818 69 543
819 291 844
819 499 85
820 558 498
821 582 53
821 454 350
822 511 81
823 444 556
823 392 681
824 212 631
825 89 238
826 545 598
827 494 904
827 374 970
827 192 577
827 67 946
827 194 917
828 516 158
828 71 343
828 315 694
828 151 658
829 150 876
830 529 383
830 360 598
831 129 72
831 438 576
831 521 97
831 256 67
832 337 773
833 587 435
834 163 651
835 401 411
836 2 574
837 504 892
837 89 483
837 98 949
838 125 154
838 40 289
839 514 768
840 266 702
841 452 223
842 73 282
842 311 368
842 113 945
843 266 994
843 576 490
843 387 422
844 568 60
844 398 81
844 60 85
845 333 899
845 135 894
845 431 234
846 549 889
846 108 934
847 286 681
848 450 81
848 308 211
849 64 721
850 223 665
850 101 336
850 70 483
850 599 782
851 323 264
852 531 578
853 490 432
854 334 140
854 249 757
855 473 86
855 231 27
856 258 335
856 575 299
857 241 90
858 510 86
858 219 961
858 291 915
858 591 982
858 124 815
859 190 264
859 449 6
860 151 295
861 524 148
861 270 309
862 237 120
862 27 69
862 453 930
862 356 652
863 86 460
864 224 410
865 382 37
865 173 238
866 239 331
867 462 686
868 345 137
868 453 753
868 404 774
868 487 163
869 541 332
869 389 611
870 25 874
871 426 104
872 533 396
873 505 968
874 510 299
874 7 519
875 76 617
876 258 870
876 410 789
877 358 543
878 501 636
878 248 747
878 460 656
878 376 220
878 192 75
879 1 51
879 49 570
880 339 532
881 498 846
882 184 595
882 484 106
882 218 122
882 131 628
883 306 160
884 30 650
885 123 306
886 483 741
887 355 389
888 24 769
888 371 319
889 533 231
889 280 356
890 362 694
890 544 209
891 307 696
891 465 915
892 122 821
892 441 120
892 280 475
893 492 843
894 245 115
895 383 15
895 21 214
895 414 196
896 225 456
896 371 688
897 119 103
898 510 705
899 485 407
900 522 382
900 128 141
901 6 688
902 187 22
902 588 105
902 219 725
903 141 714
904 51 557
905 444 829
905 122 788
905 70 232
906 16 595
906 487 121
906 159 412
907 179 406
907 416 934
908 173 17
909 481 480
910 272 895
911 93 829
912 145 107
913 373 206
914 168 378
914 3 382
915 172 568
916 122 541
917 338 819
918 113 276
918 273 705
918 328 686
919 44 441
920 328 237
921 476 553
921 387 646
922 375 790
923 179 310
924 97 520
924 236 858
925 437 267
925 141 149
925 311 872
926 510 615
926 594 214
926 197 944
926 331 360
927 285 56
928 75 546
929 37 43
929 549 477
929 275 321
930 506 587
930 333 59
931 187 459
931 272 180
931 70 320
931 406 316
932 476 101
932 394 702
932 112 796
933 351 859
933 495 118
934 139 622
935 599 171
936 518 246
937 345 175
937 525 209
938 466 653
938 200 550
938 448 474
938 262 335
939 173 593
939 31 832
940 586 270
941 90 241
942 166 171
943 158 935
943 58 163
943 366 61
944 589 815
944 421 970
944 39 809
944 353 306
944 101 617
944 13 331
944 60 993
945 441 849
945 8 704
946 251 526
947 482 553
947 431 717
947 222 796
948 201 173
949 148 837
950 276 807
951 397 878
952 461 653
953 98 944
953 370 252
954 589 667
955 186 398
955 467 389
955 220 299
955 413 279
956 385 732
957 49 371
958 598 141
959 283 513
960 76 913
961 418 84
961 238 977
961 149 409
962 562 216
962 103 286
962 117 824
963 329 126
963 466 591
964 334 446
964 336 290
965 586 743
965 382 724
965 347 418
966 18 41
966 292 710
966 279 218
967 137 189
968 51 428
969 86 519
969 387 954
970 299 451
970 332 182
970 17 621
971 313 527
972 383 57
972 220 76
972 99 972
972 157 752
973 364 314
974 517 680
974 434 717
974 84 79
975 208 218
975 530 210
976 29 713
977 379 467
977 589 622
978 125 292
979 251 492
979 94 986
980 264 314
980 441 942
980 376 641
981 235 615
981 488 945
981 569 488
982 594 715
983 173 159
984 549 812
984 506 50
985 181 433
985 460 605
986 134 482
987 229 108
988 109 935
988 247 175
989 124 577
989 285 179
989 324 151
989 593 497
990 94 592
990 31 599
990 581 191
991 264 995
991 417 353
991 196 678
991 359 617
992 76 807
993 276 78
993 269 76
994 132 982
994 483 896
994 7 432
995 552 765
996 229 673
996 136 343
996 518 653
997 594 151
998 192 213
999 171 672
1000 237 785
1001 528 564
1001 276 134
1001 281 919
1001 413 694
1002 353 601
1002 476 108
1002 83 178
1003 134 286
1004 288 935
1004 412 613
1005 527 643
1006 215 363
1007 391 729
1007 274 519
1007 35 795
1008 39 769
1008 137 466
1009 257 211
1009 16 429
1009 461 517
1009 523 532
1009 86 73
1010 480 410
1011 191 316
1012 542 45
1013 6 703
1014 189 726
1014 371 758
1015 213 850
1016 155 955
1016 19 281
1016 431 893
1017 409 947
1017 205 360
1017 515 302
1017 154 469
1018 295 182
1018 275 960
1018 73 926
1018 569 273
1019 549 921
1020 530 974
1021 551 189
1021 569 382
1022 316 163
1023 384 493
1024 113 626
1025 587 464
1025 557 345
1026 320 669
1026 499 645
1026 379 568
1027 375 277
1028 46 900
1028 560 999
1028 389 878
1028 527 472
1029 503 617
1030 531 731
1031 376 480
1031 474 177
1032 317 641
1033 35 727
1034 486 177
1035 463 1
1035 358 995
1035 223 958
1035 194 535
1035 3 249
1035 456 493
1035 577 755
1036 336 771
1037 592 166
1037 213 486
1038 529 847
1038 93 11
1039 268 289
1039 574 297
1040 260 674
1040 489 946
1041 70 405
1042 573 391
1042 323 958
1042 330 77
1042 434 184
1042 337 882
1043 415 921
1044 301 409
1044 86 684
1044 257 734
1044 87 573
1044 222 872
1045 363 399
1045 57 419
1045 421 871
1045 293 350
1045 180 943
1045 77 379
1046 18 813
1046 261 637
1046 249 995
1047 51 623
1047 515 771
1048 24 738
1049 306 172
1050 537 825
1051 239 54
1052 454 730
1052 36 713
1052 46 713
1053 497 325
1054 71 402
1054 598 186
1055 282 325
1055 265 45
1055 44 500
1055 186 110
1056 326 103
1057 471 194
1057 336 24
1058 546 772
1058 596 700
1058 244 176
1058 388 770
1058 545 935
1058 590 212
1058 233 295
1058 416 86
1058 164 604
1059 300 173
1059 528 175
1059 143 965
1060 422 642
1060 314 747
1061 149 396
1061 402 643
1061 265 121
1061 67 642
1062 419 646
1062 403 792
1063 348 1000
1063 226 507
1064 285 52
1065 548 429
1065 448 998
1066 576 455
1067 363 845
1067 75 457
1067 456 482
1068 321 458
1068 75 251
1069 327 845
1070 469 911
1070 4 834
1071 123 64
1072 371 549
1073 518 330
1073 590 231
1074 1 15
1075 199 965
1076 354 687
1077 598 499
1077 90 698
1077 325 862
1077 165 20
1078 329 790
1079 347 950
1079 337 727
1079 113 669
1079 315 622
1079 153 337
1080 39 555
1081 548 99
1082 109 809
1082 170 272
1083 295 778
1084 253 962
1085 343 307
1086 520 178
1087 336 699
1087 282 757
1088 467 37
1089 504 431
1090 545 323
1091 541 608
1091 490 439
1091 25 91
1091 399 719
1091 208 465
1092 287 381
1092 68 890
1092 373 935
1093 118 653
1093 435 693
1093 598 483
1094 126 826
1095 47 427
1096 17 791
1097 595 353
1098 367 261
1098 153 405
1099 591 153
1099 113 867
1100 240 14
1100 140 761
1100 440 272
1100 481 63
1101 85 899
1101 55 918
1102 227 886
1103 360 475
1103 508 784
1103 75 680
1103 163 950
1103 68 271
1104 412 181
1104 285 900
1104 588 646
1104 200 875
1105 102 665
1105 422 405
1105 254 473
1106 378 444
1107 322 194
1107 459 47
1108 18 224
1108 497 169
1109 315 410
1110 539 891
1111 46 560
1112 377 417
1113 205 38
1113 43 37
1114 428 266
1114 210 487
1114 485 402
1114 392 318
1114 262 394
1114 533 165
1114 557 659
1115 498 543
1116 595 413
1116 113 726
1117 433 196
1118 154 644
1118 380 283
1118 60 820
1119 478 1000
1120 390 748
1120 390 209
1120 364 724
1121 289 489
1121 327 883
1122 267 610
1122 540 479
1122 537 457
1123 572 986
1123 300 677
1123 119 711
1123 403 568
1124 570 530
1125 452 181
1126 275 707
1127 5 453
1127 145 539
1128 80 388
1129 468 725
1129 375 438
1130 576 282
1131 563 21
1131 581 582
1131 447 360
1131 383 204
1132 289 637
1133 409 783
1134 449 407
1135 61 349
1136 394 309
1137 361 584
1137 589 353
1137 178 354
1138 100 197
1139 398 199
1139 526 436
1140 332 635
1141 221 197
1142 209 360
1142 469 165
1143 519 719
1144 361 875
1144 55 954
1144 455 477
1144 243 735
1145 532 583
1146 267 439
1146 125 603
1146 550 373
1147 295 111
1148 64 815
1149 549 208
1149 151 894
1150 158 886
1151 492 363
1152 530 239
1152 264 462
1152 400 992
1152 160 932
1152 556 995
1153 564 331
1154 575 438
1154 476 785
1155 492 877
1156 163 504
1156 11 864
1156 307 62
1156 253 606
1157 375 202
1158 485 439
1158 494 275
1159 456 96
1159 223 360
1159 288 783
1160 145 903
1160 528 523
1161 51 691
1162 390 877
1162 232 226
1163 21 636
1163 299 932
1164 164 312
1164 317 719
1164 355 862
1165 376 279
1166 42 449
1167 264 929
1168 300 405
1169 538 509
1169 382 204
1170 161 676
1170 321 955
1171 427 582
1171 422 487
1171 392 163
1171 183 484
1171 334 32
1171 104 947
1171 274 962
1172 221 702
1173 590 528
1173 290 875
1173 489 90
1174 295 623
1174 371 794
1174 13 63
1175 149 179
1176 97 506
1177 35 347
1178 361 969
1178 306 970
1179 419 253
1180 377 504
1180 369 663
1181 190 977
1181 582 146
1182 364 236
1183 427 616
1184 503 593
1184 27 420
1185 117 575
1186 367 140
1187 346 346
1187 281 140
1188 23 480
1189 256 715
1190 78 367
1191 368 246
1192 137 247
1193 500 450
1193 309 597
1193 311 771
1193 165 232
1194 483 289
1195 187 851
1195 337 416
1196 461 570
1196 192 5
1196 155 89
1196 352 175
1197 362 881
1197 418 624
1198 33 351
1198 216 418
1199 523 579
1199 227 955
1199 122 121
1199 401 156
1200 525 966
1200 232 315
1201 367 844
1201 545 269
1202 25 530
1202 102 730
1203 346 261
1203 289 697
1204 108 699
1204 1 772
1205 518 554
1205 238 550
1206 314 250
1207 67 913
1207 64 305
1208 215 714
1208 437 24
1209 405 243
1209 448 838
1210 503 969
1211 9 574
1211 354 732
1212 411 470
1212 285 927
1212 85 995
1212 352 584
1213 387 236
1214 517 858
1215 283 989
1216 495 897
1216 71 257
1216 403 744
1217 258 552
1218 55 696
1219 410 73
1219 437 800
1220 315 978
1220 548 352
1220 331 470
1220 312 632
1220 595 891
1221 201 896
1221 533 779
1222 145 697
1223 50 244
1223 490 845
1224 7 526
1225 279 710
1226 483 312
1227 161 87
1228 480 880
1228 57 409
1229 281 921
1229 309 523
1229 8 933
1230 146 42
1231 569 53
1232 559 61
1233 115 714
1233 553 524
1234 148 594
1235 351 349
1235 105 534
1235 581 82
1235 179 390
1236 544 950
1237 303 438
1238 509 208
1239 476 304
1240 336 20
1241 512 464
1242 348 393
1243 355 451
1244 220 603
1245 488 580
1245 153 452
1246 178 297
1246 143 476
1247 121 524
1247 24 259
1248 304 677
1248 117 987
1248 485 380
1248 20 341
1249 316 629
1249 57 439
1250 93 906
1250 29 842
1250 59 915
1250 424 800
1250 2 547
1251 536 979
1252 147 298
1252 155 748
1253 476 147
1254 204 372
1254 5 718
1254 477 847
1254 373 871
1255 173 521
1255 552 799
1256 147 376
1257 344 256
1258 314 339
1258 84 74
1258 43 120
1259 189 374
1260 253 776
1260 228 399
1260 262 177
1261 537 730
1262 343 436
1263 417 788
1264 471 181
1265 565 72
1265 595 812
1265 501 792
1265 28 991
1265 221 928
1265 190 880
1266 334 958
1266 12 241
1267 396 971
1267 34 404
1267 278 470
1267 251 23
1267 353 465
1267 526 395
1268 469 379
1268 199 957
1268 198 125
1269 75 262
1269 336 336
1270 132 296
1270 492 638
1270 548 813
1271 61 919
1272 40 974
1272 382 969
1273 111 641
1274 287 951
1275 104 628
1275 287 132
1275 500 134
1276 77 859
1277 470 350
1277 533 646
1278 8 356
1279 139 668
1279 119 447
1280 270 274
1280 560 6
1280 333 570
1280 272 604
1281 109 319
1282 317 259
1282 445 90
1283 169 180
1284 246 846
1285 523 40
1286 564 219
1287 193 899
1287 231 142
1288 74 89
1288 42 663
1288 442 427
1288 136 386
1289 343 872
1290 197 931
1290 354 208
1290 389 747
1291 598 643
1292 583 710
1292 49 814
1293 159 75
1293 16 4
1294 568 829
1294 422 968
1295 539 310
1296 527 285
1296 390 43
1296 461 622
1297 284 287
1298 590 803
1298 459 116
1298 358 915
1298 209 682
1299 563 41
1300 307 997
1301 232 804
1301 413 414
1302 590 695
1303 586 470
1304 3 857
1304 46 696
1305 313 19
1306 511 236
1306 300 505
1307 509 177
1308 541 66
1308 93 680
1309 568 66
1309 96 43
1309 470 857
1309 392 39
1310 67 424
1310 464 952
1311 12 252
1312 103 317
1312 155 849
1312 506 758
1312 196 768
1312 352 723
1312 376 830
1313 500 612
1314 265 108
1314 579 744
1315 491 178
1315 506 677
1315 10 704
1315 546 466
1315 558 580
1316 52 531
1317 203 460
1318 559 456
1319 274 744
1320 67 853
1321 349 606
1321 127 374
1321 557 808
1321 175 421
1321 122 749
1322 407 145
1322 520 276
1322 513 757
1323 189 469
1324 496 581
1325 504 776
1326 516 167
1327 580 855
1328 434 734
1329 197 198
1330 145 151
1331 330 869
1332 159 530
1332 314 991
1332 30 750
1332 309 566
1333 287 196
1333 61 106
1333 428 379
1334 238 286
1335 501 569
1336 461 781
1337 213 887
1337 378 994
1337 188 357
1337 58 521
1338 183 108
1338 424 194
1338 221 817
1339 108 176
1340 479 328
1341 11 826
1342 193 992
1343 48 268
1344 5 899
1345 486 459
1345 192 478
1345 101 426
1345 56 265
1346 109 797
1347 516 91
1348 25 827
1349 177 273
1350 152 226
1351 59 275
1352 283 853
1353 319 461
1353 452 162
1353 170 876
1354 224 516
1355 131 76
1356 120 751
1356 395 603
1356 577 863
1357 239 18
1357 37 268
1357 116 193
1358 527 762
1359 389 13
1359 127 885
1359 183 864
1359 156 731
1359 422 613
1359 24 499
1360 182 361
1361 341 906
1362 472 121
1362 311 961
1363 308 969
1364 34 384
1365 264 660
1365 134 549
1365 410 54
1365 12 718
1366 19 955
1367 529 851
1367 237 552
1367 5 548
1368 459 248
1368 385 340
1369 56 162
1369 159 698
1370 234 831
1371 597 981
1372 192 421
1372 411 730
1372 333 106
1373 165 236
1374 436 724
1375 465 428
1375 588 299
1375 285 409
1376 409 632
1376 523 900
1376 528 372
1376 186 214
1377 134 690
1378 201 347
1378 104 477
1378 470 255
1378 66 774
1378 383 998
1378 542 709
1378 140 237
1378 592 609
1378 597 469
1379 111 496
1379 86 662
1379 277 628
1379 391 798
1379 288 68
1379 189 6
1379 90 906
1380 226 429
1381 575 416
1382 162 411
1382 53 841
1383 448 860
1384 64 962
1385 535 842
1385 271 227
1386 517 397
1387 439 963
1388 467 701
1389 426 321
1390 35 814
1390 387 651
1390 358 920
1390 565 967
1390 44 581
1390 85 290
1390 66 498
1390 412 371
1390 482 338
1390 75 146
1391 220 846
1391 437 29
1392 136 120
1393 535 835
1394 238 489
1395 86 715
1395 74 382
1396 310 606
1396 335 800
1397 199 286
1397 559 54
1398 540 28
1399 18 946
1399 201 858
1399 113 252
1400 145 55
1400 173 200
1401 331 100
1401 108 467
1401 487 260
1401 234 225
1401 68 24
1401 188 581
1401 168 682
1401 506 407
1401 292 438
1401 489 12
1402 55 681
1403 332 44
1404 311 489
1405 493 92
1405 453 959
1406 372 410
1407 402 825
1408 549 258
1408 231 877
1408 490 729
1409 480 514
1410 177 527
1410 284 333
1411 112 315
1411 47 911
1411 494 303
1411 356 539
1411 17 652
1411 32 375
1412 202 689
1412 88 865
1412 416 234
1412 383 308
1412 89 303
1412 363 494
1412 151 180
1412 137 364
1413 197 813
1413 37 821
1414 459 152
1415 269 879
1416 311 319
1416 537 590
1416 308 509
1417 512 958
1417 322 335
1417 439 162
1417 588 852
1418 428 560
1418 239 249
1418 63 803
1419 8 294
1419 474 38
1420 130 441
1420 395 247
1420 421 313
1421 551 243
1421 24 900
1421 46 287
1422 397 475
1422 433 719
1422 200 244
1423 483 865
1423 566 561
1424 123 401
1424 210 675
1424 289 192
1425 83 691
1426 116 212
1426 411 920
1426 288 133
1426 287 999
1426 437 685
1426 341 163
1427 401 995
1428 128 917
1428 534 594
1429 224 756
1430 403 300
1430 524 867
1431 227 346
1432 125 948
1433 43 109
1434 395 258
1434 523 901
1435 269 513
1436 318 748
1437 184 885
1438 182 861
1439 325 780
1440 373 238
1441 214 197
1441 226 382
1441 598 851
1442 203 253
1443 122 992
1443 478 574
1444 64 439
1444 272 411
1445 334 890
1445 231 80
1446 598 64
1446 293 858
1446 414 785
1447 133 801
1448 575 95
1449 201 110
1449 340 687
1449 148 983
1449 274 277
1449 218 247
1450 490 464
1451 257 110
1452 222 600
1453 305 635
1453 132 718
1453 451 930
1453 447 186
1454 424 534
1455 366 143
1455 343 407
1455 33 68
1456 35 605
1456 297 395
1457 392 672
1457 2 453
1458 402 930
1459 455 808
1459 345 882
1460 145 745
1461 345 966
1461 578 828
1461 353 619
1462 175 510
1462 207 310
1462 595 342
1462 493 260
1463 282 320
1463 488 172
1463 163 639
1464 455 674
1464 170 147
1465 546 644
1465 186 329
1466 548 73
1466 99 245
1466 185 719
1467 537 872
1468 146 354
1468 237 887
1468 414 987
1469 598 702
1469 454 57
1470 333 493
1471 334 3
1472 280 935
1472 224 330
1472 495 31
1473 578 449
1473 357 383
1474 568 633
1474 400 898
1474 148 554
1474 170 7
1475 37 422
1475 245 763
1475 334 477
1476 230 206
1477 80 943
1477 344 873
1478 522 694
1478 189 208
1478 467 224
1478 475 649
1478 93 396
1479 511 243
1480 554 641
1481 405 448
1481 127 510
1481 341 920
1482 61 15
1482 594 701
1483 371 349
1484 587 271
1484 335 817
1484 279 77
1485 197 1
1485 577 721
1485 323 242
1485 108 29
1485 129 686
1486 227 65
1486 55 402
1486 396 27
1487 49 987
1488 70 912
1488 183 57
1489 391 946
1489 138 43
1490 312 619
1491 313 291
1492 130 584
1493 345 615
1494 241 811
1495 593 210
1496 563 535
1496 233 670
1496 504 529
1496 59 234
1496 336 556
1496 266 7
1497 132 864
1498 581 774
1499 72 874
1500 76 865
1501 233 768
1502 175 294
1502 202 422
1503 353 297
1504 151 451
1504 300 50
1505 298 148
1506 376 265
1506 47 740
1507 250 876
1507 576 138
1508 575 492
1509 112 822
1509 333 467
1510 252 672
1510 176 705
1511 94 304
1511 173 296
1512 526 804
1513 361 325
1514 544 654
1514 291 936
1515 476 972
1515 143 257
1516 76 100
1516 467 26
1516 128 579
1516 376 27
1517 472 513
1517 495 354
1518 336 929
1518 166 103
1519 502 236
1520 94 206
1521 268 19
1522 475 125
1523 306 846
1523 438 817
1523 305 193
1524 241 57
1525 50 73
1525 61 76
1525 212 156
1525 68 870
1525 508 762
1526 2 190
1526 327 707
1526 2 212
1527 424 341
1528 244 92
1529 20 368
1530 480 603
1531 275 67
1531 563 691
1532 74 961
1532 177 61
1532 117 838
1533 152 142
1534 174 518
1535 216 540
1536 465 575
1536 268 600
1537 314 469
1538 116 982
1538 69 218
1538 421 307
1538 83 938
1539 102 684
1539 12 482
1539 435 862
1540 530 243
1541 55 839
1541 348 788
1542 295 100
1543 490 107
1544 140 511
1545 77 458
1546 538 755
1547 408 594
1547 14 26
1547 368 946
1547 112 870
1548 118 354
1548 144 535
1548 284 475
1548 89 229
1548 151 461
1549 12 604
1549 229 540
