600 1000 50 10 3000
47 81
0 19
29 87
10 83
22 27
53 54
86 0
97 13
44 59
90 77
88 43
4 14
67 5
69 74
58 96
93 57
77 93
76 58
33 86
42 55
65 47
9 51
47 58
16 43
70 6
72 58
49 28
24 68
33 45
94 91
41 87
48 71
33 76
29 66
62 23
21 27
71 83
79 18
93 95
14 63
54 86
21 3
15 98
24 0
43 18
92 85
58 92
8 43
69 89
9 31
13 82
11 84
65 42
54 59
37 68
74 43
7 48
99 22
46 23
22 89
93 66
26 51
59 34
94 80
24 55
63 37
38 74
73 55
16 27
66 6
96 41
49 3
89 48
77 87
71 51
76 17
70 55
20 29
41 15
61 65
22 24
54 60
99 79
16 67
7 34
73 3
75 75
58 16
23 87
3 47
38 80
64 60
87 36
89 28
51 2
46 26
27 52
86 78
32 54
97 39
41 71
94 16
98 4
33 21
91 88
20 81
20 36
42 7
73 83
36 76
86 82
2 65
34 41
95 66
47 92
57 88
15 51
57 13
55 90
87 98
30 7
80 51
96 74
58 21
9 94
97 47
76 52
12 63
93 59
29 92
52 87
81 19
90 38
33 46
80 20
96 10
79 28
61 27
2 72
48 12
66 46
59 95
50 24
58 95
83 39
87 87
78 20
7 69
10 92
67 90
53 43
92 66
71 94
38 19
58 57
17 70
52 19
94 62
14 29
1 2
69 80
74 76
49 85
68 68
27 32
31 32
27 23
99 50
70 89
70 28
98 39
98 50
11 44
64 25
26 18
79 95
98 54
23 99
91 43
67 18
27 50
51 54
74 2
5 44
91 27
24 42
18 75
44 29
71 9
55 97
27 86
44 77
40 19
28 83
62 47
2 89
97 5
44 23
7 1
19 50
28 44
92 46
71 37
28 42
46 83
92 25
21 88
2 14
8 82
97 70
29 99
60 78
4 56
2 63
9 21
14 37
17 6
35 88
95 63
31 93
98 75
18 72
63 72
86 71
54 83
42 35
83 54
14 39
62 16
3 71
89 69
60 7
27 47
95 23
11 78
16 61
53 35
33 69
59 71
40 14
55 34
1 90
40 15
29 54
83 84
25 25
53 37
32 81
85 79
56 48
58 72
61 63
59 47
84 19
18 25
85 73
11 86
63 4
54 45
58 89
29 36
14 35
73 46
68 10
78 24
58 88
48 72
51 8
19 36
79 37
13 64
63 76
2 26
32 8
23 91
98 5
79 64
40 4
63 60
15 41
84 25
29 32
97 32
92 16
20 71
6 85
87 69
62 90
47 94
98 71
37 48
76 16
13 68
73 76
28 88
69 12
65 98
96 63
30 89
31 3
60 37
88 48
6 2
90 54
49 40
77 86
41 53
55 6
21 80
34 49
20 3
13 85
53 9
0 35
50 32
38 63
69 27
63 28
81 5
34 30
45 11
69 38
16 76
44 37
56 78
38 76
33 51
61 86
12 62
22 63
46 60
78 67
39 41
47 73
46 81
3 43
44 72
82 60
48 26
97 56
57 35
32 90
86 46
77 51
60 51
14 6
63 92
85 21
76 31
54 31
26 99
56 8
59 56
87 9
13 44
44 45
34 83
43 63
86 3
14 0
9 78
44 35
33 81
56 61
64 62
92 90
61 48
51 73
5 38
82 70
82 78
67 68
13 11
84 99
14 98
99 24
28 95
11 61
76 19
22 92
81 67
83 95
67 34
68 24
72 50
94 6
28 62
26 94
73 10
93 87
61 45
63 89
40 74
3 69
45 77
44 96
22 64
30 90
88 54
92 35
60 72
66 22
49 60
61 62
5 77
52 97
3 7
18 49
84 80
76 29
76 98
40 33
13 32
68 26
56 17
65 23
39 66
35 53
29 40
30 33
89 33
92 8
82 76
88 58
57 16
8 2
75 0
36 41
84 4
67 41
74 84
64 13
50 99
66 31
91 96
16 80
82 8
88 64
37 28
75 94
97 83
97 24
84 33
65 20
89 84
68 77
29 71
28 47
54 19
96 23
52 78
31 92
42 20
73 17
15 70
53 12
94 89
97 12
9 86
48 23
2 17
0 31
40 29
30 94
0 26
69 4
4 53
97 99
73 22
68 88
92 73
52 38
62 49
2 24
88 51
47 90
20 47
73 60
28 3
6 81
85 38
81 34
37 54
56 58
43 0
31 47
91 94
97 93
70 85
44 17
27 16
16 0
76 97
55 35
78 37
63 15
76 44
50 10
23 45
63 55
93 54
47 23
27 44
92 54
60 8
54 89
57 9
76 87
99 91
55 27
92 37
19 68
83 34
75 76
88 28
66 88
51 93
84 43
47 96
3 53
85 61
14 13
48 13
4 55
92 91
64 85
81 84
53 64
18 28
40 59
99 59
3 83
2 2
79 57
7 17
18 21
82 19
74 79
30 39
16 63
75 69
27 45
49 19
4 57
77 55
68 32
38 70
86 70
28 93
39 98
15 21
17 54
60 44
85 43
83 2
6 58
23 34
55 25
67 3
67 58
25 54
28 5
47 67
40 73
20 1
44 52
8 50
62 83
36 18
8 42
30 43
77 97
98 44
55 23
98 35
29 98
54 33
64 95
58 85
96 76
91 92
94 43
34 31
61 95
73 43
90 50
92 88
46 0
11 45
35 40
95 90
25 59
37 36
44 33
64 87
77 44
38 71
87 25
2 0
20 27
95 10
29 88
50 76
88 61
73 23
54 68
65 31
79 2
67 24
87 31
11 64
28 2
36 15
27 90
68 99
70 63
61 99
3 11
27 91
72 0
67 78
20 84
10 0
39 77
24 26
61 87
43 89
89 31
56 68
21 76
19 43
92 80
43 95
91 70
39 16
23 6
42 56
43 81
86 19
8 47
7 3
34 44
69 7
73 88
51 65
69 46
60 12
28 91
57 75
35 0
31 30
81 17
50 41
16 57
44 4
57 78
1 26
15 89
91 84
35 51
96 55
3 77
47 60
52 34
12 35
64 46
5 14
87 21
23 84
78 81
14 31
7 52
57 74
41 48
58 28
99 7
84 54
36 83
67 40
17 79
75 33
77 80
48 17
54 23
1 32
4 15
63 64
68 20
38 9
68 49
90 19
8 74
26 44
9 93
84 26
24 11
59 2
19 98
83 72
87 45
55 7
17 94
69 37
95 59
8 55
85 34
99 94
79 35
72 56
98 31
10 42
40 26
53 22
17 92
19 73
0 36
19 69
25 66
80 34
21 65
20 20
11 0
7 83
8 5
66 18
48 9
99 40
87 52
63 5
44 34
30 44
23 49
65 48
15 45
34 36
10 55
8 73
7 67
56 15
24 23
33 72
32 32
65 72
36 80
14 7
77 37
8 94
86 75
40 20
63 2
27 71
76 86
90 84
1 14
7 86
39 92
70 4
64 6
84 93
39 50
52 68
88 60
62 26
35 2
98 98
57 26
21 85
69 66
77 77
52 16
21 23
72 85
81 56
30 20
7 82
88 47
42 51
73 29
5 71
79 62
49 0
47 62
15 17
80 92
46 84
61 67
59 33
4 41
42 34
61 1
16 50
48 10
53 73
39 58
44 18
73 94
70 72
8 85
89 40
24 90
6 84
76 10
25 18
96 38
71 64
74 93
44 65
4 88
35 77
34 57
49 94
42 91
34 24
30 11
66 37
95 42
99 72
12 48
12 51
54 39
96 98
56 0
29 73
49 31
68 44
74 54
20 4
65 86
93 12
29 93
41 47
77 5
50 31
82 53
99 21
45 80
94 46
11 14
90 85
21 10
42 38
49 35
3 78
80 39
71 73
38 0
79 40
32 75
80 90
70 33
72 34
48 14
19 21
77 13
59 26
49 62
56 81
54 27
55 92
28 86
33 12
13 24
14 17
50 43
70 50
71 87
55 31
65 56
45 21
38 99
48 45
44 28
31 29
92 96
90 67
91 62
55 42
92 67
68 16
6 75
99 71
32 44
92 22
96 93
19 92
21 2
21 66
98 74
40 41
93 84
3 48
26 60
74 70
80 94
38 86
70 37
58 54
82 50
76 30
22 17
49 43
35 47
88 14
11 43
62 89
4 89
60 36
35 98
22 5
88 80
59 22
31 87
52 26
34 26
43 83
69 78
83 90
6 71
4 69
15 18
7 71
7 95
21 81
0 9
62 12
31 45
99 83
71 86
61 15
21 82
45 4
72 3
28 28
73 95
47 32
3 25
1 24
6 54
34 20
66 17
65 17
3 14
4 25
97 49
81 21
5 9
50 78
4 97
10 22
55 65
47 57
41 6
11 27
78 29
45 44
46 98
33 2
64 37
79 61
38 60
83 43
73 74
34 35
97 89
0 96
46 42
54 9
69 33
38 66
29 85
87 29
51 66
42 41
26 77
62 10
23 96
98 72
38 98
68 84
92 75
46 14
8 84
80 89
21 97
3 60
78 6
78 72
50 36
5 64
99 28
13 97
52 51
47 21
87 92
48 33
6 8
70 38
97 91
87 0
52 65
58 30
38 57
87 40
94 45
56 93
25 69
42 78
72 41
99 12
33 99
45 39
30 4
11 17
83 14
97 73
71 85
13 17
82 69
62 7
91 4
85 63
46 36
75 79
35 73
71 42
92 1
46 3
70 54
18 53
20 16
78 92
61 35
65 24
28 80
71 26
16 99
58 52
24 81
34 93
99 90
10 20
6 88
64 11
98 49
49 93
5 30
73 28
56 89
27 66
93 51
47 40
20 33
33 40
38 32
82 0
40 68
52 24
94 51
96 30
10 38
0 4
42 0
44 62
33 29
2 23
13 36
23 18
77 64
86 30
88 32
33 14
28 29
44 53
50 55
87 60
94 40
64 36
40 60
98 25
89 52
88 72
73 66
88 59
48 77
91 72
14 87
95 17
24 41
9 41
77 1
1 27
26 43
31 75
46 71
89 88
17 74
22 60
98 88
48 28
52 43
45 29
70 13
92 33
66 75
61 64
46 61
83 88
1 66
77 19
92 52
79 91
40 79
71 45
74 16
74 10
22 96
23 29
71 67
14 90
42 75
54 41
88 90
81 42
56 10
13 48
62 44
91 55
24 62
52 50
30 78
61 4
26 36
85 97
4 0
27 42
91 16
32 72
58 40
35 71
88 97
15 32
4 91
94 56
42 25
29 12
39 15
10 95
67 49
46 94
43 37
62 27
62 20
67 97
43 8
46 11
40 3
11 48
11 98
62 43
60 24
90 79
74 36
73 69
97 40
8 16
89 4
15 16
42 21
3 54
70 66
4 73
11 66
68 71
91 59
50 17
47 76
86 25
17 72
52 58
76 28
46 43
65 52
94 35
18 50
60 30
17 29
53 60
40 56
32 15
65 96
51 82
68 55
93 97
35 39
40 32
79 5
92 55
28 53
37 97
82 42
57 22
50 86
61 82
2 78
30 5
61 51
60 6
48 95
45 88
80 76
46 16
54 38
91 60
80 73
3 38
47 53
76 9
88 30
87 70
21 47
6 21
95 3
62 75
91 86
46 63
69 90
75 2
15 78
92 63
84 68
24 24
99 63
94 86
16 68
34 74
89 29
78 51
56 62
48 58
62 70
48 38
72 63
78 52
76 35
18 23
74 34
60 80
41 90
84 97
52 95
5 59
75 53
69 65
15 99
70 51
54 98
87 24
21 61
10 12
21 70
45 62
61 81
11 65
76 55
18 82
66 93
87 63
44 8
81 59
1 50
38 23
63 48
70 32
13 61
97 42
68 67
13 63
98 57
24 31
17 84
34 80
98 36
30 88
59 93
88 98
29 58
31 79
42 96
90 60
58 66
95 71
30 46
81 6
77 50
90 12
30 40
80 59
57 68
57 86
78 40
17 20
89 9
63 79
69 22
46 17
45 28
63 26
34 92
76 76
4 58
68 4
70 48
15 27
68 73
65 34
71 54
43 34
34 65
8 32
34 54
60 97
32 46
41 9
74 46
19 42
2 90
42 18
69 62
91 35
69 31
63 65
30 26
81 16
80 93
13 65
39 54
74 65
52 93
7 55
35 1
73 5
63 16
24 61
59 39
88 8
24 36
1 53
96 27
18 0
72 77
7 60
78 32
65 41
0 57
69 25
16 49
5 5
9 60
26 86
48 89
27 49
94 75
28 13
76 1
42 83
61 21
68 78
14 68
87 83
45 9
11 62
58 68
67 20
6 77
34 33
79 29
9 7
94 37
72 73
9 40
51 24
9 90
59 54
0 23
30 72
81 36
2 67
22 33
48 83
92 42
20 53
26 40
85 30
16 94
72 28
0 72
51 69
35 94
56 65
19 37
54 21
5 28
54 53
11 46
48 31
51 31
75 30
71 60
12 40
68 7
9 71
17 32
61 36
22 15
57 79
32 6
62 32
89 65
95 87
77 59
79 84
44 99
91 5
70 19
49 87
51 62
76 25
30 85
49 89
32 63
21 21
80 37
86 28
24 64
87 55
54 91
88 76
10 37
15 13
52 91
39 82
77 43
7 78
84 39
93 58
61 73
95 99
1 71
63 41
26 63
72 80
6 13
50 23
30 2
84 92
16 44
22 1
83 15
59 44
96 42
77 11
83 3
75 7
35 81
20 95
18 32
77 33
53 14
77 21
58 99
22 41
14 33
38 55
39 34
97 16
45 32
71 72
6 12
53 56
35 72
88 12
57 93
26 87
14 84
38 89
78 5
22 16
60 62
50 9
30 95
41 2
12 74
44 66
82 31
90 22
67 22
38 81
7 77
22 85
82 45
53 42
59 3
3 89
50 96
80 56
44 25
74 26
0 52
67 67
75 6
1 34
83 23
71 65
20 24
59 31
0 38
24 44
15 50
23 24
66 23
43 55
92 44
41 75
67 12
40 40
97 23
13 37
93 81
57 58
44 85
44 87
93 36
31 34
11 50
99 3
90 87
54 62
7 19
58 4
42 71
53 8
61 98
89 1
67 46
59 63
83 4
11 4
83 10
49 14
85 98
60 28
70 65
64 77
84 83
23 95
46 58
51 48
35 44
81 46
0 16
8 11
42 57
25 82
33 26
92 79
38 8
56 74
43 31
69 41
89 21
89 76
38 82
28 81
40 6
15 54
69 48
32 12
55 24
43 93
84 51
67 27
82 89
68 23
10 9
52 27
79 74
96 18
9 76
51 49
34 66
55 3
67 87
67 74
64 10
68 48
76 48
71 38
58 23
17 89
49 65
1 188 518
1 579 425
1 101 420
1 480 734
2 156 31
2 268 913
3 147 854
3 338 27
3 24 590
3 545 177
3 298 468
4 445 233
4 276 399
4 501 39
4 284 611
4 191 977
4 30 553
5 527 170
5 33 227
5 20 4
6 239 358
6 473 770
7 164 104
7 461 239
8 332 432
9 289 667
10 100 244
10 118 138
10 416 43
10 8 434
10 16 70
10 425 894
11 469 368
11 133 348
11 159 731
11 133 176
11 114 565
12 68 155
13 22 444
13 403 349
14 407 976
15 466 24
15 346 394
15 309 564
16 394 685
16 408 97
16 290 813
17 403 572
18 454 784
18 498 788
18 516 239
18 255 503
19 193 154
20 232 621
20 570 517
20 381 187
20 430 645
21 181 542
21 225 746
21 580 842
21 527 374
21 97 985
21 165 538
22 432 833
22 79 852
23 413 202
24 179 603
25 200 142
25 320 31
25 13 558
26 402 941
26 259 63
27 530 534
28 521 286
28 393 638
28 139 182
29 440 966
29 584 41
29 256 145
30 463 349
31 145 273
31 587 583
32 111 380
32 591 946
33 11 757
33 322 152
33 545 428
34 200 252
35 442 994
35 462 18
36 263 81
37 317 239
38 252 198
38 50 430
38 388 555
39 330 366
40 199 993
40 335 171
40 481 233
41 301 92
41 210 933
41 210 955
42 446 558
42 359 580
43 360 473
44 393 216
44 591 106
45 39 526
45 395 472
45 67 840
45 69 840
46 6 278
46 495 792
47 347 261
48 141 276
49 576 726
50 126 647
51 483 230
51 371 320
52 312 902
53 575 946
53 397 368
53 74 199
53 453 22
53 250 322
54 520 822
54 408 847
55 368 20
56 309 446
56 197 55
56 356 561
57 366 465
57 179 45
57 477 617
58 105 885
58 228 503
59 156 319
59 13 69
60 597 674
61 203 409
61 1 616
62 364 907
62 17 686
63 62 543
63 117 586
64 544 520
64 246 175
64 75 655
64 417 422
65 425 669
66 509 721
66 164 696
67 9 842
68 555 819
68 239 956
69 511 38
69 18 124
69 416 261
69 176 177
70 482 578
71 49 665
71 285 571
72 136 621
73 100 535
73 68 662
73 355 400
74 282 143
74 224 719
74 152 278
74 111 586
75 10 402
76 491 91
77 79 590
77 353 924
77 580 636
77 436 711
78 71 286
78 68 169
78 453 745
78 516 97
79 569 830
80 366 881
80 334 879
80 502 652
80 598 984
80 169 632
81 82 520
82 188 185
83 582 186
84 406 448
84 447 924
84 492 9
84 10 367
85 133 526
86 314 865
86 354 370
86 455 392
87 359 752
87 165 457
87 188 275
88 114 789
88 72 519
89 536 330
90 554 139
90 312 753
91 437 996
92 370 1
93 215 58
93 117 223
94 299 974
95 315 59
96 495 625
96 78 987
97 532 111
97 305 861
97 42 944
97 63 963
98 395 48
99 455 815
100 539 332
101 174 442
101 365 337
102 581 70
103 301 644
104 215 39
104 261 297
105 397 560
106 319 861
107 293 347
107 429 1000
107 264 967
108 429 123
108 98 113
109 564 178
109 120 610
109 203 551
110 500 625
111 374 579
112 472 50
113 2 633
113 437 853
114 534 190
114 528 982
114 63 940
114 314 253
114 578 351
114 398 661
114 425 952
114 292 412
114 96 708
115 584 331
116 360 346
116 576 114
116 219 297
116 365 892
117 34 347
118 57 684
119 159 259
120 324 711
120 572 670
121 156 306
122 367 134
123 212 366
124 196 249
124 292 364
125 52 395
126 576 204
127 212 735
127 214 348
128 345 672
128 48 31
128 231 945
128 440 832
129 583 871
129 312 856
129 185 574
130 434 580
131 197 427
132 263 591
133 313 134
134 238 150
134 135 277
134 111 115
135 301 230
136 327 571
136 395 293
136 13 679
136 331 567
136 277 175
137 555 703
137 322 794
138 376 47
138 303 600
138 352 200
139 6 609
140 264 454
141 164 367
141 247 94
141 141 556
141 85 464
142 108 948
143 536 304
143 554 832
144 232 623
144 235 283
145 270 478
145 292 512
146 337 91
146 407 664
147 512 186
148 320 321
149 368 932
150 306 772
151 98 640
151 570 757
151 542 592
151 25 880
151 208 358
151 418 977
151 128 662
151 208 956
152 304 136
153 193 95
153 276 193
154 206 877
154 78 233
155 140 155
155 513 80
156 494 404
156 511 397
156 316 541
156 202 504
157 231 862
158 327 407
158 50 198
159 39 78
159 457 350
159 491 187
159 565 66
159 287 970
160 570 313
161 469 164
162 505 497
162 261 145
163 185 252
164 298 877
165 205 38
166 196 179
167 569 636
168 473 169
169 37 822
170 45 987
170 572 651
170 418 188
170 186 749
171 121 798
172 240 975
173 115 694
173 451 852
173 16 970
174 265 480
174 265 275
174 195 18
174 6 73
175 235 96
175 541 380
176 275 96
177 98 941
177 2 41
177 526 588
178 205 105
179 167 340
180 227 165
180 164 722
180 241 797
180 589 240
181 63 426
182 565 632
183 216 43
184 273 980
184 326 371
184 540 24
184 278 558
185 113 333
186 73 830
186 254 650
186 255 495
186 555 878
186 565 872
186 53 110
186 153 906
187 106 947
188 313 864
188 218 755
188 420 530
188 424 929
189 556 171
190 425 127
190 354 19
191 55 314
192 386 990
193 451 239
194 61 107
195 275 508
195 521 571
196 388 779
197 386 548
198 332 863
198 136 601
199 310 74
199 533 180
199 407 905
200 87 884
201 438 267
202 334 895
202 382 363
203 392 474
203 453 915
203 291 885
204 499 10
204 145 844
204 2 305
205 298 73
206 44 574
207 334 228
208 495 544
208 215 577
208 154 362
208 431 984
208 295 568
209 135 39
209 118 544
210 360 906
210 367 977
211 37 864
212 527 943
213 221 150
213 304 675
214 448 83
215 440 113
216 252 10
217 414 463
217 540 148
218 132 833
218 403 75
219 142 247
220 458 28
220 158 698
221 230 458
221 199 530
222 273 250
222 220 333
222 309 809
222 494 44
223 556 678
224 203 65
225 191 633
226 144 481
227 572 103
227 431 547
228 322 711
229 346 455
229 564 116
230 70 582
231 398 752
232 157 505
232 410 683
233 52 839
234 217 278
235 286 126
235 517 836
236 228 279
237 214 579
237 85 258
237 27 571
238 442 254
238 554 338
239 227 746
240 562 702
241 118 741
242 49 718
243 442 358
244 193 844
244 333 323
245 573 797
246 385 182
247 107 666
248 334 776
248 410 25
249 426 316
250 313 775
250 431 329
250 450 507
251 226 603
252 228 293
253 4 913
253 291 200
254 23 58
254 522 824
255 305 80
256 146 218
257 553 507
257 550 994
257 319 728
258 511 121
258 137 283
259 17 583
260 513 490
260 367 509
261 114 962
262 362 838
263 86 975
263 329 198
263 255 269
264 35 307
265 439 676
266 18 569
267 458 601
267 405 629
267 194 411
267 488 348
268 377 493
268 20 816
268 163 423
268 496 125
269 40 79
270 170 69
270 570 921
270 386 805
270 434 881
270 362 437
271 418 856
272 291 785
272 390 23
273 134 616
273 308 962
274 188 448
275 141 612
275 92 515
276 413 758
276 521 404
277 115 529
277 24 322
277 431 739
278 556 776
278 438 916
279 385 201
280 207 117
281 321 842
281 143 405
282 70 621
283 376 151
284 61 121
285 238 81
286 295 54
286 70 680
286 549 863
286 86 928
286 395 248
286 42 175
286 377 209
286 16 256
286 105 53
287 228 635
288 586 908
289 149 581
289 403 859
289 208 249
289 186 607
289 292 90
290 155 207
290 256 85
291 481 723
292 80 914
292 547 874
292 278 228
293 336 111
293 28 987
294 389 480
294 267 126
294 262 637
294 565 793
295 25 349
296 422 571
297 118 995
297 159 583
298 588 473
299 471 302
300 540 495
300 58 45
300 448 431
301 174 608
301 85 654
301 341 339
302 417 824
303 345 440
304 552 281
305 63 837
306 45 595
306 145 556
307 89 365
307 474 492
307 465 17
307 364 470
307 11 122
308 115 808
308 380 651
309 17 166
310 114 275
310 572 142
310 455 644
311 310 760
311 156 854
312 355 783
312 597 287
312 230 885
312 112 838
312 137 857
313 573 972
314 335 895
314 541 168
315 258 14
315 100 876
315 123 724
316 339 555
317 112 834
317 370 26
318 584 855
318 459 259
319 60 204
320 498 830
321 67 783
321 373 788
322 459 295
323 203 332
323 392 346
323 82 23
323 446 650
324 196 462
325 486 507
325 322 721
326 409 57
326 518 433
326 283 246
327 123 219
328 136 552
328 12 465
329 467 519
330 64 266
330 557 120
330 217 42
331 436 838
332 407 357
332 129 381
333 228 417
334 396 609
334 465 104
335 260 931
335 597 409
335 416 801
336 130 921
337 47 99
337 314 904
338 121 624
338 454 818
339 68 982
340 282 605
341 389 413
342 204 89
342 384 190
342 330 797
343 481 191
343 370 693
344 526 643
344 358 286
345 431 9
345 464 118
345 462 366
345 556 617
346 232 580
346 118 578
346 354 394
346 445 94
346 332 610
346 139 942
347 246 258
348 392 835
348 507 303
349 253 775
350 172 863
351 235 506
351 27 427
351 331 29
352 433 295
353 332 94
353 181 29
353 402 100
353 295 415
354 534 199
354 46 379
354 347 724
354 373 636
355 423 370
355 185 211
356 567 439
357 522 652
358 103 28
359 372 878
359 147 726
360 393 602
360 277 591
360 464 299
361 12 295
361 277 386
361 332 168
361 438 88
362 396 553
363 195 588
363 484 740
363 576 594
363 521 973
364 230 740
364 554 357
364 460 758
364 203 532
365 335 657
366 547 467
367 43 572
368 390 124
368 332 288
369 204 519
369 521 774
369 6 185
369 94 409
369 17 808
370 311 518
370 472 835
370 590 242
370 443 848
370 24 775
371 4 55
371 70 255
371 410 98
372 281 666
372 405 273
373 556 322
374 18 471
374 25 604
374 481 807
375 326 429
375 386 752
376 379 472
377 451 824
378 548 696
379 67 837
380 308 193
380 10 158
380 273 391
380 423 212
380 434 593
381 504 561
382 208 784
382 533 725
383 485 283
383 329 237
383 362 542
384 597 58
384 506 657
384 83 229
385 253 516
385 214 673
385 354 719
385 366 43
385 574 673
386 71 743
386 511 644
387 165 265
387 576 535
387 81 679
387 398 497
388 58 109
389 268 197
390 3 973
390 273 525
390 587 247
390 418 35
390 210 171
390 244 356
391 232 9
391 150 529
391 550 417
391 174 443
391 581 126
391 39 354
392 536 925
392 27 621
393 365 981
393 27 750
393 324 895
394 362 564
394 108 440
394 220 632
395 478 852
395 463 121
395 437 363
395 599 492
395 368 521
395 238 640
395 109 749
396 327 390
396 350 996
396 157 52
396 205 955
397 202 386
397 120 320
397 439 112
398 216 437
398 265 348
398 69 698
398 206 539
399 442 703
400 198 624
400 595 661
401 529 475
402 352 830
402 235 33
403 540 790
403 28 893
403 349 711
404 265 879
404 393 778
404 363 912
405 171 401
406 306 522
406 394 409
407 145 215
407 275 170
408 509 234
409 295 599
409 118 654
409 136 399
410 529 254
410 144 854
410 479 174
410 441 659
411 388 944
411 597 809
411 479 457
412 66 889
412 251 6
412 162 568
412 541 567
413 124 913
414 248 874
415 186 849
416 131 55
417 592 630
417 212 841
418 296 13
419 104 964
420 307 892
421 300 750
421 72 264
421 88 212
422 95 144
422 503 509
422 89 16
423 433 122
424 369 595
425 211 532
426 516 650
427 196 573
428 552 360
428 336 666
429 182 8
430 111 158
431 395 59
432 476 533
433 351 498
433 369 435
433 536 206
433 36 853
434 161 30
435 472 191
436 140 188
436 257 334
436 114 13
436 117 313
437 401 815
437 236 218
438 47 356
438 363 611
439 315 453
440 246 221
441 476 761
441 465 2
441 506 187
442 388 767
443 480 197
444 34 634
444 463 935
445 545 232
446 95 335
447 527 976
448 357 167
448 362 562
449 403 738
449 56 642
449 525 100
449 509 927
449 107 537
449 231 314
449 427 534
450 535 57
451 282 447
452 77 137
452 409 530
452 470 945
453 206 616
454 12 13
454 409 272
455 7 901
456 78 635
457 532 296
457 531 159
457 367 650
457 16 446
457 351 536
458 369 147
459 592 280
459 366 104
459 433 404
459 442 365
460 460 1000
461 178 920
462 354 73
463 182 44
463 264 787
464 30 688
465 185 237
466 438 65
466 167 178
467 327 90
468 267 953
469 138 706
470 467 6
471 560 657
472 122 15
473 175 92
473 462 62
473 16 274
474 384 482
475 216 441
475 5 740
475 506 514
475 332 274
475 336 410
475 444 631
475 40 819
475 580 779
475 152 857
475 408 984
475 309 67
475 5 426
476 49 850
477 93 737
477 375 779
478 446 39
478 182 459
479 468 43
479 538 986
480 270 7
481 558 16
481 500 911
481 262 147
482 176 852
483 300 470
484 413 1000
484 539 104
484 559 304
484 462 371
485 201 331
486 284 410
487 271 469
488 305 468
489 271 192
490 431 902
491 248 389
491 59 414
491 356 421
492 71 257
492 335 6
492 98 904
493 583 4
493 502 148
493 289 661
494 361 824
494 145 45
495 278 966
496 321 688
496 585 911
497 203 951
497 419 220
498 2 953
499 49 967
499 167 935
499 519 433
499 33 794
499 553 886
500 124 150
500 113 12
500 195 902
500 549 596
501 321 774
502 221 613
503 334 318
504 279 623
505 17 437
505 296 207
506 509 166
507 510 925
507 235 893
508 156 716
509 561 679
510 287 776
511 211 336
512 238 546
512 58 180
512 320 191
512 84 331
513 537 633
513 180 782
513 444 700
514 209 459
515 209 867
516 491 994
516 545 753
516 219 624
516 485 824
516 150 934
517 339 340
517 545 657
517 62 720
518 431 254
518 183 791
519 245 262
519 454 883
520 239 867
520 448 524
520 401 311
520 584 872
521 24 451
521 374 649
522 402 482
523 425 779
523 449 360
523 58 938
523 458 369
523 101 449
523 513 355
524 449 997
524 485 923
524 418 142
525 115 65
526 234 915
526 98 354
526 379 277
527 236 379
527 138 581
527 572 551
528 474 746
529 334 455
530 393 715
531 98 361
531 242 723
532 514 633
533 144 348
533 176 14
533 525 951
534 5 623
534 88 109
534 169 941
535 177 255
536 262 1000
537 553 125
537 294 171
538 581 878
539 455 886
539 529 30
540 584 479
540 354 57
541 436 2
542 158 181
542 511 922
542 196 613
543 369 60
543 525 566
544 249 124
544 504 30
544 509 42
545 195 374
545 205 13
546 228 881
546 323 842
547 30 74
548 29 694
549 527 191
549 75 224
550 90 934
551 337 698
551 122 252
551 462 103
552 242 873
553 65 212
554 561 336
554 236 463
555 567 755
555 76 947
555 361 319
556 336 927
557 490 820
557 81 119
558 396 104
559 542 920
559 251 586
560 199 721
560 338 787
561 214 369
561 370 545
561 493 892
562 219 868
562 566 622
562 294 80
563 37 713
563 141 955
563 350 376
563 313 464
563 134 9
563 536 683
563 204 346
564 450 635
564 43 146
564 119 875
565 420 326
566 166 368
567 387 475
568 333 102
568 55 727
569 80 691
570 54 944
570 230 23
570 332 476
571 108 242
572 557 305
573 208 301
573 439 100
573 288 625
574 379 131
575 368 499
576 213 576
576 480 201
576 485 93
577 551 546
577 455 212
578 587 356
579 133 776
579 599 595
579 112 118
580 566 827
581 415 20
581 522 898
582 585 871
583 374 202
583 524 165
583 431 52
584 323 256
585 372 147
586 426 911
587 33 578
587 432 839
588 526 926
589 382 182
589 474 783
589 540 294
589 7 22
589 291 292
589 345 386
590 288 802
591 206 553
592 339 233
592 573 306
593 395 849
593 450 748
594 231 442
594 204 451
595 442 657
595 425 647
595 184 634
596 19 251
596 463 556
597 2 18
598 303 478
599 409 739
600 589 695
601 321 153
602 591 611
602 299 979
602 128 265
602 450 236
603 100 331
603 62 504
604 327 135
605 139 185
606 110 680
606 405 554
607 274 572
608 211 439
608 139 306
608 271 808
608 460 21
608 567 880
608 453 565
608 191 496
608 331 379
609 83 434
609 190 933
610 452 60
610 155 954
610 187 356
611 115 380
611 578 660
611 397 849
611 300 329
612 28 733
613 172 11
613 580 178
613 466 240
614 393 595
614 141 232
614 529 980
614 363 190
615 508 560
615 50 996
616 177 85
616 187 71
616 216 881
617 496 616
618 508 63
618 210 190
619 60 570
620 190 939
620 34 595
620 393 251
621 309 535
621 432 247
622 585 644
623 262 66
623 237 263
624 87 957
624 439 407
625 239 824
626 458 617
626 203 892
627 456 177
627 69 282
628 471 656
629 480 28
629 398 161
629 250 192
629 490 600
630 338 720
630 20 268
631 468 291
632 34 440
632 417 936
633 352 17
634 128 421
635 591 301
635 242 41
636 518 825
636 389 589
637 597 128
637 71 406
637 244 184
638 425 735
638 135 452
638 240 182
638 201 828
638 571 516
639 303 175
639 520 55
640 551 813
641 587 772
641 554 917
642 256 167
643 423 795
644 360 393
644 221 340
644 314 61
645 568 883
645 494 439
646 363 340
646 391 222
647 277 420
647 577 43
647 126 575
647 293 143
648 165 297
649 432 758
649 566 796
649 421 345
650 194 665
650 522 315
650 472 939
650 1 386
651 154 216
652 132 176
652 191 304
653 418 144
654 254 382
655 356 960
655 130 101
656 225 162
656 542 973
656 296 753
656 214 71
656 342 368
656 351 944
656 301 858
656 456 130
657 223 452
658 241 517
659 596 248
660 322 878
660 252 167
661 339 912
662 459 854
663 209 106
663 427 37
663 211 497
664 187 765
664 9 974
664 186 249
665 130 883
666 280 91
666 154 904
666 29 137
666 464 910
666 379 294
666 122 665
667 561 907
668 554 340
668 168 930
668 295 189
668 282 21
668 152 188
668 534 295
668 185 549
668 391 68
669 353 115
669 145 181
669 201 9
669 309 18
670 571 894
671 215 514
671 55 201
671 226 934
672 404 869
673 464 704
673 523 591
674 31 819
675 52 924
675 174 969
676 268 549
676 509 460
677 456 367
678 574 738
679 574 779
680 237 984
681 299 1000
682 442 199
683 499 676
684 63 893
685 332 983
686 459 816
687 156 631
688 155 680
688 417 982
689 455 827
689 82 799
690 374 662
691 446 916
691 427 540
692 476 720
692 544 881
693 263 890
694 495 405
694 10 911
694 391 129
695 367 190
695 222 813
695 529 626
695 469 99
695 108 294
696 570 376
696 40 579
696 231 787
697 66 840
698 200 901
699 283 579
699 80 645
699 564 900
699 59 939
700 33 339
701 177 737
701 404 998
701 564 318
702 156 902
702 415 790
703 508 463
704 11 567
705 567 584
705 549 908
706 356 962
706 160 717
706 291 204
706 4 967
707 121 101
707 185 244
708 271 712
708 115 941
708 198 214
709 15 546
709 515 521
710 47 163
710 386 57
711 523 985
712 67 431
713 42 465
713 323 174
713 171 313
713 314 66
714 434 59
715 242 824
716 10 391
716 517 991
717 548 598
717 301 117
718 175 862
719 578 242
720 47 196
720 242 345
720 111 423
720 353 160
721 172 767
721 599 224
721 52 474
721 154 411
722 558 512
723 127 680
724 537 850
724 416 774
725 547 208
725 36 869
725 270 72
725 405 806
725 485 344
726 328 955
727 467 326
727 20 188
727 123 311
727 279 55
727 551 768
728 223 83
729 84 373
730 94 367
731 24 75
731 37 534
732 518 661
733 476 720
734 541 596
735 409 597
736 7 469
737 81 888
738 468 508
739 454 707
740 563 474
741 212 391
742 187 785
742 229 413
742 312 977
742 379 957
742 349 94
742 264 310
742 509 395
743 80 876
743 179 866
743 589 783
743 314 228
743 338 338
743 482 245
743 96 103
743 330 597
743 414 160
744 411 246
745 471 855
745 139 722
746 321 689
747 197 894
748 546 598
748 87 958
748 380 955
748 589 203
749 144 953
750 385 43
751 574 869
751 328 222
751 33 928
752 81 333
753 470 57
753 253 552
754 164 674
755 182 210
756 438 673
757 460 29
758 558 955
758 465 448
758 355 126
758 214 302
758 405 220
758 142 245
758 286 39
759 442 102
759 210 298
760 133 966
760 77 665
761 293 170
762 96 318
763 208 29
763 10 389
763 340 443
764 451 140
764 556 568
765 600 968
766 445 826
767 376 222
767 53 174
768 328 787
769 460 975
770 182 247
771 431 677
772 319 843
773 332 179
773 123 426
773 391 886
773 264 883
773 500 570
773 519 22
773 352 996
773 73 501
774 290 300
774 326 905
774 160 244
774 255 595
774 459 80
775 550 619
775 157 945
776 339 188
776 439 91
776 207 699
777 150 245
778 337 955
779 424 922
780 447 114
780 342 687
780 312 32
780 443 157
780 409 976
780 488 252
781 129 274
781 173 316
782 517 189
783 561 244
784 413 940
785 17 720
786 28 608
787 113 619
788 365 318
788 403 85
788 479 289
789 425 451
790 313 37
790 272 100
790 125 945
791 213 866
792 367 217
793 34 560
794 214 899
794 425 136
794 437 668
795 84 650
795 295 43
796 448 490
797 185 562
798 202 544
799 460 741
800 320 147
800 118 767
801 173 530
802 582 896
803 531 388
804 404 346
804 415 188
804 50 325
804 522 725
804 95 539
804 187 772
804 582 77
805 454 242
805 293 546
805 224 776
806 555 406
807 344 269
807 74 443
808 182 745
808 76 208
809 309 200
809 396 777
810 280 359
810 137 117
810 263 721
811 150 161
811 415 985
812 63 680
812 343 304
813 563 325
813 289 644
814 41 47
815 108 417
815 93 460
816 565 763
817 241 555
818 71 973
819 330 804
820 472 772
820 123 162
821 551 675
822 512 57
822 133 725
823 228 18
824 155 203
824 274 453
824 52 341
824 54 290
824 89 546
825 208 357
825 291 13
825 360 826
826 310 88
826 412 92
826 219 955
826 452 765
827 279 541
827 359 230
828 23 15
829 246 712
830 56 39
830 144 21
830 85 891
831 164 55
831 181 325
832 547 488
832 96 361
833 281 882
834 454 622
835 275 712
836 394 348
836 473 213
837 505 619
838 13 566
839 385 303
839 149 112
840 154 83
841 267 179
842 67 675
842 156 671
842 416 152
843 44 672
843 440 939
843 378 304
844 126 486
844 471 906
844 413 46
844 191 972
844 123 241
845 21 394
846 99 851
847 152 499
848 167 952
848 248 61
848 31 464
849 290 528
850 44 812
850 294 681
851 92 162
851 130 155
851 93 286
851 571 324
852 538 979
853 305 429
853 72 602
853 470 666
854 152 821
855 517 515
855 241 247
855 189 482
856 294 950
856 267 27
856 426 128
857 567 896
857 389 317
858 135 463
859 572 545
859 151 340
859 113 864
860 246 45
860 526 253
861 131 605
862 229 898
863 56 231
864 387 849
865 129 771
866 309 809
867 534 341
867 137 495
867 118 776
868 121 749
868 292 473
868 504 82
868 104 886
869 513 329
869 314 497
870 68 559
870 467 666
870 519 482
871 83 682
872 564 230
873 338 945
874 361 100
875 89 46
876 304 407
876 11 848
876 39 968
876 246 402
876 98 367
876 112 476
876 390 565
876 238 577
876 124 474
877 533 851
877 373 502
878 280 763
878 307 455
879 291 177
879 374 794
879 293 181
880 20 547
880 330 449
880 286 7
881 319 556
881 113 883
882 584 383
882 171 152
883 342 545
883 45 548
883 486 79
883 501 760
884 494 971
885 271 348
885 14 182
885 236 315
885 596 398
885 117 365
885 437 80
886 399 138
886 274 300
887 32 807
888 485 480
889 590 661
890 580 472
890 168 505
891 574 531
891 416 794
891 351 124
891 356 530
892 396 717
893 346 790
894 129 728
895 572 263
896 501 805
896 79 262
897 371 797
898 215 200
898 596 950
899 473 341
900 380 912
900 5 228
901 261 69
901 534 829
901 32 750
902 5 639
902 467 442
902 208 823
903 566 348
903 13 212
904 365 485
904 311 290
905 540 985
905 433 387
906 326 916
906 502 87
906 389 607
906 46 140
907 340 434
908 487 515
908 19 91
908 21 927
908 350 644
909 529 379
910 222 896
911 353 959
912 92 184
912 155 535
912 581 652
912 499 704
913 455 179
914 139 580
914 182 397
915 223 691
916 98 385
916 282 54
916 43 437
917 141 76
918 251 304
918 239 652
918 439 731
918 424 401
918 37 514
919 208 705
920 108 462
921 350 667
921 240 146
922 287 202
923 223 577
924 535 292
924 37 402
925 533 810
926 541 37
926 283 892
926 587 417
926 358 860
926 573 328
927 71 912
927 144 794
927 425 482
928 222 850
928 308 955
928 179 25
928 170 397
929 343 946
930 502 331
930 124 642
931 577 482
932 139 562
933 222 237
934 457 938
935 217 539
935 598 299
936 136 346
936 122 871
937 169 72
937 101 421
937 305 530
937 562 365
938 207 66
939 215 395
940 442 12
940 365 724
940 308 463
941 258 717
941 573 647
941 536 776
942 116 470
942 343 120
943 185 695
943 566 112
944 142 252
945 422 190
945 34 7
946 594 595
946 352 935
947 220 389
947 32 347
948 599 828
948 363 467
949 411 518
950 346 488
951 148 357
952 424 855
952 470 837
952 396 576
952 509 998
953 297 724
953 405 636
954 87 775
954 223 233
954 438 236
954 540 948
955 158 262
955 532 392
956 259 154
957 406 835
958 171 721
959 422 215
960 441 183
960 409 463
961 494 476
962 525 73
963 248 405
964 334 104
964 21 659
965 423 416
965 318 913
965 593 733
965 277 4
966 472 119
966 12 433
967 518 9
967 5 439
968 267 365
968 72 783
968 491 472
968 91 878
969 471 563
970 337 523
971 21 972
972 569 407
973 275 33
974 489 921
974 420 644
975 271 158
975 351 720
975 396 538
975 485 217
976 42 20
977 506 553
977 394 686
977 534 189
977 388 9
978 462 642
979 225 228
980 498 158
980 294 225
980 248 565
981 352 871
982 572 594
983 278 967
984 277 642
984 245 387
985 354 822
986 91 418
986 43 574
986 448 281
987 364 4
988 251 79
989 14 336
989 582 208
990 386 858
990 572 601
991 166 477
992 220 890
993 91 930
994 305 561
995 114 347
995 223 95
996 423 658
997 222 51
997 3 702
998 512 972
999 472 853
999 107 271
1000 75 781
1000 289 228
1000 461 241
1001 273 361
1001 6 394
1002 5 218
1002 324 702
1003 511 917
1003 174 313
1004 115 553
1004 366 662
1004 339 837
1005 57 934
1006 164 952
1006 453 911
1006 583 795
1007 393 754
1008 180 297
1008 353 268
1008 354 482
1008 239 941
1008 228 406
1008 136 816
1008 66 969
1008 519 312
1009 281 14
1010 526 414
1010 511 419
1010 247 350
1010 337 688
1010 212 930
1011 580 744
1012 260 204
1013 94 693
1013 309 86
1014 403 675
1014 598 872
1014 332 646
1014 427 653
1014 208 793
1014 250 945
1015 359 849
1016 418 183
1017 187 990
1017 229 199
1018 422 229
1018 92 266
1018 153 453
1018 78 228
1018 568 222
1018 259 719
1018 274 268
1018 313 978
1018 97 292
1018 436 910
1018 449 950
1019 252 429
1020 395 306
1021 307 667
1021 85 20
1021 442 107
1022 502 68
1023 170 8
1024 164 410
1024 277 783
1024 318 264
1024 368 308
1025 279 735
1025 571 339
1025 484 450
1026 180 140
1026 567 417
1027 498 386
1027 470 850
1027 194 807
1027 496 266
1028 150 32
1028 339 438
1028 358 190
1029 350 602
1029 139 635
1029 374 287
1029 445 118
1030 146 514
1031 55 841
1031 549 423
1032 182 688
1032 280 438
1032 454 270
1032 147 20
1032 80 607
1032 101 385
1032 171 723
1032 72 327
1033 541 790
1033 220 407
1033 118 702
1034 555 763
1035 506 609
1035 374 751
1036 376 674
1037 191 499
1038 360 127
1039 545 919
1040 409 996
1041 468 637
1042 580 729
1043 405 600
1044 307 446
1045 326 267
1045 101 641
1046 143 195
1047 224 841
1047 441 772
1047 503 773
1047 479 727
1048 336 730
1048 571 751
1049 206 813
1050 204 844
1050 580 974
1051 425 748
1052 43 823
1052 109 359
1053 13 450
1053 255 543
1054 238 394
1055 339 714
1056 322 666
1056 394 837
1056 267 103
1056 380 791
1057 267 739
1058 562 502
1059 372 711
1060 538 771
1060 429 858
1060 538 614
1060 441 432
1061 306 298
1062 194 753
1062 122 202
1062 585 291
1063 430 66
1064 428 689
1065 108 544
1066 288 5
1066 47 87
1067 338 504
1067 385 717
1068 534 843
1069 177 792
1069 205 524
1069 546 78
1069 431 92
1070 93 944
1070 262 135
1071 574 251
1072 183 688
1073 539 103
1074 492 282
1075 334 382
1076 211 813
1077 157 667
1077 32 462
1078 13 950
1078 117 303
1078 186 93
1079 242 130
1079 126 707
1080 363 155
1081 451 423
1081 389 906
1082 60 113
1082 300 880
1083 282 124
1083 579 77
1084 34 565
1085 239 362
1086 2 245
1086 326 518
1086 218 540
1087 331 822
1087 158 85
1087 257 7
1088 498 144
1089 21 286
1089 563 401
1089 287 310
1089 96 213
1090 540 266
1091 578 119
1092 38 926
1093 173 150
1093 44 41
1094 320 728
1094 498 576
1094 197 69
1095 85 517
1096 26 955
1096 565 423
1096 338 755
1096 161 647
1097 359 734
1097 361 184
1097 120 999
1097 45 164
1097 513 972
1097 215 710
1097 553 310
1097 115 515
1097 555 476
1097 28 309
1098 104 982
1098 546 784
1099 29 645
1099 92 659
1100 250 22
1101 36 400
1101 324 225
1101 318 187
1102 499 586
1103 22 674
1104 237 245
1104 571 829
1104 13 902
1105 564 657
1105 311 241
1105 528 869
1105 476 153
1106 173 783
1107 496 324
1108 46 45
1108 176 11
1108 268 144
1109 26 272
1109 182 833
1109 276 896
1110 162 702
1110 371 961
1110 31 90
1111 317 365
1111 468 272
1112 288 969
1112 377 139
1112 600 569
1112 313 843
1112 239 340
1112 278 878
1113 14 289
1113 93 908
1113 386 368
1113 256 521
1113 519 156
1114 197 344
1114 254 998
1114 245 503
1114 184 564
1114 94 899
1114 253 317
1115 204 646
1115 56 466
1116 80 128
1116 506 196
1116 293 408
1117 283 11
1118 73 996
1118 24 504
1118 189 469
1118 368 30
1119 366 454
1119 484 923
1119 378 360
1120 480 35
1121 15 174
1121 21 388
1121 93 339
1122 439 844
1123 218 825
1123 29 446
1124 343 913
1125 431 148
1125 31 975
1126 40 550
1127 406 893
1128 407 15
1128 527 446
1129 240 186
1129 42 927
1129 198 351
1129 581 501
1130 495 564
1130 278 686
1131 558 169
1132 569 48
1132 225 412
1133 263 619
1133 233 236
1134 418 876
1135 360 279
1135 211 309
1135 307 950
1136 44 185
1136 463 209
1137 146 423
1138 134 781
1139 207 113
1140 526 364
1140 582 67
1140 464 460
1141 207 328
1142 297 462
1143 24 118
1144 325 420
1145 494 528
1146 244 503
1147 281 863
1148 542 845
1148 493 862
1149 272 314
1150 375 648
1150 249 851
1150 59 150
1150 59 569
1150 52 738
1151 349 840
1151 214 697
1152 550 611
1153 21 425
1154 185 310
1154 333 587
1155 377 465
1156 187 399
1157 95 813
1157 191 785
1158 414 620
1158 597 246
1159 205 754
1159 152 841
1160 349 764
1161 4 52
1161 417 263
1161 555 280
1161 325 159
1162 598 838
1163 61 89
1164 504 353
1164 9 884
1164 146 129
1164 114 978
1165 594 316
1165 94 577
1165 317 831
1166 32 352
1166 320 744
1166 31 524
1166 157 382
1166 468 881
1167 394 615
1168 348 147
1168 224 698
1169 493 828
1170 445 447
1171 363 272
1172 502 346
1173 522 692
1173 107 966
1174 369 739
1174 128 934
1175 381 665
1175 482 120
1176 42 983
1177 468 850
1178 195 939
1179 163 451
1179 355 631
1179 413 304
1180 116 776
1181 321 638
1182 64 781
1183 550 266
1183 471 942
1184 41 594
1185 310 542
1185 506 41
1186 475 845
1186 476 556
1186 282 913
1187 245 519
1188 34 744
1188 177 865
1189 580 303
1190 176 303
1191 579 516
1192 395 796
1192 364 550
1192 2 57
1193 34 764
1194 501 225
1194 19 351
1194 213 206
1194 29 241
1195 263 644
1196 17 907
1197 36 96
1197 398 817
1197 549 806
1198 264 198
1199 197 184
1200 562 504
1200 211 914
1200 474 71
1201 300 839
1202 410 663
1202 511 372
1203 595 864
1203 34 197
1203 260 811
1203 165 222
1203 591 770
1204 108 12
1204 572 170
1205 384 839
1205 561 216
1206 37 537
1206 148 378
1206 341 864
1207 281 279
1207 158 950
1207 58 65
1208 251 949
1208 236 766
1208 220 496
1208 259 296
1208 396 805
1209 308 57
1209 451 710
1209 102 489
1209 291 920
1209 69 175
1210 111 363
1211 519 259
1211 122 27
1211 557 766
1211 560 355
1211 530 901
1211 503 609
1212 447 287
1212 483 513
1212 475 150
1213 189 606
1213 96 857
1213 19 437
1213 48 735
1213 439 190
1214 414 253
1215 359 167
1216 25 528
1216 284 541
1217 453 901
1218 14 699
1219 524 556
1220 517 488
1221 64 614
1222 57 298
1223 187 903
1223 105 854
1224 262 942
1225 360 450
1225 147 288
1226 232 605
1226 265 947
1227 526 596
1227 188 372
1228 209 26
1228 285 648
1228 216 355
1229 212 182
1230 184 143
1231 518 131
1232 10 432
1232 379 340
1233 407 500
1234 27 832
1234 114 392
1235 164 367
1235 539 441
1236 262 421
1236 443 744
1236 482 163
1236 522 528
1237 73 502
1238 118 43
1238 231 106
1238 40 477
1238 566 806
1239 25 26
1239 521 493
1240 58 301
1241 251 942
1242 54 679
1243 571 298
1244 316 81
1244 412 335
1245 276 731
1245 571 967
1245 262 339
1246 183 778
1247 405 410
1248 229 82
1248 90 376
1248 460 867
1249 588 676
1250 187 60
1251 92 38
1251 143 538
1252 54 806
1253 186 108
1254 106 352
1255 67 897
1256 376 799
1256 7 23
1257 66 689
1257 375 875
1257 125 4
1258 482 25
1258 585 404
1259 478 652
1259 34 536
1259 356 636
1259 343 424
1260 295 954
1261 162 80
1261 200 373
1262 359 561
1262 231 838
1262 86 875
1262 278 762
1263 74 397
1263 551 490
1264 18 4
1264 455 518
1264 115 916
1265 227 360
1266 370 136
1266 148 461
1267 158 348
1267 246 652
1268 389 686
1268 221 634
1268 238 989
1269 144 340
1269 89 389
1270 517 274
1271 314 149
1271 525 72
1271 401 243
1271 382 36
1271 346 995
1271 597 516
1271 506 956
1271 82 697
1272 188 88
1273 17 917
1273 263 673
1274 567 970
1275 410 833
1276 195 155
1277 254 927
1277 269 344
1278 485 458
1278 468 337
1278 404 34
1279 596 838
1280 251 770
1280 201 337
1281 401 202
1281 90 266
1281 522 478
1282 447 633
1283 311 76
1283 349 433
1283 91 897
1284 385 927
1285 374 677
1286 82 116
1286 451 361
1286 173 261
1287 269 12
1287 485 184
1287 110 703
1288 558 99
1288 134 477
1288 396 278
1288 98 448
1289 309 94
1290 471 171
1291 133 179
1291 512 230
1291 228 478
1291 64 265
1292 549 5
1292 456 103
1292 496 258
1292 356 125
1292 279 1
1292 78 549
1292 45 643
1292 13 880
1293 306 574
1294 510 98
1295 438 289
1296 131 513
1297 308 247
1298 575 196
1299 86 984
1299 507 223
1300 588 712
1301 419 298
1301 455 882
1302 383 453
1303 2 135
1304 239 31
1305 160 603
1306 207 487
1306 585 713
1306 210 810
1306 358 465
1307 306 740
1307 357 487
1307 291 554
1308 17 912
1309 500 508
1310 69 171
1310 495 451
1310 229 509
1311 382 705
1311 352 941
1311 426 469
1312 54 320
1313 269 124
1314 239 603
1315 358 407
1316 86 652
1316 371 169
1316 424 166
1316 157 355
1316 592 888
1317 496 363
1318 332 883
1318 435 473
1318 343 218
1318 306 338
1318 262 220
1319 598 745
1319 389 862
1319 266 326
1319 246 772
1319 169 662
1320 537 992
1320 307 420
1321 31 966
1322 274 690
1322 305 146
1322 446 252
1323 446 354
1323 585 379
1324 511 168
1325 253 703
1325 260 999
1325 208 648
1326 29 206
1327 327 585
1328 526 308
1328 44 244
1329 262 982
1330 566 885
1330 326 319
1331 352 634
1331 205 136
1332 328 715
1332 597 119
1332 147 633
1333 590 394
1333 516 578
1333 562 343
1334 110 409
1334 88 117
1334 89 651
1334 362 993
1335 572 987
1335 98 583
1336 105 738
1336 94 48
1336 334 412
1337 536 848
1338 507 366
1338 584 571
1338 401 23
1339 495 475
1339 82 897
1339 256 435
1339 219 263
1340 131 434
1340 40 575
1340 369 755
1340 27 109
1341 46 196
1341 252 29
1341 480 838
1341 461 425
1342 449 615
1342 171 3
1342 110 356
1342 204 970
1342 520 694
1342 210 666
1342 301 465
1342 331 237
1342 598 75
1342 324 907
1343 586 711
1344 226 409
1345 204 759
1345 24 381
1346 453 399
1346 468 954
1347 17 367
1347 234 112
1347 149 739
1347 401 665
1347 130 272
1347 308 81
1347 592 632
1347 407 305
1347 535 187
1347 441 593
1347 354 790
1347 502 726
1347 511 965
1347 330 776
1347 64 321
1348 300 225
1348 205 319
1348 20 52
1348 422 824
1348 246 71
1349 44 307
1349 539 579
1349 51 372
1350 72 153
1350 38 607
1350 181 480
1350 9 664
1351 467 270
1351 450 556
1351 459 104
1352 195 171
1353 276 686
1353 348 498
1354 248 182
1354 586 854
1354 271 338
1355 5 293
1355 416 895
1355 577 721
1355 373 385
1356 19 624
1357 566 882
1357 557 214
1358 85 667
1359 500 742
1359 514 384
1360 369 304
1360 449 127
1360 225 949
1361 119 107
1361 440 841
1362 352 471
1363 190 727
1364 577 901
1365 70 600
1366 488 702
1367 156 82
1368 187 714
1368 440 374
1369 437 245
1370 268 35
1371 98 238
1371 387 81
1372 327 136
1372 294 842
1372 535 163
1372 205 95
1373 404 329
1374 103 955
1374 4 647
1375 307 423
1375 255 605
1376 129 108
1377 240 661
1378 528 19
1379 596 24
1380 14 688
1380 46 189
1381 534 418
1381 442 289
1382 120 952
1383 498 583
1384 322 367
1384 44 822
1384 406 608
1384 176 943
1385 312 294
1386 245 232
1386 499 45
1387 449 709
1387 156 80
1388 165 802
1388 540 634
1389 400 650
1390 97 93
1390 187 688
1391 177 632
1392 213 247
1392 321 343
1392 371 984
1393 168 144
1394 499 489
1394 228 187
1395 502 699
1396 522 697
1396 548 909
1396 423 736
1396 156 471
1396 22 681
1397 121 655
1397 250 220
1397 232 799
1397 411 331
1397 183 730
1397 43 859
1398 554 979
1398 73 629
1398 367 435
1398 1 770
1398 548 545
1399 174 969
1400 197 795
1400 575 338
1400 547 240
1400 240 620
1401 353 940
1401 95 471
1402 25 473
1402 526 50
1402 359 833
1402 206 709
1403 57 708
1403 86 557
1403 95 411
1403 434 499
1404 353 332
1404 214 401
1404 441 51
1405 557 712
1406 469 185
1407 475 729
1407 410 923
1408 389 664
1408 516 248
1408 172 582
1409 211 163
1410 352 58
1410 545 598
1411 290 411
1412 133 836
1413 530 784
1414 333 817
1414 285 598
1415 42 970
1416 12 938
1416 468 678
1416 595 115
1417 274 332
1417 296 99
1417 268 417
1417 160 39
1417 493 773
1418 407 726
1418 40 775
1418 258 73
1418 470 596
1419 47 640
1420 294 980
1420 468 575
1420 322 223
1420 401 988
1420 353 745
1420 323 43
1421 517 443
1421 118 692
1421 511 330
1421 21 961
1422 90 502
1423 188 314
1423 71 229
1423 584 227
1423 522 437
1424 10 190
1425 187 188
1426 451 617
1426 439 70
1427 406 96
1428 282 325
1429 61 237
1430 430 870
1431 347 313
1432 475 193
1433 116 448
1433 570 853
1434 572 436
1434 316 910
1434 411 782
1434 93 350
1435 447 664
1436 390 427
1437 460 35
1438 443 738
1439 175 452
1440 95 257
1440 284 319
1441 506 924
1441 481 233
1441 81 75
1441 256 213
1442 586 676
1442 401 455
1442 143 704
1443 106 533
1444 269 197
1445 492 593
1445 76 837
1446 95 744
1447 397 633
1448 176 660
1449 387 72
1449 191 724
1449 465 262
1449 8 423
1449 334 130
1449 141 992
1449 412 501
1449 25 453
1450 216 723
1450 6 745
1451 316 470
1451 500 381
1452 110 197
1452 46 184
1453 161 883
1454 190 206
1454 416 247
1454 171 577
1455 485 548
1455 316 844
1455 593 183
1455 87 121
1456 28 537
1456 263 19
1457 142 796
1457 305 212
1457 243 184
1458 136 597
1458 364 478
1459 265 605
1459 397 663
1460 471 366
1461 88 976
1461 517 185
1462 133 267
1463 39 145
1463 357 794
1464 362 747
1465 241 93
1466 143 266
1466 546 426
1466 513 681
1467 224 540
1468 325 679
1468 135 640
1468 284 898
1468 538 569
1468 186 813
1468 250 750
1469 289 724
1470 301 356
1470 403 595
1471 277 406
1471 206 867
1472 13 282
1472 397 29
1472 292 784
1473 281 430
1474 78 504
1474 328 367
1474 327 89
1475 22 200
1476 588 150
