600 1000 50 10 3000
39 31
3 65
37 49
59 87
65 59
4 36
43 53
65 51
51 80
19 10
80 27
72 89
68 64
3 68
72 58
58 11
89 13
76 27
15 88
66 32
47 23
20 42
76 86
93 27
66 13
89 98
92 13
87 12
30 43
81 2
1 91
13 90
5 41
69 20
81 36
52 28
11 72
22 39
10 16
18 77
81 7
75 25
20 15
90 50
58 71
4 59
14 69
1 19
11 71
91 44
59 95
73 70
20 95
9 30
63 79
7 44
86 35
22 58
50 12
61 60
35 65
19 49
35 20
21 98
43 12
42 2
60 67
24 80
15 33
10 78
64 70
23 50
57 97
61 7
9 74
19 44
91 38
93 78
10 14
76 54
79 71
56 39
90 81
71 5
66 81
84 83
3 59
33 60
56 46
19 65
72 38
61 64
28 54
42 39
21 71
93 52
94 1
91 84
34 62
90 53
95 74
36 99
85 21
11 41
20 31
58 92
69 19
8 98
25 51
89 46
74 34
50 68
87 41
52 22
55 94
27 3
54 5
88 65
98 8
48 56
53 18
27 61
68 53
64 9
51 38
43 2
58 30
95 63
4 3
57 31
6 78
98 12
83 87
29 82
47 78
90 52
48 18
14 16
23 30
25 74
21 20
76 79
50 72
42 55
75 0
38 33
78 37
97 13
76 26
4 90
76 52
60 42
20 83
72 97
57 93
17 34
25 20
58 67
75 85
19 13
70 97
2 67
63 30
93 62
54 98
52 82
2 12
76 23
95 0
20 5
46 90
91 71
10 49
90 37
86 10
2 56
59 5
75 22
35 68
85 41
18 89
75 21
54 3
96 49
4 68
6 2
10 97
73 20
98 15
57 84
25 60
92 85
17 19
59 4
40 96
98 58
86 25
31 40
29 79
41 85
48 48
87 10
45 12
31 44
27 40
80 53
52 25
90 21
44 49
26 84
46 76
95 32
1 78
24 30
58 65
67 58
65 54
68 11
18 51
7 46
92 39
51 96
64 41
18 61
90 96
45 88
72 92
72 25
71 96
8 81
14 75
39 79
82 59
42 0
63 1
46 7
41 49
3 57
90 73
18 33
69 16
73 93
8 46
71 31
94 79
12 8
40 88
15 34
89 78
88 87
85 29
37 88
38 79
62 57
64 83
25 38
29 33
84 0
65 78
79 29
39 85
33 31
74 48
17 15
26 5
2 63
34 91
3 25
71 17
34 35
1 59
73 82
44 9
82 9
40 13
91 31
98 24
62 24
24 79
39 2
85 94
65 71
85 20
96 8
38 30
44 39
41 69
21 86
31 55
95 71
68 38
2 66
43 38
47 34
92 84
28 9
56 66
30 4
74 68
87 70
59 28
40 32
14 71
87 62
94 55
0 48
73 15
64 68
5 11
3 98
48 83
59 56
49 89
60 24
57 99
94 68
28 86
0 94
9 87
56 3
94 9
51 20
76 15
88 81
79 91
31 79
75 91
35 76
80 95
0 90
95 47
10 75
33 11
69 95
50 78
98 97
87 50
17 63
17 57
96 48
49 28
27 76
19 62
52 51
10 5
93 5
52 4
32 37
67 53
32 69
31 83
66 18
33 35
33 2
93 30
51 94
70 29
93 74
32 3
79 78
60 83
34 92
73 1
45 57
22 29
40 41
99 25
76 33
28 21
15 31
15 73
61 85
54 54
12 38
9 91
16 69
75 50
13 0
3 11
57 26
40 98
19 91
23 95
24 51
17 39
82 32
64 96
70 70
50 82
9 60
25 25
81 52
28 95
52 83
58 10
61 50
8 80
41 83
76 66
87 45
57 21
29 74
17 99
44 68
33 53
80 59
31 13
63 11
60 16
94 18
26 56
68 86
36 10
69 64
28 56
78 91
90 56
15 76
61 47
87 44
55 21
66 2
40 44
10 60
30 98
70 52
63 98
8 24
36 38
15 47
86 58
55 1
86 17
1 73
61 62
75 69
35 94
71 27
38 81
88 21
79 10
73 94
61 33
71 97
24 38
96 10
96 52
63 34
21 64
59 82
26 35
3 62
41 19
7 29
40 17
33 1
3 4
50 27
43 46
37 91
50 0
78 71
65 37
6 43
72 9
57 53
25 43
28 17
82 20
87 68
21 90
24 71
70 6
63 20
6 41
44 23
78 50
67 3
59 76
8 95
75 33
91 56
3 73
76 90
93 50
32 18
73 49
89 43
55 52
16 13
45 60
37 24
10 56
79 21
84 87
17 60
73 8
68 28
33 96
70 27
98 2
97 72
3 38
67 10
43 35
23 88
95 12
64 57
20 43
79 5
83 48
17 8
56 85
36 41
33 6
20 32
60 69
56 15
8 23
59 0
39 6
13 56
16 85
99 95
90 34
43 7
42 51
44 30
36 65
62 48
34 70
63 42
45 56
41 37
63 54
93 79
39 44
26 82
89 73
24 86
16 92
33 30
41 68
0 56
62 45
97 8
54 38
45 17
44 38
48 35
34 26
17 13
47 59
39 71
45 43
91 61
35 25
43 28
45 95
37 7
92 34
15 46
72 12
15 68
3 37
41 73
2 40
32 41
63 29
36 55
42 24
80 85
4 77
80 41
84 72
75 52
19 99
64 34
19 19
50 23
56 43
48 58
84 80
52 47
9 40
2 3
88 69
11 20
92 38
0 63
89 16
50 9
35 52
84 43
54 79
64 6
79 25
46 33
28 63
68 68
84 31
88 46
79 32
36 31
96 26
0 46
87 35
79 45
7 33
77 71
91 8
96 89
41 76
4 61
44 88
93 32
35 24
64 71
8 60
49 8
58 88
95 60
11 26
6 18
11 35
41 2
43 89
44 84
65 48
46 9
41 24
47 75
70 49
35 29
89 31
41 53
23 69
34 65
23 29
54 19
14 20
68 12
29 57
55 23
33 22
81 80
98 51
81 33
32 71
16 74
24 74
73 47
12 70
89 19
90 55
39 10
19 20
67 74
49 76
32 47
80 14
32 64
85 49
90 9
75 16
56 22
76 21
92 17
40 82
25 31
92 44
51 11
71 47
75 96
19 55
10 51
72 47
52 62
56 27
78 64
1 6
24 77
28 49
8 21
84 16
59 48
36 34
44 55
42 6
59 14
53 63
25 44
13 63
38 89
40 67
38 49
40 84
61 24
52 20
72 41
6 68
48 0
74 7
66 27
88 66
54 66
10 67
29 49
9 69
68 47
70 8
83 31
84 36
29 62
25 77
14 52
37 81
79 60
28 20
86 36
1 15
37 10
36 57
10 7
65 45
38 50
33 94
59 62
56 36
40 70
88 77
3 20
40 15
3 67
93 93
29 81
50 39
88 68
37 27
18 70
21 29
33 29
65 73
99 6
26 91
86 18
58 52
96 61
19 41
54 0
22 57
92 11
25 29
90 43
99 63
24 32
92 89
57 43
95 11
98 73
2 85
91 12
37 87
74 8
28 80
60 3
37 52
14 62
81 56
57 33
71 81
65 15
23 75
58 70
86 9
44 41
46 35
53 35
23 79
43 3
60 55
6 97
8 72
12 41
80 69
74 51
3 92
66 26
67 77
96 5
38 92
46 84
28 0
19 3
79 14
58 91
69 17
41 77
89 53
71 22
74 45
37 92
55 56
21 52
62 59
96 60
95 24
60 14
79 92
80 38
35 49
55 76
79 96
29 50
18 56
95 96
33 85
88 89
93 61
93 55
16 19
66 28
33 45
72 13
83 8
14 90
84 93
39 66
43 9
22 91
5 7
28 45
96 21
29 30
31 97
49 97
25 34
94 50
99 30
58 14
20 94
59 59
69 34
98 74
42 26
20 38
32 28
61 63
25 10
12 3
97 58
53 96
88 63
62 9
57 22
20 70
77 41
4 27
68 46
53 40
70 69
81 31
84 58
94 48
61 91
6 14
87 95
77 2
56 35
24 28
70 61
80 90
60 85
30 97
37 0
32 54
29 26
2 90
69 8
5 56
55 34
58 63
21 34
92 78
39 14
40 19
4 52
4 86
49 94
86 19
96 27
36 17
87 93
74 43
27 84
58 49
71 2
16 71
30 72
23 86
58 24
80 45
43 97
90 64
47 26
81 35
19 7
30 99
0 15
91 79
25 59
3 7
32 26
94 90
51 26
87 46
23 55
67 14
71 14
92 4
1 64
64 31
63 8
23 63
46 0
74 49
8 6
76 2
49 79
28 88
77 52
43 96
18 66
63 62
71 64
78 35
96 41
95 68
8 18
83 55
18 57
4 78
64 32
80 65
63 61
53 41
65 49
89 35
67 52
49 90
17 28
25 65
90 16
85 61
73 89
39 89
74 72
6 37
85 12
30 2
13 20
37 80
71 41
14 48
6 36
21 91
66 63
7 3
44 16
74 18
40 33
8 77
45 38
79 58
10 68
90 35
6 13
62 35
9 35
26 27
98 86
82 75
19 26
43 45
97 35
78 5
12 75
95 43
11 76
41 17
89 69
90 3
4 51
90 83
30 41
69 12
16 40
91 11
98 16
93 10
91 40
5 77
46 16
5 87
85 46
9 28
2 13
31 92
48 62
33 69
26 1
9 17
12 99
5 10
15 50
91 77
87 89
45 92
77 83
39 86
85 52
56 19
21 83
52 85
82 58
95 97
60 20
49 95
93 95
39 22
78 78
8 41
71 11
35 57
63 44
28 37
79 48
41 81
51 2
53 58
5 2
5 98
49 45
20 79
75 80
20 99
44 8
56 59
96 83
14 70
3 21
10 8
80 67
10 85
18 60
82 90
39 58
71 12
57 67
72 65
78 76
1 75
59 37
43 25
33 14
35 43
22 15
11 33
53 29
45 35
19 84
45 42
48 54
9 20
71 88
96 72
15 7
62 58
33 21
24 66
36 60
27 73
43 80
2 88
68 73
16 73
20 77
46 91
17 94
16 84
2 78
95 87
51 19
5 39
79 67
98 7
40 93
39 94
34 7
20 59
73 36
84 45
65 82
36 35
77 4
19 31
82 14
18 86
34 75
25 13
43 75
72 35
82 3
14 96
90 98
81 82
90 10
86 62
76 11
55 10
86 32
76 81
8 0
17 77
64 51
80 36
53 46
44 78
50 77
60 93
39 98
55 32
67 31
43 74
94 82
7 22
63 15
22 32
44 87
83 76
75 36
22 11
31 18
41 34
48 53
27 87
52 34
20 71
46 11
97 5
33 13
72 8
45 68
95 81
44 22
69 66
84 27
87 32
72 32
0 92
4 17
7 2
70 83
74 67
51 21
48 95
43 18
13 29
71 49
56 58
34 88
24 6
21 24
98 77
93 57
31 22
14 42
89 36
25 63
56 76
85 4
23 80
74 36
61 97
85 17
7 19
6 83
25 79
59 75
8 53
85 39
27 51
81 16
88 6
32 96
34 69
0 57
49 27
45 63
76 30
80 84
2 38
19 79
69 79
7 77
32 92
95 1
28 35
7 12
31 93
81 84
2 82
11 47
45 39
30 78
23 84
68 95
63 90
74 22
19 58
66 88
21 62
89 49
97 49
94 94
13 97
29 76
44 74
15 26
4 91
10 25
86 26
15 12
48 34
22 43
77 64
45 26
13 58
7 59
5 72
56 34
79 17
59 42
42 97
68 9
61 16
43 83
83 18
78 60
39 47
34 46
6 91
19 15
77 19
68 89
35 99
6 94
41 0
9 4
78 53
39 61
23 18
74 5
93 13
4 79
22 30
77 99
50 45
89 85
45 47
32 86
48 27
48 9
62 71
42 35
78 98
66 38
61 89
36 29
29 92
19 77
86 51
45 1
23 85
38 64
50 33
99 29
7 39
83 47
10 71
29 18
4 58
10 23
87 29
95 25
33 40
78 56
77 69
72 80
2 24
9 85
42 28
30 1
67 65
48 29
47 40
39 9
91 10
4 24
3 82
32 32
51 56
12 5
80 21
91 22
23 21
38 24
50 26
53 50
18 93
96 75
78 51
10 62
35 13
19 48
74 75
87 97
96 25
73 46
3 79
48 21
24 60
6 95
62 2
23 93
5 33
7 41
98 26
78 62
31 52
89 18
1 85
95 27
84 98
6 32
71 30
77 7
32 0
52 38
85 59
31 84
38 72
53 16
86 37
20 76
7 21
13 55
48 97
5 6
82 77
36 26
55 14
66 89
29 52
49 60
30 75
51 90
48 64
45 49
14 50
55 96
79 44
74 86
58 12
26 24
1 55
28 50
68 16
89 4
10 96
27 92
95 79
21 61
82 76
9 13
0 30
95 78
7 97
85 35
99 53
4 41
10 66
37 89
10 9
20 93
81 67
24 2
28 58
30 37
72 51
72 72
81 68
50 88
17 87
76 16
41 80
9 3
98 47
92 8
8 64
31 78
95 59
88 25
48 60
32 10
50 58
22 78
26 15
10 36
35 62
69 43
27 22
52 31
22 41
56 70
43 86
47 84
72 49
42 46
57 83
99 44
98 68
39 77
42 75
6 9
88 14
32 89
51 75
27 50
12 52
52 6
98 32
27 64
22 36
47 73
94 62
23 19
60 22
35 40
92 77
53 42
9 81
6 31
17 6
5 50
51 98
69 26
34 16
88 17
20 63
88 91
71 1
14 6
93 87
53 85
39 38
56 9
44 13
59 47
12 80
25 98
48 13
68 21
77 56
12 0
9 26
39 81
17 71
9 15
18 5
28 29
52 92
61 78
43 62
43 11
35 72
19 47
72 29
26 78
31 43
89 23
94 83
68 3
50 38
60 31
67 12
42 18
94 38
29 29
10 1
77 35
30 55
65 13
98 55
36 75
14 30
59 34
72 45
71 4
86 66
42 68
95 5
69 24
40 99
79 57
64 78
64 1
53 30
83 64
64 21
78 36
66 70
27 28
90 99
33 77
17 27
97 12
32 66
89 24
17 68
82 81
98 46
34 4
77 70
20 41
91 98
30 9
21 57
90 11
40 25
2 37
99 93
92 40
2 21
10 74
14 53
73 44
63 94
57 62
28 98
40 30
35 30
17 91
61 29
63 60
74 17
58 66
39 20
87 54
74 12
50 89
58 4
94 15
19 74
56 1
41 74
44 2
55 7
62 29
25 73
93 81
88 44
70 98
0 64
14 19
90 31
30 47
84 71
73 28
25 28
36 40
13 9
48 2
49 55
79 42
37 19
38 59
18 39
76 84
15 41
65 0
64 38
28 90
18 16
30 80
29 95
89 29
97 38
85 28
33 74
0 122 615
1 36 898
2 202 430
2 353 533
2 591 85
3 344 426
3 496 162
4 195 51
4 150 171
5 555 481
5 250 827
6 63 345
7 343 924
7 4 836
7 5 575
7 111 315
7 307 518
7 571 323
7 91 126
7 319 959
7 199 70
7 519 438
8 183 707
8 441 238
9 541 540
10 281 57
10 112 55
10 448 832
11 24 973
12 373 40
12 360 147
13 76 878
14 106 745
14 329 197
15 75 621
16 325 512
17 335 33
18 331 618
18 439 51
19 295 526
20 127 696
20 547 527
21 270 906
21 168 620
22 136 739
23 589 342
23 336 398
24 410 468
25 428 126
26 40 406
26 427 814
26 545 74
27 272 915
28 286 335
28 64 443
28 465 332
28 444 739
28 99 647
29 223 734
29 251 892
29 418 613
30 346 213
31 501 383
32 405 25
33 80 312
34 105 941
34 438 637
35 162 523
35 177 691
36 499 955
36 171 864
37 246 822
38 383 677
39 37 468
39 388 817
39 146 428
39 386 16
39 238 12
39 300 113
39 37 546
40 192 641
40 541 711
40 70 366
40 426 631
41 587 601
41 575 856
42 493 569
42 329 872
42 551 816
42 243 25
42 474 50
42 321 37
43 202 517
44 229 565
45 212 732
46 22 879
46 299 47
46 484 303
46 512 28
47 159 597
48 110 15
48 135 687
48 552 827
48 305 442
48 502 530
48 192 894
49 295 473
49 413 946
50 154 717
51 391 918
51 212 745
51 524 262
52 7 545
52 111 342
53 451 610
53 530 506
53 176 419
53 368 400
53 207 440
54 263 315
54 222 678
54 468 609
55 278 572
56 355 317
56 543 221
57 490 695
57 71 576
57 400 577
58 113 905
58 305 359
59 534 78
59 181 487
60 544 675
60 274 687
60 559 983
61 79 799
61 220 351
62 37 73
63 548 256
64 315 349
64 385 176
64 177 529
64 244 947
65 383 733
65 562 883
66 200 208
66 483 271
67 79 522
68 44 346
68 301 836
68 349 664
69 346 954
70 343 519
71 570 984
71 481 669
72 400 593
72 593 453
73 211 52
74 64 126
75 175 773
76 565 729
77 360 630
78 62 193
78 170 841
79 122 99
79 115 987
80 475 34
81 238 114
82 59 432
83 82 606
84 92 653
84 564 426
85 559 142
86 44 122
87 353 423
88 588 26
88 426 132
89 591 931
89 429 618
90 527 966
90 321 667
90 531 524
90 185 364
91 449 790
91 119 960
91 367 553
91 384 614
91 189 108
92 239 843
93 135 565
93 314 398
94 255 101
94 583 123
95 204 197
96 69 177
97 154 764
98 148 83
99 389 769
100 527 834
101 431 723
101 19 72
101 559 815
102 577 872
103 264 471
104 589 586
104 48 922
104 288 531
105 559 218
105 225 749
106 561 313
106 26 551
106 458 989
107 275 837
107 321 653
108 228 774
109 173 38
109 185 896
110 583 38
110 169 690
110 397 406
110 254 650
110 336 151
111 284 699
112 113 450
113 589 698
113 456 225
113 463 395
114 95 806
115 36 526
116 191 50
116 110 4
117 167 798
118 25 108
119 29 481
119 516 437
119 128 53
120 363 915
121 96 484
122 594 885
123 363 568
123 374 315
124 45 431
125 449 379
126 512 878
127 79 204
127 102 518
128 94 989
128 387 471
129 197 53
130 589 576
130 197 351
130 240 706
131 41 123
132 182 12
133 80 688
133 104 496
134 363 450
135 169 473
136 462 701
137 214 802
138 302 63
139 380 450
139 564 844
139 253 185
139 240 78
140 358 369
141 198 980
141 194 263
141 79 17
141 130 893
142 592 633
142 443 859
142 512 77
143 175 9
144 98 275
145 403 134
146 576 337
146 363 842
147 492 346
148 419 587
149 1 643
150 111 769
151 549 907
151 13 762
151 526 834
151 299 533
152 431 397
152 233 164
153 274 160
153 553 847
154 259 554
154 295 385
154 261 461
155 244 994
156 371 812
156 15 137
156 5 642
156 404 486
156 486 870
156 501 305
156 48 982
156 283 730
156 575 943
156 312 425
157 475 59
157 297 749
157 178 141
157 424 895
157 291 625
158 53 270
159 31 508
159 260 862
160 494 669
160 182 521
160 573 552
161 275 868
161 577 499
162 42 202
163 404 283
163 482 991
163 478 459
163 191 44
163 347 303
163 303 316
163 229 125
164 520 797
164 394 54
164 366 458
165 495 807
166 63 79
167 431 351
167 237 102
168 498 489
169 7 75
169 139 87
169 338 258
170 75 22
170 440 297
170 290 372
170 533 389
170 301 148
170 403 419
170 23 521
171 217 946
171 154 820
171 91 621
171 504 69
172 378 995
172 589 924
172 340 788
173 456 207
173 556 735
173 432 602
174 209 718
174 540 300
174 240 855
175 255 325
175 252 738
176 565 583
176 205 769
177 76 904
177 219 52
177 62 434
177 18 747
178 370 404
179 444 489
179 100 942
180 58 907
181 361 971
182 265 126
183 123 540
184 378 83
185 25 671
186 182 267
186 123 282
187 69 278
188 75 855
189 270 142
189 61 556
190 126 510
191 455 776
192 584 984
193 570 471
194 56 347
195 107 859
196 57 145
196 15 234
196 202 711
196 600 739
197 49 491
197 86 76
198 418 743
199 81 299
200 92 697
200 50 350
200 372 11
200 514 589
200 485 356
201 291 889
202 101 87
203 257 986
203 310 36
204 48 865
204 237 753
205 529 104
206 169 810
206 25 625
207 321 769
207 519 83
207 504 652
207 518 74
208 451 830
208 114 193
208 517 878
209 349 571
210 55 576
211 33 462
212 92 468
213 166 103
214 102 634
214 223 393
215 117 854
216 159 845
217 546 27
217 261 679
218 463 126
219 289 964
219 352 293
220 301 614
221 401 415
221 366 939
222 336 735
223 39 352
224 452 216
225 146 17
226 362 93
226 575 547
227 275 108
227 175 385
228 29 45
228 520 6
228 303 874
228 184 612
228 335 419
228 330 802
229 428 815
230 306 427
230 202 810
230 534 760
230 464 34
231 485 109
231 500 88
232 38 692
232 2 734
233 492 564
233 378 486
234 263 214
235 531 604
235 174 342
236 41 990
236 571 832
236 244 798
236 427 194
237 41 623
238 517 509
239 19 719
239 384 295
239 140 696
240 254 441
240 247 698
241 178 445
242 205 151
243 158 924
244 405 505
245 421 617
246 588 764
247 344 578
247 337 498
248 535 66
249 274 398
249 414 151
250 243 630
250 294 609
251 31 324
252 160 803
253 446 702
254 342 335
255 409 61
255 73 544
255 113 128
255 171 258
255 500 416
255 221 159
255 365 40
255 91 793
255 558 423
256 97 200
256 304 871
256 61 911
256 509 820
257 553 792
258 592 809
259 166 265
259 418 961
259 490 59
259 429 504
260 176 531
261 347 212
261 81 702
262 461 66
263 51 24
263 174 634
263 388 80
264 574 127
264 91 84
265 491 252
265 437 169
266 439 572
266 108 461
267 78 404
268 51 924
268 523 926
269 49 271
269 109 237
269 343 214
270 313 382
270 567 799
270 591 279
270 478 382
270 583 532
270 274 725
271 459 23
272 538 977
272 365 920
273 548 163
274 335 177
274 552 263
274 115 507
275 428 776
276 592 152
277 310 185
277 582 760
278 564 52
279 118 553
280 510 508
281 539 995
282 530 7
283 532 615
284 48 373
285 483 600
285 383 204
285 247 390
285 569 875
285 446 331
285 513 831
285 513 904
286 351 400
286 472 886
286 465 501
287 143 522
287 513 918
288 253 433
288 234 135
289 76 958
290 476 378
291 573 601
292 196 553
293 443 775
293 91 202
293 60 784
293 321 786
294 315 32
294 236 956
294 517 291
295 218 517
296 37 539
297 435 827
297 517 341
297 499 433
297 569 100
298 586 234
299 290 482
300 100 915
301 545 876
302 59 478
303 57 366
303 539 908
303 474 421
303 100 375
303 406 552
303 210 629
303 317 564
304 351 462
304 449 935
304 447 80
304 98 356
304 462 510
305 321 716
305 533 22
305 418 532
306 295 558
306 246 328
307 450 396
308 492 322
308 362 55
308 291 333
308 303 665
308 69 488
308 273 593
308 9 250
308 278 973
308 596 704
309 492 603
310 179 974
311 538 217
311 519 700
312 488 981
313 298 116
314 31 780
315 251 317
315 263 275
316 109 868
317 303 711
318 192 3
319 282 605
320 496 906
320 486 602
321 101 418
321 426 795
321 397 889
322 547 162
323 520 399
323 462 807
324 65 742
324 87 418
325 113 136
326 5 819
326 255 222
327 401 428
327 46 703
328 291 401
329 600 405
329 5 606
329 211 816
330 513 659
331 26 219
332 315 593
332 554 495
333 140 127
333 571 615
334 16 431
335 174 853
336 34 86
336 145 84
336 357 786
336 561 661
336 4 689
336 402 368
336 229 568
336 492 200
336 276 427
337 323 774
337 390 532
338 33 151
338 193 473
338 326 566
338 114 479
338 296 335
339 483 379
340 279 728
340 406 880
340 381 111
340 536 283
340 240 905
340 340 961
341 466 863
342 187 685
343 543 374
344 15 815
344 104 586
345 146 526
345 92 938
346 389 47
346 440 177
347 395 1000
347 325 908
348 76 665
349 384 735
349 321 351
350 361 967
351 296 574
352 38 677
352 544 614
353 522 510
353 47 733
354 21 822
354 111 838
354 310 677
355 223 954
356 371 732
357 136 237
358 256 701
359 573 256
360 367 869
361 71 306
362 204 467
363 367 313
363 205 908
364 539 820
364 206 388
365 437 844
365 127 783
366 156 292
366 153 168
367 140 370
367 197 270
367 76 927
367 177 684
368 216 524
369 584 629
370 93 495
370 218 653
370 211 746
371 120 784
371 169 690
371 498 369
371 7 91
371 485 408
371 379 600
372 327 970
373 20 589
374 111 515
374 382 58
374 436 776
374 126 264
375 204 132
376 517 123
377 161 668
377 572 344
377 273 543
377 179 704
378 84 599
379 33 337
380 340 312
381 81 325
381 129 485
382 115 720
382 18 60
382 462 775
382 261 473
383 78 715
384 211 576
384 358 232
385 199 396
385 15 312
385 369 276
386 598 4
387 173 788
387 88 859
388 445 36
388 4 710
389 350 172
389 338 336
390 340 179
391 200 997
391 231 801
391 335 166
392 535 447
392 285 685
392 448 542
393 548 121
393 278 738
394 391 227
394 377 896
395 245 409
396 155 566
396 144 253
396 588 790
397 358 673
397 199 81
397 170 95
397 488 304
398 196 50
398 326 701
399 384 406
399 274 54
400 497 430
400 260 674
401 265 950
402 246 439
403 267 322
404 160 343
405 12 569
406 238 573
406 403 481
406 298 692
407 279 364
408 384 984
409 570 375
410 189 302
411 244 997
412 191 208
413 564 729
414 424 789
415 102 584
415 291 253
415 462 744
415 214 156
415 4 629
416 79 930
416 596 89
416 134 464
417 547 777
417 280 126
418 103 41
418 154 495
418 354 603
418 254 845
418 180 131
419 236 222
420 550 362
421 312 805
421 209 23
421 175 409
421 420 882
422 518 503
423 434 884
424 554 383
424 231 798
424 164 528
425 410 991
426 343 118
427 326 731
427 575 824
427 103 585
428 509 569
429 536 531
429 423 140
430 11 373
431 80 627
432 533 27
433 504 949
433 469 706
433 442 357
434 397 409
435 65 93
435 286 913
436 595 5
437 419 828
437 324 305
437 67 831
437 92 561
438 21 91
439 2 662
440 460 262
441 252 550
441 174 174
441 89 990
442 503 679
442 466 593
442 280 96
442 105 525
443 440 239
443 502 905
443 562 620
443 339 126
444 295 977
445 129 659
445 309 661
445 66 492
446 133 261
446 553 416
447 460 374
448 268 184
448 533 336
449 406 595
449 181 725
450 55 444
450 398 410
451 597 112
452 476 412
453 524 686
454 215 403
455 360 455
455 492 848
455 274 903
455 291 903
455 581 46
455 581 967
456 117 208
456 591 677
457 159 461
458 375 478
459 266 595
460 434 568
460 351 318
461 15 311
461 4 376
462 226 855
462 69 207
462 566 355
462 429 331
462 541 692
463 277 635
464 83 472
464 473 679
464 84 573
465 595 456
466 260 418
467 295 509
467 343 684
468 591 903
468 67 318
468 308 115
468 186 122
468 548 341
468 369 52
468 346 366
468 225 258
469 29 687
469 294 185
469 391 69
469 235 913
470 285 902
471 375 562
472 485 728
473 561 207
474 486 778
475 280 228
476 393 780
477 207 135
478 261 225
479 233 823
480 194 59
480 288 44
481 19 843
482 237 218
483 337 61
483 264 889
484 550 578
484 501 945
485 393 526
485 120 726
485 461 885
486 336 926
486 284 562
486 501 480
487 418 599
487 98 23
487 558 129
487 322 523
487 526 377
487 133 254
487 311 31
487 384 709
488 290 698
489 442 330
490 74 264
490 169 840
490 481 915
490 365 767
491 171 911
492 147 91
492 182 581
492 457 57
492 538 735
493 268 436
493 62 215
494 103 904
495 200 503
496 227 594
497 316 924
497 60 185
498 345 518
499 22 155
500 300 247
501 130 616
502 112 296
503 109 422
504 520 976
505 310 919
506 146 542
506 397 772
507 403 1000
507 303 399
507 135 498
507 10 250
508 449 40
509 462 190
510 202 871
510 585 417
510 90 839
510 481 172
511 578 907
511 472 518
512 423 147
513 255 930
514 568 372
515 300 619
515 477 953
515 456 64
515 272 25
516 36 4
517 52 443
518 406 689
518 513 954
518 343 31
518 447 996
519 136 681
520 140 610
521 548 108
521 266 828
522 157 286
523 217 631
524 484 17
525 473 15
526 122 390
526 345 675
526 133 792
527 515 62
528 172 19
528 421 588
529 192 148
530 380 601
530 277 257
531 443 901
531 230 274
532 519 616
532 161 719
533 277 718
533 525 950
533 158 454
534 196 813
535 595 933
536 239 400
536 490 326
536 527 401
536 346 538
536 164 492
537 133 330
538 75 371
538 53 913
538 294 772
538 274 798
539 389 624
540 77 89
541 28 635
542 530 320
543 387 192
543 511 379
543 5 531
543 542 445
543 14 331
544 533 623
544 306 136
544 16 830
544 256 1000
544 291 566
544 530 446
544 204 918
544 236 161
544 357 790
544 205 206
545 131 404
546 291 342
546 173 218
546 72 12
547 401 381
547 439 598
547 429 599
548 204 63
549 82 59
549 598 253
550 5 767
550 265 311
550 427 986
550 243 835
551 11 129
552 507 490
552 318 866
553 533 784
554 415 640
554 68 749
554 416 614
554 320 227
554 114 904
554 600 305
554 400 853
555 33 981
555 297 492
555 40 368
556 169 347
556 158 128
556 99 528
556 542 1
556 557 743
556 155 589
556 303 738
557 320 203
557 62 695
558 514 120
558 469 936
558 355 476
559 309 978
560 334 334
560 390 854
561 234 129
561 21 346
562 141 435
562 163 535
562 17 314
563 597 899
564 167 126
564 385 123
565 394 368
566 22 407
567 381 490
568 513 170
569 60 169
569 46 7
569 579 779
570 253 865
571 427 583
571 552 625
571 581 552
572 397 99
572 426 846
572 455 680
572 177 651
572 404 659
573 580 866
574 194 462
574 193 635
575 417 914
575 38 330
575 146 282
576 377 706
576 311 615
576 409 563
576 410 240
576 169 339
576 374 535
577 325 405
577 215 724
577 130 225
577 153 6
578 3 881
579 50 269
579 241 128
580 476 368
581 577 7
581 537 838
581 390 35
581 91 117
581 8 810
581 376 924
581 433 785
582 380 14
583 546 214
583 294 962
584 553 690
584 411 314
585 283 2
586 523 753
587 251 655
588 178 775
589 482 583
589 241 577
590 395 869
591 528 545
591 92 805
591 426 127
592 22 84
592 467 819
592 70 238
592 228 774
592 197 676
593 305 833
594 376 733
594 329 934
594 244 251
595 148 358
595 460 245
596 577 750
597 578 140
598 514 991
599 498 203
600 220 500
600 356 301
600 217 932
601 382 567
602 438 727
602 101 480
602 348 959
602 53 209
603 448 582
603 260 307
603 314 828
604 215 987
605 399 805
606 452 831
606 189 83
607 283 130
608 278 479
608 40 772
609 556 722
610 419 944
610 580 402
611 297 294
611 253 812
612 315 380
613 427 925
614 150 413
615 192 70
615 464 268
616 420 213
616 22 137
616 454 739
616 410 814
616 221 565
616 487 72
616 554 439
617 189 693
618 181 383
618 569 484
618 17 713
618 503 255
618 224 412
618 320 102
618 471 691
618 246 412
619 341 556
619 228 737
620 566 284
620 192 688
620 400 642
621 200 825
622 11 830
622 267 672
622 281 180
622 130 259
623 489 22
624 48 669
625 190 216
626 557 281
626 228 100
626 10 803
627 443 833
627 260 207
628 444 770
628 488 27
628 57 883
629 315 764
630 451 89
631 28 455
632 553 396
633 418 975
633 588 947
633 35 800
634 159 6
634 211 125
634 398 518
635 78 764
635 360 829
636 378 193
637 522 108
637 69 353
637 253 664
638 422 558
638 409 171
638 242 866
639 1 890
639 572 446
639 547 767
639 286 432
640 595 475
640 586 573
641 43 916
641 112 106
641 517 579
641 516 996
641 386 736
641 422 41
642 393 561
642 181 772
642 373 589
642 230 54
643 21 628
643 496 421
643 410 768
644 54 247
644 76 387
644 231 153
644 562 118
644 160 997
644 454 787
645 440 906
645 48 191
645 104 201
645 568 486
645 178 341
646 390 157
647 364 533
647 387 964
648 261 896
648 174 13
649 511 281
650 428 696
651 234 667
651 284 720
652 452 801
653 559 896
653 190 948
654 415 994
654 21 565
654 237 476
655 232 955
655 257 1000
655 373 202
656 483 750
657 151 552
658 315 465
659 551 708
660 173 701
661 349 636
662 401 695
663 85 753
663 167 897
664 326 630
664 501 243
665 369 908
665 588 912
666 585 40
666 11 234
666 448 531
666 127 170
666 103 866
666 493 904
667 188 603
668 275 59
668 595 290
668 50 331
668 481 575
668 530 615
669 524 286
669 458 746
670 461 596
671 376 763
672 580 489
673 336 263
673 139 852
673 180 488
673 410 160
673 437 520
674 80 526
675 277 910
676 22 953
677 179 751
678 425 187
679 423 48
680 503 480
680 347 472
681 443 105
681 487 467
682 285 963
683 488 165
683 274 898
684 462 962
685 216 883
686 478 503
687 496 855
688 319 142
689 157 994
690 192 374
690 463 66
690 201 831
690 437 573
691 352 543
692 226 860
693 4 821
693 517 441
693 120 510
694 559 870
694 58 414
694 8 491
694 104 107
695 98 766
696 119 777
697 368 890
697 556 710
697 567 280
697 228 939
698 374 974
699 35 2
699 212 827
699 297 999
700 480 259
700 282 899
701 279 608
701 179 101
702 406 694
702 267 123
702 341 852
702 396 892
702 391 848
702 19 260
703 56 978
703 476 931
704 157 182
704 70 146
705 4 367
706 346 58
706 429 512
706 540 21
707 334 235
707 295 192
707 144 840
707 307 396
707 129 352
707 144 532
707 578 293
707 31 124
707 224 288
708 515 510
708 359 816
709 557 456
710 420 339
711 247 881
712 14 873
713 230 629
714 420 212
715 413 348
716 204 164
717 289 808
718 37 223
719 307 886
720 282 686
720 353 352
721 334 747
721 271 604
722 519 124
722 260 824
723 302 347
724 73 1000
724 592 307
724 180 484
724 99 589
725 106 2
725 429 239
725 535 772
726 540 188
727 438 230
727 27 899
728 29 81
728 360 51
728 390 532
728 207 57
728 105 906
729 537 269
729 76 96
730 503 560
731 6 6
732 545 711
732 436 518
732 463 372
732 356 67
732 410 119
732 370 838
733 209 693
734 466 507
734 267 833
734 29 744
734 57 112
734 234 786
735 147 587
735 207 117
735 311 666
736 253 655
737 137 186
738 122 911
739 576 567
739 435 89
739 75 111
739 316 602
739 362 53
739 317 235
739 82 224
739 534 402
739 521 193
739 564 26
739 490 810
740 579 368
741 294 599
742 237 538
742 597 906
743 87 317
743 495 249
743 403 956
744 395 891
745 327 716
746 259 285
746 562 759
747 153 45
748 46 506
748 310 601
748 253 162
748 257 815
748 492 678
748 112 855
749 473 409
750 82 487
751 566 558
751 371 316
752 253 145
753 222 942
753 188 119
753 300 553
753 96 99
753 242 397
753 109 56
753 221 441
754 396 923
754 416 95
755 28 216
755 527 99
755 267 975
755 308 619
755 502 301
755 214 730
755 437 275
756 27 345
757 204 894
757 56 776
757 99 156
758 376 127
758 524 132
759 39 15
760 408 531
760 554 475
761 24 806
761 529 429
761 200 1000
761 595 636
761 92 680
762 455 854
762 371 889
762 334 290
763 570 902
763 3 551
764 274 290
764 18 71
764 401 908
764 358 684
764 455 513
765 441 194
765 217 329
765 326 616
766 59 657
767 129 939
767 238 775
768 472 705
768 253 781
769 489 260
770 90 23
771 530 957
771 263 612
772 565 606
772 206 758
773 507 940
773 180 273
774 362 696
774 323 707
774 359 296
775 504 347
775 13 547
776 330 263
777 594 933
778 472 43
779 176 60
780 162 528
780 5 121
781 312 310
782 469 958
782 209 784
783 355 437
783 175 223
783 290 711
784 185 505
784 429 248
785 597 991
786 373 780
787 598 145
787 304 384
787 490 805
788 424 248
789 599 231
790 59 534
790 93 849
791 502 927
791 529 24
791 193 48
791 231 469
791 325 789
791 155 93
792 198 565
793 158 416
793 574 659
794 440 487
794 118 898
795 577 809
795 287 441
795 70 993
795 250 641
795 31 220
795 133 742
796 69 447
796 172 23
796 60 406
796 65 102
796 236 302
796 347 711
797 323 343
797 324 150
797 368 168
798 514 138
799 582 584
800 158 934
800 346 528
801 457 716
801 245 984
802 485 516
802 24 368
802 273 639
803 384 74
803 410 902
804 261 75
804 240 569
804 309 894
804 281 462
804 4 239
805 364 193
806 399 492
806 64 420
807 206 444
808 14 991
808 585 536
808 569 217
809 297 825
810 249 17
810 154 916
810 9 96
811 458 171
812 232 445
812 497 216
813 518 424
814 75 693
815 177 911
815 285 818
816 487 377
816 68 113
816 176 778
816 22 776
816 57 625
816 238 466
816 221 683
817 566 807
818 495 356
818 318 724
819 466 46
819 169 917
820 41 547
821 444 775
822 177 204
823 177 16
823 24 174
823 284 905
823 74 780
824 421 912
825 319 857
826 112 637
827 578 205
828 556 264
828 150 170
829 227 974
830 491 327
831 455 494
831 564 250
831 359 229
832 490 800
833 433 438
834 477 973
835 160 365
835 386 553
836 214 311
837 202 789
837 579 645
837 442 233
837 101 903
837 174 434
837 488 336
837 124 513
838 526 770
839 221 275
840 99 428
841 228 524
842 503 580
843 548 790
844 12 884
844 514 450
845 182 82
845 323 374
845 70 85
845 391 224
845 430 903
846 581 443
846 88 287
847 457 269
848 367 106
848 198 640
848 464 434
848 87 557
849 368 3
850 113 43
850 532 191
851 330 881
851 474 288
851 150 761
852 570 253
852 32 775
853 290 253
854 481 492
855 484 618
855 84 205
855 488 948
855 413 380
856 200 74
856 279 84
856 412 335
856 104 851
856 254 536
857 476 14
857 253 959
857 139 775
858 522 237
858 61 927
859 399 715
860 517 975
861 519 373
861 232 993
861 250 696
862 533 813
863 364 429
864 532 752
864 512 605
865 530 642
865 150 349
865 313 395
865 485 919
865 406 676
866 471 293
867 103 809
868 557 113
868 592 462
869 108 489
869 53 105
869 161 671
870 73 778
870 516 646
870 194 879
871 293 39
871 347 782
872 453 556
872 362 127
873 104 61
874 447 938
874 572 762
874 286 244
874 458 206
874 542 938
875 553 861
875 22 871
876 76 291
876 375 98
876 100 846
876 410 637
877 69 503
877 310 230
877 245 490
878 51 229
878 298 359
879 44 597
879 576 75
879 221 775
880 145 837
880 453 475
880 278 487
880 567 54
881 65 591
881 81 261
881 248 562
881 98 122
881 325 372
881 304 765
881 76 835
882 519 327
883 389 758
884 204 881
884 459 986
885 356 19
886 56 155
887 535 644
887 192 739
887 532 990
888 533 682
888 243 29
888 515 30
888 383 613
888 516 143
889 166 236
889 124 698
890 546 473
890 246 919
890 55 768
891 237 235
891 279 364
891 520 200
892 284 175
892 522 296
893 113 116
894 457 888
894 387 895
894 119 35
895 73 935
895 368 197
895 223 797
896 288 391
897 39 262
898 10 931
899 598 674
900 189 751
900 551 98
900 447 488
901 230 803
902 229 956
903 496 873
904 289 273
905 370 600
906 468 402
907 338 75
907 179 872
908 175 787
908 203 948
909 262 745
909 375 529
910 570 370
911 33 962
911 306 587
911 462 646
912 9 191
912 247 552
913 525 213
914 514 880
914 394 382
915 434 517
915 269 579
915 349 156
915 565 850
916 349 879
916 242 124
917 569 614
917 518 95
917 279 965
918 279 599
919 330 284
920 180 47
920 97 711
920 221 641
921 114 514
922 509 86
922 295 244
923 3 759
924 561 597
924 403 37
924 600 826
925 145 837
925 14 421
926 32 700
927 391 475
927 529 156
927 123 423
928 181 865
928 15 601
928 447 695
929 8 189
930 100 209
930 257 612
930 47 507
931 479 827
932 314 776
932 563 475
932 595 188
932 471 175
932 512 211
933 306 552
934 498 273
934 286 272
935 476 971
935 263 830
936 557 569
936 291 124
936 231 380
936 87 770
937 8 597
937 316 763
938 125 294
938 231 860
938 49 241
938 240 45
938 58 896
939 89 699
940 53 984
941 326 743
942 127 119
943 199 981
944 157 927
944 285 566
945 42 90
946 30 853
947 31 255
947 350 959
948 156 762
949 388 89
949 166 480
950 330 230
950 474 511
950 504 293
951 408 364
952 220 990
952 91 692
952 493 363
953 201 550
953 21 581
954 105 848
955 140 966
955 588 699
955 363 540
956 377 498
957 502 202
957 416 373
958 526 988
958 529 361
959 35 368
960 65 659
961 196 755
961 104 899
961 566 490
962 360 130
963 263 641
964 577 542
964 534 811
964 448 810
964 120 332
965 379 73
965 421 680
966 96 2
967 236 496
967 382 596
968 105 499
968 288 664
968 422 552
969 14 662
970 393 589
970 600 277
970 469 459
970 541 310
971 43 515
971 593 78
971 496 279
971 259 643
972 310 618
973 178 424
973 594 323
973 301 729
973 433 945
974 5 870
975 329 494
975 530 946
975 4 847
975 224 959
976 261 726
976 15 656
976 215 516
977 580 483
978 290 371
979 337 313
980 108 201
980 411 406
981 209 604
981 201 194
981 280 859
981 488 591
982 294 902
983 200 33
983 121 222
983 330 268
983 255 152
984 389 422
984 37 207
984 561 222
985 535 816
986 264 464
987 30 502
988 397 253
988 515 278
988 286 718
988 523 999
989 481 86
989 357 92
989 313 317
990 585 131
990 54 589
990 590 975
990 199 873
991 294 330
992 134 627
993 124 400
993 555 914
994 307 209
994 379 649
994 104 619
995 420 126
995 458 519
995 462 913
996 146 122
997 16 102
997 173 369
998 452 892
998 261 957
998 433 96
999 26 244
999 48 384
999 111 271
999 81 151
1000 189 599
1000 117 586
1000 540 556
1000 51 346
1001 577 927
1002 75 991
1002 337 236
1002 582 872
1003 273 90
1004 411 189
1004 2 364
1004 496 674
1004 224 442
1005 109 116
1006 389 614
1006 444 842
1006 47 264
1007 169 82
1008 266 984
1008 231 917
1009 117 313
1009 437 543
1010 124 729
1011 27 106
1012 289 53
1012 217 219
1012 144 885
1012 580 867
1012 443 46
1012 232 949
1013 585 463
1014 1 755
1014 495 263
1015 423 221
1016 482 908
1017 183 502
1017 358 37
1017 28 841
1018 225 681
1019 497 19
1020 172 309
1020 211 776
1020 307 597
1021 153 127
1022 567 898
1023 319 948
1024 237 118
1025 34 947
1025 525 675
1026 284 938
1026 571 572
1026 55 828
1027 201 557
1028 37 648
1029 482 983
1030 366 987
1031 290 932
1032 143 809
1033 275 428
1034 277 360
1035 544 526
1035 216 743
1036 299 96
1037 32 612
1037 516 402
1037 474 128
1037 22 446
1037 135 980
1037 121 338
1037 417 356
1037 23 918
1038 223 405
1038 178 374
1038 248 989
1039 248 114
1040 455 810
1041 28 116
1041 350 820
1042 143 918
1043 465 20
1044 79 15
1045 599 818
1046 44 812
1047 66 997
1047 347 382
1048 364 29
1048 3 514
1048 107 167
1048 149 985
1049 332 506
1050 108 890
1050 353 259
1050 219 822
1050 341 100
1051 453 131
1051 168 468
1052 188 740
1052 60 504
1052 510 597
1053 103 373
1053 10 537
1053 250 979
1054 245 814
1054 467 457
1054 563 708
1054 267 344
1055 440 346
1056 134 904
1056 360 700
1056 275 443
1057 81 443
1057 461 490
1058 540 589
1058 53 100
1059 77 424
1059 544 678
1060 144 988
1061 345 105
1061 367 372
1061 171 826
1061 382 692
1062 326 381
1062 589 382
1062 346 249
1062 179 325
1063 34 461
1063 149 310
1064 410 90
1065 552 155
1066 383 431
1066 73 833
1067 349 168
1068 50 623
1069 381 202
1070 91 51
1070 549 745
1071 317 751
1072 565 853
1073 164 87
1073 129 894
1074 328 920
1074 135 663
1074 565 922
1075 32 937
1076 23 649
1077 205 904
1078 323 346
1078 282 184
1078 259 286
1079 527 104
1079 232 49
1079 535 341
1079 70 249
1079 499 48
1080 492 394
1080 136 945
1080 152 222
1081 222 764
1082 212 534
1083 116 915
1083 573 323
1083 20 14
1084 246 696
1084 335 551
1085 462 371
1085 406 575
1085 169 214
1086 356 416
1087 136 448
1088 376 292
1089 131 434
1090 270 896
1090 233 59
1091 276 984
1091 424 586
1092 343 591
1092 32 991
1093 443 37
1094 55 702
1094 596 295
1094 503 109
1094 363 428
1094 173 202
1094 330 695
1094 482 877
1095 402 545
1096 444 958
1096 242 463
1097 385 501
1097 197 176
1097 217 654
1098 597 398
1098 349 782
1099 410 55
1100 347 705
1100 98 388
1101 459 367
1102 405 178
1103 396 719
1104 442 148
1105 516 104
1105 498 756
1105 426 870
1106 64 80
1107 267 18
1107 71 854
1107 229 527
1108 189 463
1109 334 178
1110 46 5
1111 523 604
1112 293 674
1113 117 293
1114 267 105
1115 123 585
1115 591 655
1116 503 207
1116 445 828
1116 353 223
1116 132 72
1117 597 264
1117 353 296
1118 459 951
1119 437 651
1120 345 531
1121 271 346
1122 584 448
1123 445 469
1123 328 841
1123 268 702
1123 104 500
1124 450 355
1124 250 28
1124 476 189
1124 324 838
1125 442 780
1125 481 921
1125 366 172
1125 237 48
1126 302 485
1126 122 458
1127 428 508
1127 482 885
1128 231 253
1129 156 899
1130 349 926
1131 345 408
1131 569 8
1131 327 137
1131 456 611
1131 375 958
1132 318 137
1132 510 707
1133 107 625
1133 173 661
1133 355 995
1133 405 98
1133 467 938
1134 75 982
1135 348 537
1135 240 241
1136 30 780
1136 506 895
1137 577 489
1138 11 509
1139 280 924
1139 10 884
1140 15 87
1141 224 117
1142 201 590
1142 474 28
1143 231 380
1143 529 96
1143 336 476
1144 259 682
1145 233 328
1146 593 231
1146 141 829
1147 133 244
1148 298 515
1148 115 332
1149 316 369
1149 435 971
1150 215 487
1151 563 609
1152 386 734
1153 484 686
1154 262 375
1155 210 466
1155 163 732
1155 211 738
1156 172 463
1157 132 330
1158 67 357
1158 398 614
1158 400 59
1158 307 102
1159 423 899
1160 357 20
1161 422 474
1161 296 194
1162 346 191
1163 358 691
1163 444 187
1164 50 535
1164 335 920
1164 135 588
1164 145 164
1164 517 466
1165 365 513
1165 56 599
1166 532 910
1167 77 509
1167 48 787
1167 382 703
1167 255 54
1168 119 1000
1169 242 143
1170 127 132
1170 148 236
1171 309 987
1171 58 571
1171 297 801
1171 384 774
1172 359 424
1172 241 250
1172 3 797
1173 508 810
1174 227 894
1175 436 741
1175 219 401
1176 46 223
1176 363 574
1177 243 351
1177 289 489
1178 17 231
1179 574 936
1179 593 120
1180 282 428
1180 38 611
1181 422 16
1182 16 896
1183 434 763
1183 193 790
1183 585 260
1184 553 415
1184 313 613
1185 183 117
1185 563 232
1185 65 164
1185 45 960
1186 19 762
1186 46 742
1186 285 671
1187 280 3
1188 568 768
1188 298 207
1189 347 611
1189 264 938
1189 214 337
1189 470 177
1189 71 615
1190 277 848
1190 269 857
1190 104 837
1191 542 359
1192 392 184
1193 251 445
1194 481 757
1194 551 357
1195 72 103
1196 4 306
1196 400 524
1196 27 180
1197 284 268
1197 265 697
1198 326 504
1198 416 586
1199 426 794
1200 410 230
1200 73 843
1201 298 526
1201 472 253
1201 267 988
1202 327 49
1203 14 878
1204 370 523
1204 594 380
1204 255 430
1205 18 288
1205 364 305
1205 313 777
1206 134 222
1207 575 132
1207 35 142
1208 467 278
1209 296 764
1210 211 609
1211 283 389
1211 178 996
1211 201 200
1211 317 490
1212 465 163
1212 193 576
1213 529 404
1214 394 337
1214 270 83
1214 64 488
1215 261 276
1216 539 645
1216 13 184
1217 582 883
1218 430 8
1218 203 534
1219 581 851
1219 387 32
1219 393 301
1219 326 932
1219 574 578
1219 356 828
1220 94 822
1220 485 828
1221 406 543
1221 18 439
1221 352 256
1222 564 898
1222 70 154
1223 249 320
1224 332 637
1225 145 774
1226 336 87
1227 494 868
1228 370 685
1229 403 472
1230 476 551
1230 432 220
1230 81 77
1231 334 876
1232 363 814
1233 53 980
1233 296 344
1234 249 6
1234 197 153
1235 547 550
1236 353 349
1237 376 473
1237 119 348
1238 350 473
1239 294 558
1239 285 30
1239 113 735
1239 361 367
1240 185 388
1241 250 562
1241 419 241
1242 575 589
1242 256 89
1242 253 799
1242 356 764
1243 391 533
1244 63 917
1245 550 595
1245 503 148
1246 480 259
1246 431 220
1247 21 744
1248 112 451
1248 306 79
1248 28 209
1248 404 859
1249 161 419
1250 142 67
1251 17 324
1252 443 163
1252 110 265
1253 566 271
1253 470 557
1253 162 161
1253 445 491
1254 542 974
1255 419 464
1255 472 353
1256 381 406
1256 205 35
1257 479 816
1257 258 709
1258 84 957
1258 74 110
1258 299 484
1259 350 794
1260 410 604
1260 533 576
1260 295 646
1260 537 123
1261 103 242
1262 317 524
1263 273 130
1263 306 123
1264 365 122
1264 291 576
1265 427 228
1266 95 459
1267 32 993
1267 380 9
1267 455 993
1268 535 128
1269 380 519
1270 116 620
1270 389 110
1270 229 198
1270 10 882
1271 584 1
1271 419 886
1271 275 284
1272 282 871
1272 11 271
1272 580 15
1272 224 951
1272 391 571
1272 555 962
1273 587 531
1274 155 271
1274 515 759
1275 202 490
1276 462 352
1277 532 562
1277 447 259
1278 178 979
1278 499 297
1278 167 175
1279 398 938
1280 295 628
1281 570 280
1281 586 509
1282 500 455
1283 230 465
1284 514 461
1285 542 481
1285 226 502
1286 274 882
1287 110 4
1288 447 991
1288 256 500
1289 290 271
1290 524 886
1291 537 605
1292 22 449
1293 366 42
1294 125 497
1295 581 591
1296 580 983
1296 328 347
1297 370 870
1297 495 213
1297 294 775
1297 299 351
1298 483 631
1298 500 517
1299 325 170
1300 118 931
1300 587 610
1300 342 966
1300 254 464
1301 19 397
1301 265 389
1301 421 837
1302 203 342
1302 120 240
1303 251 772
1304 387 315
1305 289 750
1305 594 943
1305 304 8
1305 558 471
1306 169 58
1307 246 921
1308 64 65
1309 529 190
1309 259 301
1310 81 256
1310 438 99
1310 570 574
1311 471 788
1312 38 744
1312 501 348
1313 173 705
1313 238 333
1314 231 399
1314 495 81
1315 131 548
1316 587 205
1316 545 107
1316 503 642
1317 130 773
1317 433 693
1317 547 821
1318 583 116
1319 162 886
1319 583 948
1319 180 668
1319 493 373
1319 377 465
1319 383 89
1320 429 649
1320 240 352
1320 363 939
1320 123 37
1321 526 504
1322 201 485
1323 248 569
1323 3 490
1324 209 405
1325 436 207
1325 215 635
1326 124 504
1327 122 334
1328 332 787
1329 128 590
1329 358 859
1330 365 355
1330 251 73
1331 204 504
1331 457 230
1331 149 786
1332 458 153
1332 556 218
1333 366 98
1333 385 78
1334 257 578
1335 109 751
1336 58 77
1337 414 830
1338 86 110
1339 556 672
1339 483 949
1340 174 814
1341 328 409
1342 476 989
1343 359 594
1343 484 855
1343 552 792
1344 57 998
1344 589 796
1345 465 54
1346 284 80
1347 305 635
1347 419 666
1348 595 520
1348 379 861
1348 33 988
1348 486 825
1348 22 134
1348 497 417
1348 16 217
1349 446 828
1350 185 832
1350 378 95
1350 316 544
1351 92 846
1352 596 370
1353 517 715
1353 504 385
1354 453 75
1355 581 791
1355 182 831
1356 523 129
1356 490 501
1357 327 356
1357 425 739
1358 32 27
1358 387 558
1358 128 167
1359 300 85
1359 134 69
1360 306 329
1360 470 212
1361 490 508
1362 506 430
1363 522 615
1364 376 344
1364 104 758
1364 206 583
1365 158 390
1365 192 404
1365 339 104
1365 25 883
1366 569 317
1367 463 709
1367 388 693
1367 459 179
1367 227 816
1367 32 930
1368 34 488
1369 354 289
1370 126 199
1371 536 82
1372 92 467
1373 349 831
1373 217 91
1374 15 3
1375 587 441
1375 557 624
1375 534 511
1375 553 198
1375 366 541
1376 95 482
1376 237 246
1377 496 250
1378 21 872
1378 464 573
1378 497 690
1379 344 902
1379 491 902
1379 472 829
1380 189 329
1380 23 614
1380 88 750
1380 118 249
1381 276 451
1382 547 264
1382 353 30
1382 462 533
1383 434 573
1384 85 364
1385 574 15
1385 132 141
1385 598 965
1385 176 865
1386 552 939
1387 182 496
1387 477 248
1387 93 839
1388 346 394
1388 129 563
1388 340 262
1388 401 718
1389 134 172
1390 313 926
1391 16 298
1391 257 346
1392 439 109
1392 487 317
1393 108 508
1394 322 895
1394 354 623
1394 186 899
1395 370 11
1395 281 213
1395 365 1000
1396 333 168
1397 307 980
1398 324 128
1399 482 295
1399 215 328
1399 482 240
1399 583 598
1399 193 116
1400 424 283
1401 365 744
1401 244 387
1401 587 172
1402 67 928
1402 15 535
1403 442 82
1404 160 38
1405 555 689
1406 176 308
1406 326 829
1406 147 950
1407 241 363
1408 270 222
1409 321 201
1410 228 575
1410 481 492
1410 276 185
1411 454 691
1412 66 127
1413 313 291
1414 557 165
1415 586 519
1415 320 382
1416 40 816
1416 433 894
1417 292 240
1418 12 692
1419 264 773
1419 82 299
1419 568 104
1419 106 95
1420 586 856
1420 143 944
1420 327 536
1420 272 339
1420 255 745
1421 310 168
1422 416 125
1423 508 344
1424 82 918
1425 173 496
1426 269 59
1426 528 421
1426 556 494
1426 45 913
1427 307 25
1428 240 195
1428 388 358
1428 439 846
1428 28 985
1428 70 436
1429 552 424
1430 410 498
1430 276 831
1430 263 507
1430 128 960
1430 527 351
1430 7 515
1431 508 666
1431 275 784
1431 236 249
1432 252 421
1433 455 185
1433 377 35
1434 70 518
1435 337 735
1435 277 986
1435 268 520
1435 339 418
1435 293 544
1436 135 179
1437 599 850
1438 566 812
1439 276 512
1439 421 496
1439 366 497
1439 511 102
1440 507 242
1440 173 360
1440 323 723
1441 288 321
1441 78 847
1441 599 886
1441 194 43
1442 196 87
1442 241 71
1442 407 854
1443 267 157
1443 421 95
1444 272 273
1445 64 533
1445 277 163
1445 268 541
1445 520 64
1445 409 109
1446 475 902
1447 49 689
1448 563 508
1448 392 134
1449 491 388
1450 289 213
1451 404 30
1451 404 432
1451 394 443
1452 437 432
1452 241 173
1452 63 387
1453 86 412
1454 362 805
1455 41 963
1455 394 629
1455 272 790
1456 401 460
1456 383 704
1457 99 806
1457 339 898
1457 166 757
1458 498 326
1459 116 43
1460 401 631
1461 325 878
1461 388 505
1462 47 897
1463 487 719
1463 326 412
1463 317 190
1464 64 877
1465 534 64
1466 107 276
1467 475 17
1467 31 820
1467 467 756
1467 574 804
1468 598 15
1468 415 869
1469 225 597
1470 172 579
1471 70 44
1472 538 609
1473 112 654
1473 574 795
1474 549 31
1475 415 941
1476 234 820
1477 449 978
1477 129 763
1477 231 808
1478 97 366
1478 183 718
1479 160 271
1479 531 151
1480 387 309
1480 289 498
1480 241 632
1480 368 427
1480 206 412
1480 515 955
1481 441 324
1481 238 424
1482 240 766
1482 486 209
1482 51 367
1483 465 377
1484 559 4
1485 273 57
1486 520 488
1486 473 316
1487 100 5
1487 437 369
1488 77 639
1488 581 714
1488 283 214
1488 215 874
1489 143 403
1489 19 438
1490 529 266
1490 67 141
1490 561 425
1491 51 606
1491 534 355
1492 359 808
1493 183 970
1494 82 945
1495 284 923
1496 538 442
1497 520 529
1497 573 912
1498 417 401
1499 369 907
1499 412 221
1499 324 254
1500 569 282
1500 224 32
1501 594 865
1501 289 910
1501 531 930
1502 135 208
1503 299 283
1504 21 441
