600 1000 50 10 3000
86 79
82 93
85 37
53 99
16 28
57 87
22 6
33 71
33 62
97 20
77 82
93 2
63 49
38 21
56 82
6 42
14 88
87 99
77 93
50 45
21 60
33 95
66 18
67 52
33 16
72 10
99 66
64 14
15 54
35 72
36 93
66 2
82 54
54 11
47 56
57 20
16 90
15 35
60 34
87 93
51 59
55 2
77 19
16 45
25 3
17 14
96 35
16 30
89 22
42 88
79 51
60 95
41 28
82 53
62 69
47 65
81 2
67 58
74 35
3 51
90 72
65 39
21 1
56 63
90 35
14 2
83 7
30 65
61 93
87 60
10 68
14 30
78 40
65 34
92 8
58 9
47 18
43 68
20 0
84 62
87 50
64 22
10 95
88 23
40 27
83 50
47 49
80 77
90 98
63 34
6 22
43 5
92 87
73 64
39 9
26 26
60 43
49 70
90 89
93 30
68 28
32 15
77 13
92 67
11 56
53 69
30 97
74 22
36 99
87 75
9 65
1 69
60 2
91 50
91 84
80 11
64 13
26 41
78 71
61 41
79 14
10 61
63 36
83 99
35 22
74 44
40 28
65 0
30 56
51 74
92 83
85 56
48 64
50 26
35 11
19 66
77 81
27 41
17 62
92 5
37 67
49 77
47 67
29 77
23 32
3 68
16 41
24 16
5 26
95 92
89 14
58 67
96 37
60 13
99 52
70 88
71 20
65 18
39 47
48 62
79 3
82 47
44 59
64 1
85 59
93 75
94 21
92 6
87 92
10 57
32 82
29 98
52 68
97 52
83 76
56 65
76 52
24 92
54 62
3 99
37 28
55 83
2 47
89 89
91 99
98 24
33 80
74 38
0 71
90 83
99 98
1 27
3 77
19 57
39 74
8 28
3 63
11 57
11 0
98 54
52 96
78 85
28 52
23 29
75 66
64 75
16 65
2 19
43 74
28 34
48 89
63 3
52 74
60 15
27 58
70 79
7 0
16 35
53 92
64 80
58 29
55 26
46 10
98 41
84 78
76 84
67 39
88 72
39 44
59 9
75 18
62 92
53 67
84 70
47 94
51 3
72 97
65 70
39 49
1 67
85 68
58 25
92 23
26 32
20 37
93 95
55 55
87 8
22 23
78 70
17 29
25 90
79 90
12 18
91 13
85 28
34 95
54 26
18 80
10 38
17 56
86 72
11 73
32 86
49 63
8 18
92 85
8 23
75 73
93 18
38 30
46 72
25 52
51 44
32 61
34 1
17 72
73 81
46 58
19 47
21 27
65 65
12 26
89 39
99 82
9 37
13 7
62 38
34 92
26 21
46 96
93 19
29 91
29 48
38 50
27 4
16 91
30 57
30 29
39 91
18 4
98 32
43 10
45 29
55 24
50 1
20 44
72 1
35 2
49 74
52 76
30 20
67 60
77 49
41 69
92 11
73 42
44 68
53 41
98 8
65 48
92 33
38 80
35 39
6 40
67 36
48 90
35 41
59 79
52 84
22 96
53 75
38 51
83 55
99 44
93 44
29 83
76 65
23 34
57 90
22 69
77 70
59 64
11 70
44 15
55 66
12 60
11 28
57 62
72 2
58 53
86 86
18 61
20 75
3 42
97 80
64 56
97 27
79 41
43 86
59 55
46 52
9 9
80 66
71 4
21 82
57 7
20 89
55 23
83 52
56 48
61 53
75 40
46 18
78 57
25 24
9 86
33 41
53 56
97 74
38 6
33 59
86 53
48 42
28 31
46 84
31 7
37 59
99 35
92 7
53 53
93 38
46 46
95 43
72 85
2 57
44 88
62 44
30 91
28 29
75 59
36 65
52 0
17 45
7 71
50 0
9 97
99 56
40 23
94 42
33 38
83 95
35 13
86 63
42 14
74 31
31 97
71 35
97 88
80 56
59 83
56 21
80 7
77 72
83 71
67 16
62 50
11 49
15 50
12 10
16 38
93 47
35 64
82 84
52 15
40 64
98 49
85 30
56 14
2 39
86 21
71 19
49 87
69 13
49 37
51 42
84 39
6 18
23 58
85 16
22 35
65 59
65 73
74 20
13 12
41 72
12 13
91 61
52 12
26 1
49 29
95 85
68 1
56 44
11 41
60 86
29 25
45 94
98 19
14 63
31 8
88 95
73 79
8 25
44 34
78 45
64 73
83 84
26 39
80 37
32 40
75 61
17 21
8 68
92 74
82 71
23 55
3 32
32 99
66 62
96 82
87 79
19 13
18 99
3 3
92 30
64 61
3 24
81 48
99 17
24 81
40 47
89 95
31 21
94 50
36 91
32 23
70 3
89 41
55 44
96 47
74 12
60 78
37 94
26 36
11 2
17 51
1 58
47 33
32 93
83 68
36 67
43 59
0 78
28 48
77 3
60 37
33 97
31 11
33 94
65 3
98 66
61 97
99 45
90 34
13 27
54 9
86 77
55 22
86 32
77 46
21 10
44 5
73 29
99 38
32 97
4 46
94 56
91 37
42 57
64 96
73 59
92 80
81 30
76 86
72 72
91 45
2 90
35 86
88 92
84 34
48 76
71 42
85 87
39 51
41 64
62 33
45 96
63 9
6 92
47 79
76 70
29 12
9 69
4 93
3 4
46 6
66 37
9 8
2 72
93 99
20 9
60 26
1 8
57 69
98 34
48 2
42 4
6 16
31 52
22 97
42 32
57 96
56 51
95 76
60 7
54 13
67 64
34 66
98 74
75 94
50 70
98 56
86 81
60 60
30 54
91 97
28 51
5 35
16 24
99 2
42 49
77 88
97 4
55 12
13 67
25 43
83 72
22 74
70 50
77 27
37 45
51 36
48 46
85 77
34 34
81 68
81 8
0 88
72 65
56 49
60 30
19 96
2 41
70 24
43 0
51 81
45 55
1 55
22 87
89 56
16 7
63 40
24 71
90 36
1 9
32 4
50 55
80 93
55 32
74 52
98 40
51 20
79 40
15 44
93 31
85 69
2 75
5 4
36 38
45 40
31 0
24 58
4 63
2 2
55 5
75 34
97 3
20 13
48 65
96 33
34 98
60 40
54 96
30 14
34 75
7 65
27 31
75 31
95 29
34 2
34 61
37 32
64 9
97 12
75 93
97 9
91 9
49 98
5 31
12 91
58 71
9 85
3 84
69 50
14 3
64 41
32 80
51 29
45 26
74 42
35 66
4 37
16 9
20 28
53 79
0 62
16 55
46 85
5 12
40 9
13 56
51 45
37 54
27 82
80 1
76 67
19 80
56 35
42 77
16 95
56 68
57 24
23 3
10 80
68 50
89 81
7 92
26 96
46 53
78 78
55 6
46 74
87 2
62 81
31 78
76 39
64 69
40 74
76 90
89 35
35 68
31 33
21 61
12 28
68 10
55 7
12 17
88 96
95 16
35 93
62 93
25 63
54 2
5 43
89 92
11 21
26 85
82 38
13 2
48 20
61 12
37 1
8 84
69 96
77 22
47 91
68 73
27 64
65 16
56 29
89 82
14 24
20 79
78 20
0 40
33 89
41 93
26 63
41 55
85 89
47 53
14 5
27 93
69 45
61 26
74 51
8 40
75 81
71 5
1 23
45 86
13 39
32 91
2 73
46 39
45 28
99 72
21 20
17 83
46 43
34 7
83 61
88 7
66 41
30 64
80 95
3 12
86 57
37 33
96 52
78 93
80 29
50 35
37 48
79 23
55 14
36 95
21 54
37 4
18 17
99 73
81 38
82 18
23 31
70 1
24 51
83 90
5 85
26 94
85 57
17 41
71 53
88 45
7 25
49 78
94 0
3 75
38 86
46 61
17 16
15 41
19 50
84 76
87 62
70 72
19 39
65 42
44 54
87 52
79 88
82 26
89 85
23 99
41 40
68 8
34 39
58 70
68 45
32 38
17 3
30 35
45 74
25 60
46 14
98 52
46 21
3 87
14 71
47 48
63 5
70 31
21 71
57 51
6 54
26 95
39 4
68 65
31 15
18 77
36 22
16 2
93 63
2 8
20 72
39 22
26 61
46 83
64 52
38 90
0 29
47 68
94 64
34 78
31 53
55 19
75 72
22 20
87 24
29 8
82 75
81 28
59 46
33 49
88 33
78 87
53 73
3 86
92 58
6 19
82 80
40 70
4 21
30 53
41 12
29 75
93 40
73 26
89 13
11 67
1 64
92 56
3 95
43 96
6 49
15 88
29 7
10 85
28 92
91 22
57 72
97 50
12 22
28 53
20 88
55 65
45 58
12 88
54 18
59 70
29 21
7 58
66 98
70 29
25 34
3 5
87 38
96 60
27 51
64 16
8 5
38 19
75 67
40 34
77 6
85 9
81 7
90 6
42 93
63 29
84 59
41 63
10 66
39 72
56 3
40 16
8 78
35 35
86 6
88 67
14 31
26 56
76 89
37 60
1 79
75 11
97 14
35 5
69 75
73 77
5 8
64 55
88 86
44 22
53 71
66 30
42 66
87 70
77 36
84 13
42 54
40 15
83 46
76 0
1 16
86 35
42 82
11 59
93 76
15 87
42 2
57 19
39 94
84 33
0 77
0 83
23 28
44 21
11 86
4 68
74 97
31 37
56 76
13 72
26 25
26 17
19 63
50 19
40 51
55 63
39 76
64 2
62 20
17 54
25 25
45 76
76 72
35 96
67 75
47 74
90 78
64 29
54 80
31 69
0 53
57 17
59 35
95 42
25 44
92 71
72 68
95 18
14 35
57 13
9 47
91 25
28 98
6 11
67 6
16 76
76 76
63 71
70 41
67 62
12 40
83 59
58 99
41 24
37 95
72 77
88 97
37 56
26 13
32 41
36 54
82 3
17 94
43 52
5 53
51 46
77 37
44 14
95 56
70 25
35 10
75 24
67 53
37 51
94 25
6 77
28 75
23 24
27 29
77 30
75 7
67 72
73 51
65 20
7 88
46 94
98 73
18 65
26 7
17 20
84 75
97 13
2 21
89 29
2 18
11 77
25 78
49 99
81 67
19 40
55 17
87 53
90 57
71 68
65 40
89 49
15 38
14 17
11 3
98 65
22 9
43 99
98 72
63 70
24 30
9 95
50 74
87 39
75 2
30 42
71 93
97 21
59 71
71 21
98 21
93 14
91 5
32 31
57 8
13 18
92 42
61 19
30 59
40 41
82 22
95 53
43 46
75 36
60 18
94 44
1 3
5 14
55 85
36 3
74 50
23 4
61 15
98 43
38 45
97 33
91 24
22 3
94 16
48 96
65 92
61 72
29 97
76 3
47 51
60 8
66 58
52 56
3 1
90 47
25 12
80 50
67 51
7 30
47 73
74 8
5 73
59 53
13 43
29 17
99 85
18 89
84 95
1 86
15 33
89 34
84 96
64 31
21 39
39 19
95 97
44 6
78 15
64 59
85 63
44 3
5 80
99 58
67 66
0 28
4 17
8 3
45 3
0 89
9 2
62 87
70 26
47 55
42 43
10 99
76 61
57 95
27 1
51 80
30 7
97 42
33 57
97 78
60 98
20 21
52 34
61 74
61 60
81 55
55 92
54 31
53 63
26 33
65 99
37 14
93 22
71 90
53 83
88 25
56 93
59 17
19 72
29 1
27 85
45 33
68 98
49 47
83 66
65 17
62 58
40 85
0 45
68 41
34 29
94 53
2 24
6 81
61 51
67 81
2 16
86 99
78 0
9 70
38 61
2 37
83 88
19 78
54 0
54 67
52 21
0 6
43 23
94 29
74 24
82 35
95 20
97 62
78 99
52 62
40 71
92 34
44 46
65 38
44 61
98 88
85 92
69 11
47 64
23 44
78 54
95 30
53 60
69 97
58 56
48 23
94 20
40 39
33 39
79 70
83 48
82 52
52 29
16 27
25 95
33 20
77 1
8 31
61 29
28 19
94 32
48 35
26 2
4 61
2 86
14 54
67 30
77 67
65 7
21 25
38 82
54 92
24 47
35 47
81 13
1 38
75 3
24 89
10 44
71 96
36 1
15 53
8 36
78 98
19 85
16 73
77 15
73 53
15 61
0 96
74 53
86 49
90 66
7 62
62 95
63 78
49 23
14 79
21 85
64 37
10 41
5 84
46 20
45 98
68 71
51 55
21 8
18 11
25 89
72 40
19 21
53 36
71 17
26 81
11 31
17 57
51 62
56 19
86 7
67 44
70 94
21 48
35 94
40 54
67 56
39 20
92 10
90 18
92 1
58 52
24 66
24 10
69 93
66 32
28 86
88 68
6 32
30 96
51 22
49 4
84 60
9 60
22 52
87 43
34 37
7 26
12 73
58 40
59 98
66 81
38 1
76 47
61 2
32 35
7 19
78 5
54 65
42 13
43 54
86 1
47 46
99 7
16 29
50 82
63 16
98 1
17 26
48 31
81 32
66 88
51 97
45 57
70 5
94 57
58 41
55 9
90 51
5 5
6 36
82 6
67 15
55 90
83 0
47 97
54 34
27 12
27 34
73 27
57 63
30 62
69 49
18 27
86 5
68 24
66 74
76 66
71 16
36 25
50 15
89 77
49 14
57 6
20 99
26 75
44 12
80 64
89 24
73 22
33 61
99 84
76 41
13 77
83 33
10 4
84 99
95 11
75 58
55 16
82 44
24 33
61 49
55 94
63 54
30 39
95 96
18 52
36 28
8 21
84 57
94 11
16 50
28 50
46 4
5 38
5 68
45 88
8 92
84 77
95 2
5 62
45 41
52 88
38 88
88 22
99 94
12 4
62 57
92 22
50 76
29 14
75 86
28 20
27 0
60 32
42 5
5 93
98 13
27 42
88 29
71 91
76 56
16 51
72 22
97 84
54 37
39 70
20 33
75 25
79 26
95 77
71 32
44 0
37 12
51 32
9 75
54 6
95 3
82 16
36 58
93 15
36 88
44 80
10 16
10 36
95 7
88 32
19 91
64 28
67 70
86 31
30 82
34 13
50 22
23 43
90 11
32 34
92 94
2 4
60 65
72 32
24 4
72 43
74 58
74 57
70 42
30 45
38 20
56 22
7 48
16 61
5 28
26 49
35 98
82 27
42 58
83 14
72 27
66 65
35 88
90 90
19 49
90 88
10 47
68 89
97 56
39 31
83 81
89 66
75 20
69 42
73 16
46 15
6 65
16 96
5 79
96 74
68 93
76 13
41 17
31 88
59 6
60 28
0 97
84 83
46 9
99 92
25 57
9 41
5 15
20 1
46 71
0 22
36 41
39 67
81 98
25 42
91 62
61 37
0 112 953
0 521 220
1 456 326
2 525 167
3 308 291
4 196 998
4 170 71
4 412 821
4 448 434
5 527 837
5 291 704
6 104 350
7 366 258
7 169 206
7 198 890
8 66 877
9 528 1
9 373 179
9 357 957
9 323 641
10 224 361
10 363 590
11 339 997
11 27 193
11 320 23
12 433 340
12 545 543
13 266 486
13 234 598
14 364 956
15 177 63
15 481 76
16 124 167
16 211 262
17 485 717
17 556 708
18 251 330
19 159 571
20 46 80
21 6 934
21 42 680
22 194 656
22 566 931
22 439 354
23 166 898
23 413 965
24 244 261
24 54 854
24 117 254
24 384 520
25 372 463
26 291 370
26 553 958
26 395 132
26 34 109
26 11 923
27 438 26
27 263 252
28 394 444
29 7 790
29 454 941
29 365 68
30 552 133
31 39 98
32 482 375
32 177 419
32 363 809
32 524 661
32 159 177
33 202 509
33 140 565
33 316 896
33 277 46
33 47 849
33 287 152
34 598 81
35 537 617
35 12 307
35 159 252
36 437 141
36 362 701
37 411 277
38 232 728
38 197 79
39 431 527
40 517 852
40 477 634
40 351 862
41 457 363
42 173 382
42 118 720
43 476 468
43 485 421
44 404 649
45 20 52
46 551 496
46 262 435
47 278 495
48 444 217
48 205 361
48 498 481
49 112 730
49 64 118
49 530 658
49 264 378
50 351 618
51 576 738
52 493 363
53 543 20
54 269 720
54 527 552
55 459 265
55 254 597
56 98 728
57 96 966
58 30 318
58 248 738
59 126 780
59 487 889
59 589 879
59 418 497
59 234 484
60 46 348
60 165 328
61 108 628
61 425 429
62 423 862
63 524 578
64 293 285
65 81 481
66 319 836
67 76 202
67 506 548
67 403 958
68 4 174
68 236 750
69 420 910
70 422 196
71 191 861
71 112 486
71 455 408
71 269 280
72 355 660
73 95 160
74 308 26
74 365 866
74 29 15
74 420 62
75 525 70
75 305 908
75 328 77
76 154 741
76 409 877
77 158 427
77 29 696
77 422 866
77 481 760
78 468 54
79 215 234
80 286 566
80 84 883
81 511 562
82 471 983
83 261 592
84 182 639
84 284 937
85 590 451
85 466 250
86 517 61
87 504 858
87 434 574
87 202 92
88 117 134
89 256 342
90 171 64
90 14 619
91 23 524
92 495 390
92 471 389
92 592 886
92 400 229
92 504 217
93 170 745
93 228 749
93 49 48
94 59 841
94 318 407
94 254 62
95 173 147
95 479 168
96 255 662
97 598 623
98 405 651
98 208 355
98 355 821
98 185 911
99 578 743
99 435 385
99 571 560
99 227 301
100 275 604
100 560 963
100 418 582
100 247 753
101 446 600
102 229 504
102 300 994
102 480 435
103 126 957
104 360 646
104 412 712
105 293 167
106 84 756
107 521 328
108 6 247
109 1 158
110 441 618
110 404 212
111 526 413
111 206 364
111 596 223
112 370 979
113 311 540
114 565 801
115 236 881
115 212 32
116 429 189
116 379 170
116 270 719
117 47 316
118 326 639
119 186 231
120 344 69
121 85 440
122 545 99
122 506 423
123 81 26
124 36 238
124 283 74
124 408 80
124 534 880
124 207 115
125 183 918
125 392 499
126 75 932
126 84 229
127 366 402
127 38 349
127 103 710
128 163 969
128 579 387
128 116 237
128 14 306
128 16 961
129 518 542
130 314 33
130 182 860
130 151 210
130 136 597
130 569 166
131 182 819
132 392 802
133 408 593
133 123 863
133 147 390
133 325 58
133 181 71
134 80 434
135 544 961
135 29 759
136 491 989
136 585 586
136 355 280
136 108 452
136 535 837
136 62 610
137 232 892
138 229 633
138 211 360
139 447 376
139 411 166
140 167 610
140 593 463
140 36 63
141 549 392
142 258 399
142 431 57
143 377 659
143 259 928
143 536 188
144 323 850
145 162 592
146 444 274
146 107 374
146 531 292
147 448 661
147 558 261
147 266 355
148 517 591
149 489 213
150 21 401
150 55 649
151 295 426
152 22 779
153 546 90
154 474 165
155 333 169
155 438 672
156 331 871
156 336 403
157 477 485
158 586 546
159 438 969
160 373 376
160 27 273
160 522 100
161 121 202
161 577 161
162 100 516
163 372 45
163 36 243
163 485 489
163 332 84
164 346 153
164 317 405
164 22 881
164 451 620
164 493 795
165 2 769
166 356 353
167 452 584
167 422 394
167 564 239
168 518 264
169 221 915
170 304 658
170 531 23
171 502 77
172 231 11
173 558 546
174 202 150
174 403 173
175 60 254
175 208 237
175 307 129
176 340 676
176 479 503
177 564 472
178 481 827
179 572 474
179 392 490
180 341 613
181 459 149
181 219 708
181 560 387
182 229 767
183 105 765
183 454 55
184 401 806
184 408 268
184 489 992
184 394 49
184 494 646
184 240 719
185 468 631
186 146 571
187 3 444
187 276 399
187 566 902
187 55 524
188 97 869
189 104 293
189 422 671
189 153 14
190 129 953
190 391 570
191 589 963
192 556 608
193 572 87
193 294 549
193 521 361
194 283 904
195 81 451
196 322 349
196 167 31
197 153 651
197 511 726
198 530 830
198 524 344
199 228 313
200 203 718
200 91 442
200 103 236
201 40 632
201 172 80
202 96 513
202 285 316
203 180 89
204 426 462
205 224 387
206 136 225
207 232 893
207 524 872
208 309 917
209 111 719
209 497 789
209 283 716
210 391 101
211 490 634
212 439 630
213 574 42
213 283 563
214 360 854
215 426 168
216 205 10
217 524 567
217 478 169
217 37 862
217 499 135
217 152 985
218 134 147
219 84 688
219 47 991
220 560 908
220 98 71
220 85 844
221 50 321
221 140 526
222 230 481
222 125 524
223 186 202
223 419 237
224 265 193
224 73 253
224 236 392
225 458 136
225 216 982
225 591 860
225 513 335
226 514 762
227 496 179
228 463 504
229 123 253
229 150 818
229 1 2
230 408 712
231 284 938
232 426 840
233 581 585
234 42 148
235 221 370
235 432 149
235 552 832
235 482 878
235 140 62
235 190 959
235 16 269
236 227 256
237 435 617
237 223 761
238 513 1
238 577 270
238 590 9
239 552 582
239 262 63
239 172 655
239 87 900
239 365 332
239 251 462
239 239 740
239 207 503
239 448 944
240 460 760
241 134 875
241 102 341
241 267 163
241 237 344
241 388 949
242 507 817
243 518 359
244 4 331
244 202 544
244 520 856
244 46 183
244 520 314
244 346 63
244 67 969
245 134 705
246 92 601
247 546 312
248 489 552
248 475 573
248 131 6
249 305 806
250 160 918
250 131 76
250 494 453
251 529 273
252 428 522
252 595 890
253 340 307
254 563 499
254 512 977
255 119 638
255 489 636
256 307 969
257 497 420
258 490 806
259 212 846
259 264 479
259 521 808
259 122 80
259 432 280
259 175 490
259 433 341
260 588 704
260 74 792
261 324 918
261 354 246
262 299 284
262 216 596
263 182 303
263 590 304
263 510 35
263 515 362
264 583 9
265 183 856
265 23 290
266 232 878
266 104 197
267 595 41
267 414 531
268 388 533
269 264 81
270 297 594
271 407 906
271 589 309
271 210 484
271 387 537
272 352 677
272 493 220
273 141 695
273 266 231
274 14 555
275 573 598
275 400 17
275 400 109
275 86 576
276 546 282
276 217 596
277 487 787
277 493 97
278 548 913
279 511 524
279 201 154
280 58 123
281 248 504
282 372 16
282 117 662
282 521 556
283 300 444
284 436 631
284 150 243
284 117 18
284 350 74
284 24 871
284 331 494
285 12 94
285 481 736
285 459 889
285 597 25
286 209 861
287 6 295
287 14 73
287 342 269
288 68 650
289 523 904
289 73 415
290 530 783
290 428 330
290 588 922
290 204 668
290 264 401
291 220 852
291 134 82
292 497 554
292 268 37
293 246 500
293 556 874
293 33 957
294 488 128
294 387 926
295 572 325
296 50 411
296 478 691
296 278 873
297 113 694
297 405 350
298 31 145
298 157 294
299 402 40
300 186 394
301 426 495
301 365 941
301 457 577
302 535 377
303 16 634
304 426 158
305 77 697
305 546 627
306 82 708
307 516 990
308 463 717
308 465 107
308 516 150
309 18 524
310 23 346
310 399 577
310 336 684
311 585 269
312 181 506
313 144 158
314 52 259
314 235 279
314 171 546
314 55 583
314 564 353
314 400 265
314 157 481
315 471 959
315 98 430
316 537 607
317 80 988
318 386 556
318 306 820
319 279 463
319 393 440
320 559 995
320 412 576
321 255 172
321 583 827
322 518 628
322 560 468
323 27 477
324 357 314
324 71 286
324 378 761
324 191 574
324 220 646
324 453 750
324 147 761
325 80 774
326 581 702
327 213 164
327 67 435
328 336 790
329 549 588
329 327 346
330 164 87
330 238 831
330 331 669
331 416 137
332 176 495
333 385 310
333 532 591
334 301 513
334 55 762
334 378 767
335 581 965
335 425 755
336 7 682
337 140 591
338 191 889
339 129 308
339 329 964
340 140 226
341 464 680
341 30 660
342 214 993
342 282 204
342 543 475
343 470 990
344 364 853
345 205 593
346 246 94
347 270 612
347 596 129
347 167 43
347 235 729
347 382 574
347 536 901
347 179 616
348 211 138
348 500 359
349 127 223
349 495 627
350 411 665
351 174 804
351 271 523
351 363 947
352 342 395
352 544 473
353 21 989
353 128 1
354 18 657
355 189 489
356 98 454
357 280 160
358 411 50
359 555 681
360 143 885
361 363 141
361 328 241
361 77 606
361 344 487
362 71 904
362 445 767
363 411 550
363 553 770
363 97 728
364 465 219
364 302 12
364 34 786
364 545 547
364 519 710
365 73 51
365 238 426
365 176 507
365 29 596
366 152 348
366 47 720
367 296 410
368 138 779
368 60 573
369 335 195
369 460 777
370 595 584
371 163 577
372 455 405
373 75 210
373 356 958
373 291 489
373 151 494
373 351 527
374 297 68
375 78 475
375 399 876
376 293 774
376 219 489
376 216 828
377 512 672
378 417 291
378 274 477
379 509 588
380 411 196
381 107 953
381 595 659
381 245 199
382 47 182
382 97 821
383 235 82
384 286 27
385 194 847
385 566 606
386 105 607
386 280 882
386 19 177
387 190 373
388 193 609
388 19 549
388 455 34
389 538 457
389 318 92
389 243 850
389 422 464
390 392 818
391 88 14
391 437 34
391 300 624
392 259 758
392 228 618
393 113 82
393 164 570
393 162 341
393 53 632
393 375 664
394 325 145
394 193 701
394 371 974
394 136 990
394 360 719
395 113 628
395 210 278
396 443 962
397 427 297
398 487 831
398 94 373
399 228 254
399 551 498
400 443 25
401 561 407
401 234 551
402 211 208
402 377 936
403 522 898
404 417 177
405 587 272
405 199 258
406 412 359
406 599 624
406 130 561
407 47 99
408 175 809
408 326 701
409 556 27
409 385 437
409 314 783
410 584 67
410 115 19
410 32 307
411 578 107
412 549 839
413 227 141
414 52 408
414 51 16
414 96 793
415 168 279
415 400 39
415 148 475
416 509 489
416 434 492
417 509 165
417 150 145
418 103 690
419 63 408
420 111 828
420 161 331
421 597 184
422 562 398
423 194 832
424 594 830
425 119 553
425 75 88
425 50 841
425 386 503
426 336 622
426 131 500
426 535 414
426 455 486
427 187 395
428 541 606
428 465 341
428 232 290
428 487 381
429 335 331
429 78 648
430 25 677
430 309 448
431 89 726
432 366 564
432 49 480
433 95 4
433 64 491
433 121 962
433 214 221
433 535 835
434 402 389
434 241 968
435 464 515
435 497 709
436 482 295
436 493 659
436 579 215
437 224 267
437 460 35
437 577 549
437 569 41
438 501 591
438 373 706
439 480 718
439 81 303
440 208 56
441 295 93
441 190 995
441 202 366
441 432 731
441 48 261
442 414 241
443 57 623
444 307 94
444 281 580
445 12 173
445 412 5
445 367 908
446 191 779
446 294 204
446 540 922
446 185 722
446 130 864
447 254 867
447 80 878
448 493 959
449 292 682
449 445 865
449 117 591
449 277 548
449 362 458
450 72 417
451 223 854
452 260 396
452 542 791
453 348 148
453 354 255
454 553 194
455 245 753
455 127 413
456 221 291
457 516 364
458 433 715
458 460 833
459 276 366
460 498 250
461 513 594
462 210 239
462 327 112
462 470 13
462 197 5
462 494 962
462 147 489
462 338 970
462 113 333
463 470 657
463 41 268
464 87 524
465 426 288
465 365 582
466 300 354
466 396 757
467 63 340
467 213 403
468 216 795
469 231 832
470 480 757
471 448 206
471 288 90
471 388 740
471 54 988
471 143 797
471 284 858
472 341 950
472 228 758
473 58 91
474 570 796
474 90 581
474 337 670
475 380 966
475 517 394
475 593 976
476 142 918
477 389 905
478 376 181
479 436 101
479 151 770
480 411 692
481 347 969
482 89 254
483 334 116
483 133 46
484 452 743
485 264 464
486 357 458
486 499 297
486 364 614
486 59 905
486 258 811
487 285 526
488 206 719
488 351 778
489 79 358
490 99 339
491 236 846
492 413 932
492 597 325
492 334 651
493 146 416
493 437 303
494 136 366
494 427 639
495 286 635
496 507 973
497 499 140
497 455 798
497 214 15
498 519 891
499 131 968
500 516 555
500 305 131
500 272 477
500 98 825
500 376 904
501 57 892
502 170 588
502 229 127
502 445 790
503 164 460
503 443 208
504 388 236
504 555 155
504 589 244
504 198 270
505 138 668
505 525 53
506 567 167
507 425 702
507 581 786
508 95 150
508 207 288
508 22 788
509 483 680
510 154 516
511 30 826
511 337 956
512 536 861
513 455 202
514 500 290
514 491 847
515 81 613
516 343 243
516 480 921
517 69 521
518 89 554
518 307 118
518 371 858
518 383 969
518 600 318
519 110 328
519 443 367
520 187 363
520 227 348
521 550 955
522 397 811
523 509 585
524 241 813
524 81 875
525 107 323
526 382 33
527 329 328
528 522 592
529 263 61
529 309 153
529 166 97
529 67 540
529 216 537
530 549 107
530 172 218
531 244 88
532 106 863
533 51 739
534 480 798
535 360 628
535 163 618
535 199 587
536 374 551
536 160 611
536 517 667
537 572 527
538 220 449
539 451 180
539 308 701
540 378 112
540 432 908
541 427 234
542 392 660
543 392 280
543 303 369
543 44 545
543 477 800
544 26 817
545 476 354
545 556 209
545 593 932
546 584 514
546 483 704
546 127 698
546 254 983
546 91 750
546 479 376
547 185 540
548 198 330
549 256 490
549 2 588
550 581 409
551 503 77
551 282 516
552 122 684
552 68 719
553 50 554
554 562 734
555 14 864
555 373 145
555 348 676
556 282 242
557 192 593
558 581 808
558 343 957
559 253 630
560 204 366
560 374 87
561 441 364
561 250 775
561 325 529
562 37 159
563 131 548
564 465 750
565 163 396
566 434 250
567 70 823
568 16 286
568 39 249
569 541 21
569 473 916
570 96 304
570 387 706
570 364 170
571 461 453
571 215 247
571 349 48
571 455 651
572 195 559
573 62 873
573 264 338
574 570 944
574 169 404
574 230 938
575 183 966
575 415 354
576 584 843
576 97 720
576 387 859
576 578 272
577 56 960
578 290 592
579 242 635
579 10 753
579 275 319
580 267 878
580 415 307
581 504 253
581 112 170
581 486 631
581 586 266
582 388 908
583 596 531
584 352 50
585 189 24
585 152 421
586 192 701
587 413 829
588 142 472
588 425 78
588 424 563
589 354 531
590 368 127
590 564 133
591 47 724
591 226 50
591 275 264
592 233 303
593 51 987
593 61 359
594 543 561
594 533 466
595 359 537
596 276 908
596 547 870
597 310 515
597 9 365
597 99 778
598 465 151
598 378 399
599 316 127
600 523 135
601 241 833
601 102 514
601 502 411
601 429 491
602 484 886
603 423 182
604 570 314
604 313 483
605 358 660
606 438 196
607 245 357
608 59 966
609 266 174
610 540 924
611 421 72
612 109 857
612 317 964
612 301 969
612 268 928
613 308 698
613 227 640
614 476 597
614 416 319
615 545 721
616 388 563
616 446 862
617 425 531
617 244 183
618 350 775
618 53 714
619 534 545
619 464 958
620 379 422
620 252 209
621 428 674
621 527 691
622 127 435
622 390 697
622 524 620
623 492 756
623 58 750
624 483 119
624 414 308
625 481 699
625 404 662
626 323 567
627 377 599
627 124 807
627 224 153
628 402 70
628 355 721
628 379 826
628 573 451
628 358 1000
629 350 137
630 120 752
631 139 934
632 261 157
633 529 270
633 339 311
634 210 476
635 243 125
635 433 692
635 364 448
636 330 213
637 284 432
637 289 454
637 229 800
637 216 875
637 473 854
638 557 25
638 112 249
638 432 975
639 68 508
640 203 633
640 116 301
641 470 614
641 136 146
642 122 623
643 335 960
644 239 280
645 589 694
646 205 897
646 520 600
647 269 806
648 438 246
649 317 367
649 81 95
649 103 487
650 474 520
650 254 614
651 147 720
651 471 211
652 353 448
652 117 729
653 429 674
653 476 641
653 480 398
654 318 959
654 176 184
655 408 250
656 424 770
656 186 321
657 455 671
657 408 593
657 367 534
658 32 648
659 215 658
659 284 983
659 413 357
659 559 987
659 95 214
660 232 8
660 483 503
660 35 163
661 379 258
662 592 796
663 365 810
664 117 974
665 357 720
665 440 12
665 504 80
665 161 741
665 56 559
666 226 865
666 404 367
667 418 111
668 91 590
669 399 231
670 508 637
670 165 395
670 69 284
670 499 570
670 292 365
671 298 702
671 541 94
671 216 113
671 94 610
671 203 50
672 87 899
673 327 595
673 244 92
674 101 7
674 415 397
674 306 979
675 21 6
676 117 185
677 24 456
677 86 46
678 95 558
678 468 995
679 33 154
680 271 639
681 299 359
682 341 860
682 489 528
683 336 967
684 67 950
685 492 873
685 74 998
685 555 275
686 463 444
686 533 511
686 424 827
686 256 440
687 458 587
687 282 317
687 543 461
687 94 901
687 581 484
688 390 472
689 404 481
690 518 165
690 354 31
691 317 65
692 370 701
693 563 995
694 92 503
695 515 21
695 367 174
695 30 100
696 4 385
697 183 833
698 283 49
698 118 454
698 382 308
699 322 669
699 117 370
700 599 909
700 594 461
700 422 566
701 503 247
701 96 803
702 492 23
703 464 612
703 371 799
703 70 197
703 112 786
703 74 258
703 100 77
703 362 315
703 594 19
704 258 196
705 249 476
705 444 694
706 73 419
707 188 151
707 556 676
707 545 993
707 24 531
707 18 405
707 350 608
708 31 699
709 375 875
710 330 865
710 131 898
711 23 798
711 500 810
711 377 498
712 192 896
712 81 526
712 568 962
712 75 344
712 364 377
713 554 212
713 431 371
713 216 737
713 139 445
713 220 197
714 413 962
714 301 735
714 64 718
715 559 402
715 518 816
715 456 592
716 281 861
717 414 395
718 91 779
719 191 44
720 114 789
721 278 455
722 268 638
723 546 653
723 107 989
723 274 57
723 110 398
723 514 589
723 465 539
723 522 29
723 514 399
724 467 800
724 319 99
725 529 153
726 587 669
727 205 891
727 15 403
728 143 386
729 37 260
729 349 647
730 589 946
730 130 497
731 171 209
731 330 576
732 453 267
733 173 724
733 335 483
734 61 190
734 337 236
735 546 636
735 188 953
736 18 909
736 337 584
736 352 499
736 381 147
736 150 562
736 5 300
736 414 224
737 137 311
737 199 840
737 460 696
738 175 891
739 195 948
739 156 466
739 398 523
740 23 144
741 549 209
742 458 418
742 167 186
743 251 613
744 344 290
744 21 730
745 125 344
745 382 744
745 105 282
746 458 229
747 353 189
747 206 969
747 587 333
748 507 571
749 67 338
749 297 838
749 426 724
750 466 891
750 232 867
750 371 115
751 282 903
752 535 506
752 456 246
752 55 838
753 278 614
753 97 671
753 39 524
754 453 285
755 320 960
755 215 870
755 525 316
755 290 448
756 79 769
756 596 10
757 410 760
758 47 102
758 400 208
759 478 389
760 403 77
760 74 94
760 107 136
761 290 436
761 200 720
761 198 417
761 487 287
762 116 88
762 368 718
763 472 629
763 29 334
764 88 466
765 509 332
765 207 622
765 590 840
765 382 820
765 530 24
766 502 790
766 325 140
766 144 656
766 111 841
767 379 288
768 2 162
768 4 4
768 359 307
768 376 213
769 308 674
770 532 489
771 361 779
772 504 778
772 61 324
773 169 682
773 182 969
773 535 509
773 289 219
773 144 958
773 393 346
773 321 128
773 127 319
774 551 61
775 579 426
775 384 224
775 302 214
776 16 911
776 50 775
776 229 72
777 532 988
778 411 144
779 149 266
780 221 488
781 110 128
781 415 574
782 144 40
782 272 286
782 600 178
783 458 114
784 30 411
785 163 239
785 333 72
785 232 695
786 131 636
787 402 70
788 402 143
789 4 42
790 117 712
791 244 588
792 471 254
792 187 954
792 460 190
793 309 257
794 193 72
795 74 908
795 535 328
796 150 898
796 25 199
796 68 65
797 98 584
798 514 770
799 334 165
799 117 207
800 304 807
801 595 786
801 259 757
801 327 524
802 591 251
803 293 634
804 372 996
804 506 383
804 120 869
805 97 958
806 48 22
807 448 586
807 337 896
807 538 99
807 135 385
807 580 719
807 388 596
807 252 766
807 383 591
807 592 957
808 508 797
809 111 845
810 50 228
811 579 892
811 81 339
811 424 148
811 172 921
812 459 191
813 7 9
814 492 756
815 376 120
815 573 526
815 588 619
815 596 674
815 87 537
815 551 326
816 568 440
817 147 998
817 360 970
818 55 185
819 37 873
820 482 863
821 458 971
822 36 509
822 538 789
823 235 280
824 440 21
824 22 511
825 371 995
826 590 154
826 410 481
827 271 430
827 514 415
828 555 784
828 380 281
828 319 699
829 291 534
829 104 455
830 85 823
831 209 660
831 212 605
832 257 403
833 514 295
833 70 489
834 369 936
834 190 515
834 274 395
834 439 808
835 418 800
836 200 549
837 285 812
837 83 224
837 173 35
837 50 8
837 175 766
837 504 32
837 180 673
838 143 485
838 516 994
839 88 108
840 168 170
840 320 796
840 250 997
841 131 486
841 323 334
842 117 724
842 264 983
843 491 631
844 229 998
845 22 946
845 27 627
846 539 670
846 411 296
846 212 620
846 523 908
847 319 899
847 49 235
847 90 56
848 270 992
849 24 449
850 575 942
851 291 820
851 497 455
851 467 686
852 43 759
852 258 617
852 153 982
853 267 919
854 253 848
855 73 40
856 359 997
856 508 186
857 331 461
858 227 531
858 213 302
859 110 716
859 160 982
859 344 840
860 156 296
860 504 316
861 479 31
862 376 237
863 94 808
863 268 547
864 111 887
865 307 436
866 344 899
867 66 677
867 558 267
868 117 475
869 572 235
870 374 442
870 58 754
871 109 629
872 100 146
873 63 637
874 513 494
874 143 192
875 529 968
875 394 673
876 370 510
876 97 391
877 590 298
877 394 91
878 531 497
879 353 363
879 375 306
879 280 332
880 239 554
881 26 209
881 370 913
881 325 414
881 215 423
882 208 422
882 3 908
882 173 100
883 248 398
883 64 568
884 201 809
885 62 910
886 303 778
886 129 231
886 538 963
887 275 970
888 255 60
888 447 824
888 142 362
888 197 178
888 189 868
889 446 213
890 435 769
891 563 112
892 209 828
892 495 742
893 565 234
894 141 997
895 92 409
896 149 36
897 418 980
897 68 31
897 241 762
898 498 94
898 101 885
899 209 508
899 596 12
900 141 670
901 145 132
902 460 176
903 541 213
903 59 618
903 131 615
903 31 613
904 52 251
905 122 397
906 51 466
906 246 591
907 572 86
908 564 411
909 44 995
910 476 884
911 470 986
911 302 61
911 279 756
911 343 309
911 240 515
912 321 806
913 438 173
914 34 938
915 469 442
915 58 879
916 410 437
917 275 28
918 98 858
919 179 605
919 14 936
919 264 195
919 15 400
920 411 23
921 121 909
922 363 485
922 129 652
922 448 870
923 49 912
924 520 262
925 88 211
925 539 873
926 259 675
926 146 549
926 48 362
926 405 22
927 419 347
928 44 128
928 3 154
929 415 686
930 295 239
930 481 120
930 154 768
931 355 690
932 282 152
933 182 245
934 572 538
934 228 739
935 100 186
936 29 620
936 346 226
937 584 293
938 72 824
938 50 82
939 270 830
939 465 368
939 280 743
940 119 197
940 469 837
941 349 526
941 300 628
942 272 443
942 136 631
943 131 704
944 23 140
944 369 602
944 99 719
944 398 668
945 140 634
945 473 38
946 350 506
946 553 339
947 199 346
947 591 692
948 383 268
948 538 379
949 109 124
950 48 923
951 306 685
951 452 897
951 78 74
952 123 426
952 173 420
953 393 351
954 484 618
955 122 20
956 13 187
957 30 957
957 578 931
957 361 308
958 26 781
958 25 83
959 96 195
960 247 911
961 83 574
962 76 495
963 277 947
964 536 836
965 179 1000
965 37 499
965 213 823
966 147 979
966 589 864
967 235 49
968 404 161
968 484 557
969 410 715
969 120 125
970 595 402
970 424 977
971 342 578
972 202 26
973 343 96
974 190 966
974 377 923
975 579 629
975 1 745
976 300 618
976 549 940
976 301 346
977 264 509
978 361 932
978 575 909
979 392 822
979 487 349
980 423 714
980 196 117
981 369 439
982 211 777
983 312 625
984 278 665
985 18 839
985 64 180
985 569 47
985 63 145
986 81 906
986 398 8
987 425 950
987 468 679
988 429 648
988 182 541
989 58 235
989 154 126
990 546 419
990 292 639
990 30 587
990 436 209
990 444 174
991 203 44
992 232 905
992 391 412
993 595 551
993 377 779
993 228 935
993 293 782
994 324 257
995 349 130
995 187 332
995 168 524
995 361 881
996 91 725
996 299 835
997 116 713
997 25 758
997 509 62
998 64 97
999 383 326
999 525 661
1000 2 280
1001 501 795
1002 112 34
1003 444 496
1003 522 632
1004 436 499
1004 374 118
1004 381 776
1005 320 935
1006 287 589
1006 106 291
1006 512 242
1006 41 108
1006 357 972
1007 390 340
1007 292 944
1007 307 645
1008 387 926
1009 109 308
1009 398 480
1010 144 506
1010 260 871
1010 328 494
1011 396 823
1011 462 789
1011 44 943
1012 458 129
1012 429 351
1013 322 976
1013 417 640
1013 483 574
1013 467 467
1013 276 974
1014 572 11
1015 404 214
1015 410 858
1015 391 184
1015 165 418
1016 457 170
1017 209 34
1018 540 656
1019 594 637
1020 106 160
1021 261 571
1021 250 16
1022 458 122
1023 377 46
1023 38 556
1023 174 34
1024 145 253
1024 278 682
1024 136 65
1025 570 984
1026 409 70
1027 76 718
1028 295 295
1029 591 228
1029 179 727
1030 260 65
1030 346 618
1030 339 806
1031 133 420
1032 275 879
1032 565 835
1032 549 449
1032 178 509
1033 367 576
1033 533 497
1033 233 504
1033 70 378
1034 123 191
1035 212 975
1036 511 458
1036 557 744
1036 103 114
1037 550 605
1038 166 425
1038 238 976
1038 538 173
1038 199 712
1039 302 87
1039 175 937
1039 439 38
1039 560 70
1040 432 486
1041 244 886
1042 21 299
1042 147 8
1043 167 814
1043 377 779
1044 353 21
1045 12 244
1046 203 952
1046 456 38
1046 411 660
1047 571 275
1047 558 349
1048 149 703
1049 218 748
1050 360 373
1051 97 323
1051 4 628
1051 147 912
1051 487 842
1051 307 638
1052 483 653
1052 496 908
1052 440 876
1053 502 327
1053 347 929
1053 89 968
1053 223 584
1053 407 604
1053 338 882
1053 206 562
1053 457 929
1054 30 653
1055 575 339
1055 222 849
1055 492 146
1056 178 859
1057 532 895
1058 356 141
1058 143 568
1059 522 990
1060 544 673
1061 549 39
1061 280 913
1061 273 419
1061 247 112
1062 337 208
1063 600 520
1063 124 642
1064 270 684
1064 412 702
1064 364 624
1064 546 521
1064 599 76
1064 108 254
1065 518 248
1065 6 327
1065 346 201
1066 306 940
1066 177 207
1066 599 926
1067 20 693
1067 12 536
1068 445 678
1068 182 120
1069 212 355
1070 587 880
1071 587 602
1071 579 379
1072 541 202
1073 460 243
1073 398 531
1073 470 924
1073 193 977
1073 419 352
1074 290 720
1074 34 353
1075 556 713
1075 146 674
1075 554 838
1075 145 761
1075 179 176
1076 247 344
1077 257 646
1077 70 878
1078 441 249
1078 336 853
1078 513 1
1078 197 330
1078 273 235
1079 23 589
1079 207 765
1080 492 412
1081 144 933
1081 342 789
1081 252 525
1081 70 20
1082 390 775
1083 14 724
1084 405 298
1084 545 197
1085 488 862
1086 97 339
1087 330 513
1088 485 628
1089 476 245
1089 535 689
1089 38 644
1089 326 222
1089 518 143
1089 531 980
1089 539 146
1090 505 577
1091 413 710
1092 221 19
1093 505 210
1094 244 920
1094 127 467
1094 286 574
1095 402 834
1095 488 779
1096 281 298
1097 401 227
1098 534 890
1098 526 647
1099 195 644
1100 548 263
1101 276 652
1102 447 790
1103 344 112
1103 405 622
1104 549 677
1104 113 546
1105 218 152
1105 556 474
1106 159 476
1106 457 815
1106 407 227
1107 541 455
1107 563 769
1108 9 487
1108 550 245
1108 33 66
1108 411 473
1109 360 575
1109 333 488
1110 82 796
1110 187 811
1110 252 880
1111 233 905
1112 29 316
1112 98 455
1112 139 523
1113 234 296
1114 159 120
1115 468 2
1115 256 487
1116 573 461
1116 246 923
1117 101 261
1117 300 583
1117 488 303
1118 244 293
1118 501 712
1119 459 519
1120 258 900
1121 111 191
1122 118 123
1122 127 250
1123 296 42
1124 127 532
1125 219 128
1126 531 247
1127 550 686
1128 27 409
1128 312 408
1129 191 269
1129 306 88
1130 545 329
1131 68 494
1131 161 29
1131 227 784
1132 370 372
1132 429 341
1133 516 834
1134 303 583
1135 38 523
1135 575 156
1135 430 696
1136 324 933
1137 324 153
1137 542 692
1138 269 134
1138 464 972
1138 93 432
1138 427 248
1138 14 575
1139 398 960
1140 474 31
1140 26 267
1140 462 553
1140 536 599
1141 54 94
1142 269 142
1142 503 689
1142 136 891
1142 564 233
1143 240 632
1143 58 860
1144 94 191
1145 444 385
1145 526 846
1146 329 888
1146 66 450
1147 19 87
1148 196 186
1149 468 179
1149 594 808
1150 433 116
1151 12 94
1151 72 365
1151 119 133
1152 417 785
1153 23 785
1154 226 329
1155 513 131
1155 539 455
1156 513 600
1157 327 708
1158 334 553
1159 155 235
1160 550 793
1160 593 716
1160 282 837
1161 530 915
1161 548 757
1161 529 189
1162 582 385
1163 324 699
1163 197 827
1163 375 221
1163 299 777
1164 390 173
1165 555 842
1166 180 135
1166 259 518
1166 379 808
1166 20 744
1166 321 770
1167 54 700
1167 534 14
1167 147 323
1167 501 41
1168 550 931
1168 289 923
1169 425 11
1170 234 877
1170 553 608
1170 296 902
1170 399 150
1171 123 569
1172 514 268
1173 291 148
1174 462 764
1175 589 207
1175 568 782
1176 101 57
1177 212 510
1178 448 71
1179 322 150
1180 91 631
1181 530 723
1182 330 151
1182 242 104
1183 195 535
1183 283 896
1183 69 621
1184 561 999
1185 489 560
1186 334 212
1187 99 247
1188 522 316
1189 191 780
1190 545 1
1190 564 999
1191 444 479
1191 368 635
1192 296 158
1193 267 502
1193 477 518
1194 39 710
1195 172 815
1196 443 683
1197 299 448
1197 444 656
1197 172 340
1198 466 634
1198 509 229
1199 312 608
1200 79 982
1201 410 392
1201 376 682
1201 242 55
1201 219 526
1202 176 277
1203 231 275
1204 126 922
1205 197 779
1206 387 683
1206 97 154
1206 546 633
1206 554 963
1207 247 648
1207 329 188
1208 101 220
1209 500 397
1210 386 459
1211 556 535
1212 6 775
1213 81 167
1214 509 729
1214 526 886
1214 87 762
1214 516 627
1215 33 590
1215 276 522
1215 333 572
1216 500 745
1216 212 872
1217 521 550
1217 553 730
1218 358 530
1219 170 553
1219 296 727
1219 107 897
1219 338 720
1219 443 288
1220 596 989
1220 596 622
1221 232 395
1222 576 351
1222 140 315
1223 236 901
1223 223 999
1223 25 449
1223 558 413
1224 549 271
1224 401 204
1225 588 208
1225 320 286
1226 240 482
1226 58 968
1227 289 901
1228 152 418
1228 136 307
1228 166 347
1229 122 154
1229 596 576
1230 311 483
1230 44 801
1231 155 318
1232 226 516
1233 597 568
1233 541 276
1233 239 331
1234 294 263
1235 407 373
1235 567 541
1235 471 983
1236 493 1
1237 330 37
1238 223 310
1239 92 535
1239 487 815
1240 216 869
1240 575 251
1240 570 280
1241 317 656
1241 261 43
1242 507 544
1243 341 169
1244 111 206
1245 506 4
1245 396 32
1245 437 76
1246 155 846
1247 517 440
1248 282 256
1249 581 210
1249 354 181
1250 508 967
1250 239 372
1250 2 549
1251 571 882
1251 446 960
1251 212 415
1251 211 767
1252 81 458
1252 445 648
1253 137 456
1253 331 838
1254 203 164
1254 238 148
1254 206 290
1255 280 426
1255 228 869
1255 5 713
1256 98 822
1257 193 940
1257 99 54
1257 569 192
1257 183 520
1258 231 163
1259 234 56
1260 174 559
1261 99 173
1261 333 89
1261 68 539
1261 95 734
1262 251 665
1262 459 296
1262 36 462
1263 177 912
1263 508 68
1264 549 498
1265 405 674
1265 227 709
1266 163 277
1267 535 580
1267 48 115
1267 392 330
1268 372 831
1269 439 633
1270 202 467
1271 542 345
1271 216 4
1272 141 13
1273 451 221
1274 399 63
1274 478 135
1275 494 275
1276 33 110
1276 591 919
1276 46 389
1276 498 440
1277 492 475
1278 374 378
1278 371 668
1279 440 226
1279 276 987
1280 566 952
1280 221 809
1280 517 779
1280 168 575
1280 474 497
1281 368 334
1281 169 879
1282 41 690
1282 451 268
1283 45 402
1284 481 556
1285 177 750
1285 576 905
1286 213 179
1286 272 185
1286 387 713
1287 211 895
1288 16 372
1289 393 144
1290 324 482
1291 194 656
1292 398 905
1292 19 538
1293 592 515
1294 73 33
1295 519 940
1296 349 269
1297 590 371
1298 219 455
1298 211 231
1299 154 730
1300 212 475
1300 370 533
1301 468 620
1302 343 564
1303 3 737
1303 124 366
1304 95 746
1304 149 436
1304 394 877
1304 35 626
1305 55 576
1306 411 202
1307 551 788
1307 219 998
1308 553 464
1309 327 964
1309 80 951
1309 506 857
1309 4 780
1310 152 278
1311 85 269
1312 464 872
1313 96 674
1314 214 717
1315 140 482
1315 129 653
1315 314 692
1315 306 302
1315 229 191
1315 358 161
1316 8 935
1317 221 541
1318 519 927
1318 498 901
1318 541 822
1318 553 139
1318 266 817
1318 384 494
1318 485 313
1318 516 981
1318 151 153
1319 172 373
1319 29 256
1320 414 993
1320 116 123
1321 408 30
1321 325 787
1321 420 405
1321 205 671
1322 491 128
1323 108 101
1324 447 839
1324 573 808
1324 462 969
1324 265 918
1325 379 707
1326 368 824
1326 224 716
1327 446 671
1328 125 60
1329 462 895
1329 440 848
1329 266 858
1329 324 244
1329 521 935
1329 526 99
1329 532 171
1329 9 541
1329 392 691
1329 191 526
1330 69 579
1331 441 300
1332 442 478
1333 189 896
1333 576 675
1334 223 950
1334 148 764
1335 11 171
1336 242 88
1336 224 714
1336 409 700
1336 291 670
1336 383 67
1336 175 890
1337 442 110
1337 11 554
1337 598 927
1337 66 848
1338 124 343
1339 510 444
1340 570 299
1340 268 980
1340 389 208
1341 369 394
1341 263 838
1341 78 257
1342 269 512
1342 408 154
1343 108 953
1343 35 785
1343 597 614
1343 542 564
1344 173 903
1345 197 665
1346 488 719
1347 540 145
1348 356 992
1349 14 147
1349 578 706
1349 199 372
1349 123 551
1349 116 548
1350 303 640
1350 392 792
1351 554 142
1351 96 453
1351 536 148
1352 167 317
1352 419 183
1353 123 79
1353 31 644
1354 526 444
1355 533 725
1355 541 350
1355 83 408
1356 261 993
1357 32 14
1358 270 516
1359 164 587
1359 107 5
1360 434 809
1361 241 499
1361 473 251
1361 64 561
1362 472 838
1363 422 630
1363 303 59
1363 144 387
1363 347 207
1363 532 209
1363 257 301
1363 396 811
1364 428 436
1365 445 585
1365 256 466
1365 432 855
1366 584 262
1367 503 589
1368 397 317
1369 282 566
1369 66 896
1370 272 224
1370 30 719
1370 520 86
1370 427 677
1370 279 170
1371 62 659
1372 334 452
1372 247 444
1373 100 369
1374 584 798
1375 288 585
1375 314 615
1376 453 585
1376 129 495
1377 408 785
1377 481 276
1377 362 510
1378 543 479
1378 420 748
1378 137 758
1378 310 535
1379 404 904
1380 178 659
1381 61 729
1382 73 549
1383 517 620
1384 232 756
1384 480 393
1384 400 161
1384 489 729
1385 215 259
1385 412 719
1386 422 650
1387 276 170
1387 527 929
1388 90 267
1388 508 457
1389 149 211
1390 121 509
1391 486 207
1391 285 674
1392 363 953
1392 136 366
1393 55 258
1394 320 468
1395 218 377
1396 477 81
1397 594 860
1398 373 613
1399 540 262
1400 503 781
1401 4 337
1401 427 381
1402 490 914
1402 400 585
1402 234 569
1402 201 503
1403 93 775
1403 473 204
1404 274 479
1404 586 912
1405 374 672
1406 389 800
1407 315 652
1407 283 809
1408 568 296
1408 265 110
1409 287 801
1409 292 962
1409 397 466
1409 235 822
1409 236 797
1410 13 283
1410 47 849
1411 41 25
1411 415 792
1411 100 909
1411 68 174
1412 536 405
1413 526 984
1414 46 515
1414 201 918
1414 392 668
1414 545 636
1415 57 13
1415 279 724
1415 541 897
1415 26 334
1415 584 190
1415 202 506
1416 101 438
1416 175 997
1416 176 397
1416 45 783
1417 66 390
1417 134 355
1418 1 854
1419 354 332
1420 424 469
1421 392 916
1422 71 245
1422 500 535
1423 293 204
1423 463 754
1423 596 492
1423 201 840
1423 243 141
1423 244 562
1423 309 951
1424 134 826
1425 39 330
1426 107 761
1426 582 222
1427 497 613
1428 98 27
1429 302 393
1429 453 811
1430 470 871
1431 84 546
1431 254 588
1431 391 798
1431 333 946
1431 485 773
1431 55 712
1431 574 297
1432 561 725
1432 301 762
1433 50 817
1433 577 662
1433 453 27
1433 549 131
1433 46 149
1433 162 600
1434 521 602
1434 92 584
1434 499 396
1435 547 457
1436 344 540
1437 56 769
1438 307 89
1438 579 223
1438 79 17
1439 126 602
1439 189 625
1439 343 204
1439 153 534
1439 279 213
1439 317 845
1439 30 851
1440 585 22
1440 524 590
1440 469 610
1440 148 188
1440 89 605
1440 599 708
1440 171 792
1441 215 328
1441 395 989
1441 332 964
1442 188 466
1442 257 278
1442 132 763
1443 599 215
1443 24 487
1443 311 238
1443 286 983
1444 174 603
1445 586 898
1446 355 87
1446 553 988
1447 10 617
1448 534 840
1448 553 134
1448 504 321
1448 511 999
1448 484 538
1448 303 946
1448 569 444
1448 411 395
1448 308 870
1449 551 762
1449 154 521
1449 28 650
1450 234 352
1450 233 52
1450 75 901
1450 205 620
1451 101 343
1452 195 959
1452 195 408
1453 17 70
1454 116 288
1454 251 862
1454 40 892
1454 144 105
1454 549 316
1454 399 100
1455 480 94
1455 310 56
1456 369 655
1457 14 297
1458 18 371
1459 452 858
1460 206 17
1461 519 559
1462 101 635
1462 393 521
1463 72 234
1464 471 841
1464 320 708
1464 64 961
1464 302 145
1465 68 346
1465 283 867
1465 450 376
1466 364 305
1467 424 441
1467 415 579
1468 167 947
1468 34 81
1468 585 115
1468 106 984
1469 277 971
1469 103 603
1469 461 561
1470 246 93
1471 342 381
1472 243 396
1472 396 550
1473 214 240
1473 275 178
1474 447 369
1474 535 669
1475 382 746
1476 586 95
1477 555 239
1477 505 336
1478 246 652
1478 313 514
1479 43 844
1480 265 1000
1480 337 372
1480 411 907
1480 381 611
1481 422 478
1481 447 271
1481 235 90
1481 449 268
1481 91 447
1482 146 239
1482 116 554
1482 324 940
1483 201 377
1484 349 200
1484 241 302
1485 459 235
1486 484 992
1487 531 582
1487 345 441
1488 556 999
1488 513 126
1489 170 117
1490 12 827
1490 207 590
1490 575 941
1490 444 854
1491 117 732
1492 419 708
1493 503 340
1493 107 831
1493 139 691
1493 104 51
1493 555 811
1493 591 320
1494 52 479
1495 494 463
1495 534 64
1496 299 510
1497 304 299
1497 334 386
1497 390 941
1498 514 39
1498 290 940
1499 536 53
1500 144 195
1501 87 335
1501 395 381
1501 317 607
1501 238 313
1502 248 416
1503 57 588
1504 151 55
1504 286 339
1504 539 225
1505 85 554
1505 360 935
1505 429 922
1506 268 244
1507 209 802
1508 491 389
1509 588 115
1509 359 545
1509 470 461
1510 510 894
1510 47 700
1511 33 815
1512 259 41
1513 316 385
1513 302 308
1513 381 12
1514 370 692
1514 188 531
1514 311 978
1514 199 621
1515 222 999
1516 545 835
1517 85 497
1518 501 85
1519 599 767
1520 125 328
1520 307 963
1520 496 133
1520 232 708
1520 168 564
1521 187 423
1521 312 85
1522 435 614
1523 402 71
1524 468 285
1524 83 107
1525 53 20
1525 63 992
1525 440 818
1526 34 987
1527 37 735
1528 109 151
1528 470 607
