600 1000 50 10 3000
85 34
40 22
86 5
36 9
31 7
60 0
10 87
93 30
43 92
79 77
34 20
43 15
79 16
83 41
35 35
80 20
21 20
94 7
77 83
16 9
90 77
9 0
16 54
82 60
47 13
89 81
86 32
48 65
48 84
6 83
19 86
55 40
58 2
48 88
85 16
97 75
45 58
28 14
13 62
74 12
76 15
45 62
47 94
27 95
78 86
30 97
24 37
89 83
39 89
23 24
6 20
52 3
30 80
17 95
94 43
7 70
58 53
84 57
99 64
52 29
50 34
78 74
72 67
9 63
9 32
88 67
4 92
70 87
24 40
82 18
35 42
89 46
47 25
3 98
89 8
27 91
42 5
18 66
24 79
30 33
12 70
0 68
62 71
55 38
63 90
56 98
84 97
44 31
23 0
29 64
8 56
56 50
13 74
69 37
53 51
23 17
73 23
86 87
46 93
25 9
35 81
60 19
31 56
50 54
56 31
18 64
39 26
67 52
0 88
42 54
39 65
23 64
40 61
51 87
55 76
48 42
9 60
62 40
17 64
46 73
48 17
90 87
43 57
92 96
97 86
2 36
51 25
52 43
87 3
30 94
31 31
36 40
91 50
33 60
67 31
34 15
0 76
54 44
85 46
92 82
32 94
70 35
19 22
79 6
25 61
0 56
44 89
48 36
39 33
96 6
65 82
21 65
58 76
61 43
74 53
77 59
99 47
46 19
69 25
77 46
39 30
54 83
19 3
71 10
88 20
17 53
2 90
71 13
18 84
8 45
38 38
4 89
85 50
8 7
28 38
5 19
68 60
2 39
15 26
49 3
46 18
9 80
65 79
64 26
24 54
64 80
96 49
83 4
8 11
42 14
82 62
26 84
1 41
62 51
96 8
69 5
61 30
37 26
62 54
52 38
60 68
71 56
18 54
13 78
17 7
92 99
70 70
35 23
11 98
26 60
58 48
17 19
30 55
98 92
61 2
83 73
71 54
30 41
8 95
19 77
2 64
76 24
34 11
48 98
61 74
10 20
74 27
91 5
34 89
97 95
44 80
69 15
86 51
8 94
46 27
71 48
43 99
25 78
11 73
28 72
99 38
44 74
17 36
79 52
77 28
47 21
61 68
88 47
71 96
94 17
24 17
18 67
17 43
97 80
68 77
52 19
67 49
93 85
85 24
89 62
5 88
84 18
57 72
65 28
69 11
98 45
29 16
64 46
11 14
26 79
91 30
98 11
79 44
48 16
20 37
79 25
25 15
43 82
39 61
63 8
72 61
5 53
29 70
99 40
36 77
19 79
60 69
90 91
13 38
8 34
75 39
11 1
54 55
35 93
68 50
54 40
11 59
94 40
81 45
32 69
75 51
49 35
21 39
30 86
20 57
25 32
58 79
39 46
25 7
96 79
99 60
90 45
52 24
43 85
93 18
88 42
5 9
34 83
48 64
22 20
21 47
4 32
79 43
30 4
2 26
35 2
86 25
99 39
49 42
24 95
60 12
37 17
74 23
1 74
87 23
94 61
22 99
45 53
94 75
57 97
53 44
51 40
70 50
31 71
93 55
66 5
19 56
23 45
79 76
19 19
51 14
32 73
65 77
79 59
4 36
56 57
33 7
49 55
10 80
78 55
87 45
60 7
53 35
52 84
63 24
3 14
90 35
40 55
64 19
14 68
7 71
78 40
30 27
95 40
8 26
95 95
71 8
54 76
43 59
83 16
73 73
51 13
80 68
84 94
88 92
17 66
84 48
46 32
40 6
58 88
1 81
48 8
57 43
67 69
2 2
85 76
27 89
41 7
57 26
53 45
70 71
64 54
86 63
68 96
3 21
77 51
29 86
95 48
56 97
2 93
25 29
82 67
88 39
93 42
37 15
65 53
69 88
3 83
4 7
4 34
58 34
20 5
82 28
3 85
22 80
66 4
47 7
96 92
1 85
7 66
38 29
6 53
37 9
36 93
68 40
79 79
74 52
84 9
80 39
46 54
20 64
11 19
71 7
12 72
92 19
90 82
48 48
35 37
10 71
83 78
11 62
57 38
14 94
33 45
1 5
61 12
25 33
71 37
57 15
8 0
97 9
46 58
55 81
89 19
44 98
57 10
92 56
57 78
53 11
35 66
75 60
51 47
49 9
14 58
19 61
96 65
72 4
47 61
23 43
59 32
5 52
40 63
82 45
26 17
78 63
48 79
24 15
89 85
27 8
46 75
26 18
31 25
79 54
68 91
86 73
95 78
88 77
23 66
94 35
68 24
98 68
4 22
83 45
59 62
54 5
90 32
76 21
57 7
28 77
98 14
2 45
45 91
22 68
9 69
3 77
93 53
46 49
27 81
95 86
96 1
44 86
33 20
7 90
79 35
67 30
2 69
75 47
12 98
67 22
67 71
51 12
76 49
62 4
31 9
42 27
10 38
65 43
10 72
85 90
60 52
20 14
73 95
45 80
12 12
3 63
25 80
13 39
36 96
48 30
23 58
53 79
12 38
21 24
42 41
38 67
89 3
5 34
84 17
33 24
71 46
15 7
42 63
90 17
73 59
90 69
16 12
5 84
77 94
40 35
81 24
4 80
15 37
56 87
35 71
46 77
86 36
46 59
47 3
37 38
25 53
2 71
63 59
7 92
6 47
27 87
23 32
19 39
69 75
26 5
98 72
34 36
61 81
47 8
36 84
98 61
89 0
32 4
60 92
96 66
39 24
5 15
56 24
54 77
51 32
82 1
56 69
50 84
20 76
0 9
77 84
13 89
76 9
7 68
85 12
88 89
19 91
73 53
92 81
22 29
99 24
63 85
53 15
46 82
99 59
23 28
20 30
94 31
99 34
72 70
25 97
76 17
78 98
98 77
75 15
6 90
0 12
5 98
46 4
9 70
32 30
52 80
63 39
33 35
10 59
32 86
28 11
36 79
94 47
53 47
11 58
45 57
15 55
27 99
37 32
80 77
31 43
16 64
31 78
16 4
26 53
83 19
16 29
18 22
76 29
32 74
86 47
29 66
99 18
50 31
47 81
26 63
94 21
25 10
63 60
22 32
89 40
6 18
69 38
92 8
38 73
26 37
91 76
20 38
57 46
53 54
56 99
75 81
10 52
84 25
64 7
9 6
47 15
24 69
54 16
29 44
89 55
33 32
83 53
22 92
99 75
46 55
27 74
88 37
78 73
62 43
80 24
1 79
39 25
48 45
41 29
89 82
36 22
14 19
75 36
11 27
63 10
34 90
84 23
27 14
9 28
66 10
59 57
35 60
3 28
89 44
10 26
19 24
45 46
12 9
73 76
71 60
66 7
83 46
21 83
40 31
11 6
93 70
15 81
82 70
9 72
15 72
98 34
48 95
80 61
56 6
37 27
18 55
34 1
53 8
84 93
91 47
51 84
69 67
65 52
76 52
99 74
38 47
21 71
60 78
29 97
57 47
5 44
0 58
52 36
35 3
79 4
22 97
8 60
24 84
64 23
10 55
26 83
62 7
32 19
54 89
15 54
48 67
90 52
62 25
7 42
81 30
39 42
42 15
78 6
90 89
13 12
73 39
95 87
46 80
58 52
69 74
6 69
41 48
21 56
25 81
98 59
63 89
56 79
63 46
20 77
58 45
68 6
32 67
38 91
19 7
65 78
77 58
78 50
14 56
83 64
67 46
5 68
3 61
99 67
7 72
96 18
24 2
83 14
93 3
21 10
33 50
68 63
19 36
99 86
83 57
6 38
18 58
82 53
96 99
70 72
53 53
86 46
8 93
10 29
57 63
64 76
99 15
15 34
72 73
73 91
31 30
69 13
36 17
65 6
89 18
11 75
17 72
34 25
65 44
6 22
59 70
51 11
38 66
45 10
91 70
53 23
53 74
47 80
76 58
7 93
82 94
70 48
22 50
99 73
61 37
91 58
0 83
29 5
58 82
80 46
23 23
4 70
56 80
80 63
25 63
9 47
63 0
76 85
2 76
59 63
65 2
21 17
85 2
36 55
42 11
78 46
33 86
78 14
2 3
29 11
50 44
11 79
29 13
43 2
42 28
56 65
24 93
72 66
4 50
64 38
37 42
4 39
97 85
2 99
29 14
78 10
79 85
51 60
10 94
14 52
74 70
17 50
15 89
68 20
91 32
26 66
71 23
51 74
75 32
40 5
42 71
91 93
31 1
39 97
5 66
68 22
16 83
55 6
17 65
39 96
31 10
71 34
84 46
66 76
52 9
54 31
48 46
29 53
12 49
27 28
32 42
13 40
48 83
5 87
31 89
50 2
75 86
1 94
63 53
55 11
94 48
55 23
1 67
72 28
48 57
70 13
97 70
96 54
10 27
95 60
82 71
46 83
65 61
72 88
81 67
36 89
42 89
56 67
17 56
76 39
70 73
61 66
79 71
83 28
98 82
63 63
43 51
35 68
39 16
87 27
5 81
16 14
48 85
70 24
76 92
49 37
11 29
61 57
4 44
37 54
78 0
17 74
51 4
94 42
20 81
69 78
62 85
44 63
22 66
87 98
59 89
35 70
18 48
79 74
45 16
28 23
68 97
49 19
1 43
61 73
24 82
3 39
19 47
2 41
66 41
82 26
95 0
75 74
26 20
42 6
95 10
55 45
81 56
82 65
76 37
4 95
85 58
36 3
51 27
28 34
5 75
34 80
49 13
19 0
53 75
45 34
83 85
28 17
50 4
99 92
64 87
95 16
14 23
50 71
50 36
52 99
1 56
94 73
56 47
0 53
53 41
17 8
48 68
52 64
7 47
22 34
44 72
23 48
5 17
97 13
16 97
33 58
62 38
51 31
98 51
51 50
16 58
49 0
31 23
35 75
47 58
24 22
82 81
81 13
8 66
23 22
4 75
26 4
56 94
62 5
47 45
80 82
20 27
49 74
77 40
58 24
37 59
58 61
81 63
88 86
69 66
42 26
13 56
83 60
1 64
42 74
43 34
70 45
37 71
63 61
96 21
74 30
36 62
16 6
81 11
67 15
54 69
31 48
95 75
34 65
20 46
17 57
17 41
55 43
54 29
25 90
44 93
96 25
71 72
48 25
93 79
25 88
54 11
5 74
57 75
84 27
16 30
59 71
73 13
53 50
4 97
44 52
74 0
85 45
24 33
22 17
12 47
57 19
58 15
93 67
94 58
8 54
19 35
36 75
32 80
28 58
32 13
3 57
98 25
74 10
29 34
51 75
4 0
51 64
6 33
50 25
68 86
1 52
18 81
10 50
94 13
7 44
90 34
54 66
18 36
52 69
63 6
62 67
6 65
32 12
89 67
20 90
71 30
88 17
96 48
61 38
82 68
56 9
73 19
15 35
52 22
37 51
56 27
19 76
17 91
14 41
73 55
58 69
3 72
8 85
92 65
37 48
74 62
67 42
97 57
67 1
80 5
53 36
32 24
13 1
15 79
42 88
86 53
10 89
77 70
26 69
35 15
69 61
77 88
3 26
45 71
28 25
28 33
62 60
57 27
13 24
58 8
64 45
44 13
11 31
80 80
93 58
36 65
19 16
49 5
59 6
82 42
81 47
87 94
21 74
39 47
27 42
29 47
91 66
12 10
82 3
10 84
90 44
42 25
87 75
72 74
69 45
0 5
52 65
59 31
59 88
6 91
44 15
40 90
14 64
10 17
41 25
42 68
77 2
56 56
4 63
99 17
92 77
56 89
44 60
80 37
2 46
1 19
82 63
89 76
41 46
22 83
14 99
85 22
85 6
59 41
56 4
70 12
45 15
24 25
4 27
71 5
98 6
21 87
85 56
45 51
55 83
74 15
73 11
73 84
5 29
40 75
94 85
90 18
62 46
97 34
52 48
92 25
35 26
87 73
82 32
76 89
67 50
4 40
14 78
77 19
7 17
94 53
3 37
72 65
83 21
69 95
64 57
21 51
36 6
45 3
9 49
96 75
79 73
46 87
42 92
40 45
81 64
63 17
86 66
56 7
62 21
64 35
72 46
91 60
64 14
37 12
41 17
37 87
77 13
13 92
30 51
58 86
7 75
8 32
21 99
92 26
87 8
92 24
72 33
93 9
72 49
89 4
98 18
17 63
10 99
66 20
37 76
93 97
51 53
81 25
4 25
3 91
34 96
67 6
81 61
68 54
10 57
10 60
27 79
23 37
78 89
57 67
66 2
64 69
71 50
2 57
46 70
15 27
83 83
92 43
6 19
8 52
71 18
20 89
20 84
10 76
82 57
87 53
62 53
64 77
32 47
13 66
92 5
61 98
80 85
3 8
92 76
93 54
11 91
80 18
85 42
23 49
74 41
42 35
91 19
56 60
26 12
68 70
88 13
25 92
40 88
35 20
7 21
14 82
22 38
90 71
22 64
12 16
52 55
56 52
80 96
65 5
88 6
45 75
78 4
96 45
87 71
83 77
42 57
74 94
61 61
69 92
50 13
57 30
9 22
87 49
80 32
25 11
37 73
56 76
44 39
53 86
96 47
92 22
41 54
84 63
46 41
16 48
55 73
30 64
47 17
14 80
2 91
91 91
64 47
67 9
38 20
95 34
68 88
9 61
94 93
24 92
34 92
41 41
17 71
6 17
41 72
97 43
63 88
86 27
35 53
88 73
25 84
59 93
24 68
13 83
62 48
76 55
89 45
79 47
62 20
71 59
47 1
14 34
6 2
38 71
77 14
39 36
84 5
54 94
93 33
94 55
5 65
67 72
52 66
25 18
1 31
72 12
15 11
83 92
25 75
28 62
80 99
9 85
31 92
49 25
99 6
43 66
79 95
33 4
65 86
98 3
48 34
47 26
61 27
88 41
26 49
78 25
64 9
87 69
24 30
77 20
79 57
50 80
43 97
58 4
24 46
97 3
47 75
28 63
36 98
81 23
67 5
5 2
60 82
75 19
76 33
67 8
40 85
15 98
89 91
96 38
94 95
13 75
58 50
25 40
96 31
94 56
65 69
28 42
55 95
12 42
83 79
23 40
35 76
92 45
78 17
37 4
87 4
94 52
25 22
17 0
78 81
61 86
37 36
26 0
53 13
29 98
59 7
67 48
63 77
81 31
55 58
91 22
4 48
82 17
87 19
72 58
79 1
8 90
60 76
90 24
26 38
7 33
96 12
87 87
35 41
8 91
89 90
62 65
42 34
23 73
35 84
63 95
12 5
71 17
80 50
7 39
83 3
52 70
43 39
11 3
46 42
81 8
94 82
48 81
18 63
28 82
68 0
1 18 426
2 74 640
2 540 598
2 363 914
2 31 842
3 8 696
3 228 998
3 114 235
3 112 609
4 44 807
5 484 241
6 217 788
6 339 332
7 352 934
7 167 880
7 357 870
8 416 270
8 64 11
8 392 818
8 526 298
9 270 987
9 541 391
10 464 455
10 334 986
11 596 8
12 81 861
13 576 641
13 452 906
13 516 499
13 83 346
13 452 914
14 313 885
15 93 797
15 411 856
15 261 624
16 546 428
17 148 576
17 600 39
17 113 834
18 372 580
19 464 567
20 105 240
21 202 923
22 231 168
23 13 966
24 367 713
24 58 932
24 560 111
25 59 445
25 48 390
26 104 752
27 580 458
28 309 958
28 594 261
29 593 950
29 330 962
30 325 807
30 82 670
30 254 587
31 404 214
31 397 848
31 347 977
32 514 789
33 599 672
33 191 701
34 512 294
35 436 175
35 91 995
36 349 91
37 498 523
38 443 39
38 101 937
38 26 98
38 224 257
39 479 899
40 34 567
40 500 555
41 342 37
41 306 676
42 29 159
42 109 894
43 198 822
43 39 361
44 462 598
45 11 246
46 44 340
47 88 180
47 194 550
47 566 539
47 253 568
47 178 337
47 446 332
47 475 732
48 209 606
48 403 649
49 195 538
49 62 450
50 249 862
51 126 805
52 303 553
52 404 82
52 33 396
53 583 284
53 164 907
54 214 61
54 312 322
54 224 425
55 117 302
55 512 101
55 572 463
55 549 692
55 2 102
56 114 571
57 62 37
58 503 797
58 419 34
58 493 991
58 166 587
58 93 978
58 331 380
58 241 809
58 181 911
59 533 749
60 364 360
61 240 16
62 13 201
62 588 449
63 229 490
63 196 759
64 230 271
64 224 200
64 373 286
65 305 382
66 520 27
66 537 587
66 567 449
66 101 404
66 550 187
67 368 692
67 421 312
67 85 532
67 95 906
67 76 85
68 563 793
69 273 903
70 585 596
71 411 457
72 198 904
73 72 219
73 433 117
73 534 964
73 386 279
73 91 924
74 319 169
75 214 888
75 356 179
75 216 665
76 375 337
77 165 990
77 69 973
77 585 313
77 438 241
77 445 471
78 292 56
79 352 287
79 503 353
79 130 201
80 405 790
81 449 801
82 351 834
83 489 615
84 395 926
85 166 274
86 234 821
87 206 302
87 236 371
87 581 751
87 539 468
87 83 653
87 441 208
87 495 804
87 43 914
87 214 834
88 296 886
89 16 256
90 297 687
91 351 737
92 287 178
92 400 626
92 223 306
93 186 69
93 350 376
93 113 515
94 242 497
95 541 41
95 177 865
96 490 799
97 510 909
98 311 383
98 243 184
99 212 470
100 173 200
100 585 782
100 461 554
100 182 808
101 343 383
102 359 393
103 598 989
104 537 237
105 214 582
106 39 267
106 257 794
107 352 213
108 456 144
109 570 864
109 495 858
109 134 652
109 439 728
110 553 227
110 273 623
110 46 253
110 526 643
110 453 640
111 311 247
112 160 807
113 290 107
114 226 211
114 500 502
115 208 580
115 242 927
116 523 532
116 368 288
117 264 985
118 522 685
118 2 17
118 557 86
118 71 489
119 520 140
120 323 571
121 167 622
121 341 223
121 570 329
122 123 658
123 534 397
124 588 791
124 593 919
125 322 998
126 591 66
126 17 554
126 448 648
127 24 362
128 403 149
128 49 790
129 155 245
129 36 786
130 390 739
130 46 718
131 285 249
131 230 276
132 591 898
133 425 185
134 219 518
135 535 957
136 63 284
136 212 886
136 478 478
137 184 960
137 323 387
138 477 84
138 211 270
139 148 541
139 350 514
139 476 181
140 22 817
141 25 555
142 538 652
143 331 724
144 229 752
144 524 862
144 444 487
145 563 207
146 274 901
147 79 379
147 254 344
147 512 849
148 160 383
149 525 821
149 325 308
149 372 975
150 361 256
150 503 646
151 405 292
151 593 896
152 98 766
152 260 415
152 379 897
153 381 684
154 567 636
154 5 740
155 78 805
156 165 815
156 158 610
157 73 636
158 429 455
159 83 353
159 530 148
159 102 888
159 177 638
160 507 529
160 250 535
160 227 80
161 530 250
162 288 509
163 21 966
164 572 173
165 430 836
165 435 629
165 262 152
165 160 180
165 498 430
165 38 83
165 129 699
165 376 659
165 311 868
166 183 320
166 585 461
167 180 936
168 466 932
168 169 22
169 455 56
169 47 691
170 542 138
171 262 535
172 319 541
173 326 769
173 380 980
174 91 617
175 99 718
176 255 906
177 11 959
177 400 340
178 349 870
178 441 977
179 334 888
180 84 304
181 591 280
182 517 700
183 141 352
184 34 302
185 124 83
185 481 699
186 527 978
187 212 820
187 294 423
187 401 114
187 235 517
187 393 410
188 391 786
189 553 56
189 520 40
189 589 330
190 144 969
190 305 717
190 464 109
190 386 79
191 556 438
191 234 187
191 448 583
191 572 813
192 578 981
193 187 491
193 357 875
194 544 195
195 419 630
195 518 760
195 466 893
195 341 489
196 533 481
197 39 805
198 298 481
198 282 406
199 349 962
200 108 133
201 395 325
202 85 59
203 431 175
204 142 670
204 257 12
204 88 113
205 335 283
205 197 286
205 591 426
205 337 845
205 138 354
205 267 195
206 576 513
207 190 939
208 212 882
209 469 632
209 556 487
209 407 629
209 399 870
209 291 755
210 196 886
211 183 1000
211 232 108
212 150 88
213 120 761
214 284 946
215 543 600
215 286 448
216 372 151
216 67 308
217 119 994
217 535 341
217 106 864
217 433 471
217 42 647
217 97 853
217 232 745
218 520 112
218 44 198
219 474 200
220 434 899
221 43 840
222 14 325
222 76 99
222 592 17
222 213 150
223 560 872
223 371 46
224 199 366
225 379 349
226 283 94
226 22 50
226 140 690
227 585 930
227 511 160
228 132 572
229 186 619
230 238 360
230 489 572
230 332 1
231 486 489
232 109 24
233 198 337
234 342 758
234 316 480
235 498 567
236 98 371
236 169 776
236 90 149
236 409 481
237 471 372
238 554 492
239 353 889
240 229 833
240 138 912
241 53 974
242 301 648
243 398 351
243 171 409
243 181 631
244 70 598
245 518 409
246 562 641
247 26 451
247 472 706
248 201 522
249 383 783
250 302 943
250 113 77
251 358 400
251 405 868
252 18 808
252 14 628
253 576 866
254 278 695
254 565 264
254 100 1
254 185 34
255 534 294
255 499 530
255 88 774
255 195 293
256 540 204
257 290 823
258 481 950
259 145 115
260 143 77
261 212 633
262 434 19
263 136 770
264 533 89
264 83 992
264 19 720
264 329 373
265 556 425
265 492 684
266 505 488
266 405 814
266 520 134
267 235 164
268 362 840
268 185 859
269 95 472
269 422 152
270 183 323
270 484 554
270 95 515
271 437 1
271 68 809
272 20 742
273 142 528
274 17 94
274 581 524
274 378 119
274 538 842
275 588 654
275 305 782
276 536 921
276 411 443
277 490 782
277 100 703
277 7 968
278 455 197
278 381 690
278 90 90
278 499 718
279 454 163
279 472 926
280 82 736
281 498 783
282 480 317
282 376 804
283 110 541
283 250 17
283 536 721
283 258 108
283 149 440
284 244 305
285 303 470
286 592 916
286 130 880
286 323 997
286 361 655
286 514 911
286 597 388
286 548 877
286 58 17
286 111 172
286 503 975
286 230 373
287 548 133
287 589 709
287 442 406
287 268 442
288 505 438
289 411 208
290 341 356
290 474 374
291 540 271
291 179 726
292 99 188
292 394 602
292 266 756
292 533 927
293 147 949
294 31 948
294 484 507
295 128 608
295 435 797
296 461 646
296 564 840
296 542 338
297 148 361
297 192 976
298 517 676
299 504 925
300 96 393
301 47 47
301 77 137
302 421 250
303 526 638
304 534 404
305 305 955
305 250 199
305 174 799
305 14 264
306 460 47
307 38 943
307 585 133
307 87 385
308 332 854
309 578 557
309 438 656
310 368 899
311 153 225
312 25 818
312 531 15
313 209 225
314 330 895
314 482 550
314 394 802
315 312 961
316 413 533
317 246 65
317 21 965
317 380 607
318 321 362
319 26 920
320 291 526
321 479 558
321 201 204
321 241 884
321 371 556
322 338 421
322 368 422
322 186 165
322 309 4
323 444 351
324 476 579
324 220 680
325 519 397
325 584 151
325 13 237
325 229 560
325 37 353
326 550 477
327 239 444
327 270 679
328 184 897
328 242 862
329 415 488
330 558 264
330 154 835
330 475 999
331 352 469
331 414 887
331 160 500
331 208 719
332 20 49
333 206 85
334 242 980
335 202 3
336 477 84
337 209 763
337 404 563
337 295 776
337 275 921
337 497 11
338 310 240
339 121 712
340 487 444
341 302 779
341 458 20
342 147 806
343 52 777
343 40 350
343 463 560
343 441 795
343 600 63
344 80 628
345 264 163
346 63 898
347 198 851
348 1 41
349 58 166
349 537 516
350 1 310
351 225 808
351 197 361
351 479 969
351 578 679
352 34 946
353 562 870
353 450 330
353 137 769
354 526 970
354 395 754
354 573 868
354 411 196
355 366 185
355 224 950
356 331 66
356 466 796
356 179 445
356 448 485
357 514 499
357 498 175
357 58 525
357 142 999
357 65 255
357 75 948
358 373 515
358 350 957
359 538 146
359 83 380
360 474 953
361 477 993
362 319 66
363 306 974
364 68 559
365 216 141
366 235 510
366 568 692
366 288 273
367 134 391
367 439 114
368 544 946
369 455 702
370 532 468
371 458 629
372 483 631
373 529 846
373 4 623
374 592 874
375 366 243
375 32 662
376 503 934
377 544 861
378 521 641
379 140 279
380 84 252
381 44 904
381 374 821
382 119 341
382 451 780
382 213 447
383 119 77
384 330 819
385 452 963
385 476 268
385 66 433
385 174 349
386 62 880
386 335 632
386 307 616
387 358 359
387 332 169
388 115 586
388 60 573
389 422 959
390 558 411
391 466 779
391 442 294
392 588 659
393 368 694
394 457 260
394 289 496
394 202 818
394 310 836
395 236 593
396 494 43
396 369 475
396 244 248
397 279 231
398 306 591
398 463 687
399 429 638
399 561 869
400 183 513
400 403 158
400 163 72
401 600 116
401 538 660
401 169 688
402 38 552
402 147 437
403 464 491
404 472 455
405 325 382
406 191 585
407 31 277
407 111 148
408 543 222
409 517 710
409 440 725
409 172 793
410 50 242
410 598 998
410 245 72
411 535 2
412 554 231
413 24 472
414 197 564
415 258 923
415 414 492
416 221 183
417 333 877
418 158 551
419 86 557
419 114 991
420 18 204
420 326 686
421 267 804
422 579 432
422 559 278
422 472 619
423 358 325
424 468 24
425 201 58
425 99 389
425 9 5
425 166 606
426 222 635
427 167 568
427 200 770
428 345 209
429 159 83
430 393 928
431 60 461
432 421 653
432 493 362
432 92 449
432 576 285
432 196 69
433 281 615
433 493 680
434 533 943
434 237 163
435 497 901
435 39 279
435 169 342
435 580 330
435 92 498
436 369 75
437 306 989
437 75 339
438 428 575
438 537 638
439 406 344
439 414 416
440 395 981
440 578 336
441 549 390
441 15 916
442 438 729
443 233 207
444 153 979
445 600 531
445 12 364
445 441 863
445 244 489
445 99 102
445 362 543
446 119 396
446 91 877
447 494 592
448 332 985
449 361 104
450 268 518
451 259 280
451 348 101
452 509 754
453 358 841
453 135 901
453 529 862
454 39 840
455 439 840
456 32 995
457 441 989
457 580 482
458 85 978
458 574 582
458 340 335
458 527 495
458 524 475
458 321 947
459 435 391
460 354 914
461 124 921
462 126 859
463 92 188
464 64 592
464 54 38
465 498 538
465 230 347
465 358 539
465 434 519
465 357 543
465 598 290
466 59 812
467 243 850
467 106 18
467 412 513
467 562 899
467 402 873
467 348 137
468 107 932
469 546 804
470 181 292
471 491 971
471 186 877
472 445 151
473 389 73
473 102 255
474 46 134
474 112 494
474 126 689
475 508 728
476 268 929
477 482 168
477 361 959
478 172 916
479 405 496
479 440 378
479 290 814
480 45 223
481 96 366
482 378 13
483 514 668
484 39 640
484 214 890
484 455 288
485 69 581
486 393 9
487 319 783
488 117 645
489 134 560
489 165 19
490 309 265
491 71 629
492 597 378
493 254 974
493 294 185
494 315 230
495 546 452
496 37 61
497 91 867
497 494 128
497 362 682
497 383 739
498 221 666
499 274 10
500 74 575
500 37 699
501 431 815
501 63 176
501 318 480
501 222 130
502 6 356
503 141 568
504 580 571
505 53 732
505 378 411
505 92 321
505 451 328
506 143 356
506 455 391
506 234 260
507 287 424
508 465 840
509 582 20
510 479 222
510 146 136
511 237 11
511 210 326
512 314 841
512 333 768
513 333 839
514 568 425
515 165 251
516 480 606
517 519 230
517 574 165
518 320 47
519 309 116
520 566 833
521 261 250
522 534 964
522 276 197
522 530 17
523 116 617
524 595 454
525 471 815
526 277 12
526 294 202
526 94 229
526 104 191
526 425 807
526 566 533
527 598 386
528 15 711
529 430 536
529 165 644
530 8 611
530 565 424
530 507 105
530 377 23
530 462 304
531 296 281
531 68 587
532 125 967
533 515 275
534 150 541
535 342 988
535 366 209
535 299 379
536 576 165
537 55 733
537 85 713
538 432 210
539 579 830
540 502 305
540 215 249
540 24 916
540 367 262
540 416 706
540 546 150
540 464 2
540 386 141
540 327 305
541 235 691
542 91 376
543 315 733
543 320 700
543 138 355
544 142 433
544 151 706
545 391 539
545 98 162
545 423 12
546 410 64
547 510 732
548 218 380
548 275 395
549 594 283
550 329 992
550 105 652
550 575 319
550 545 48
550 75 845
551 300 757
552 340 362
553 186 631
554 469 642
555 209 18
556 219 42
556 295 219
556 192 661
557 568 479
557 505 608
557 469 360
558 471 217
558 222 286
558 337 638
559 235 944
559 375 626
560 479 690
561 594 798
562 180 181
563 346 560
564 39 750
564 476 179
565 240 573
565 490 790
565 381 725
565 544 92
566 457 953
567 399 249
567 430 490
568 566 694
569 268 694
570 127 855
570 544 400
571 255 249
571 111 41
571 154 844
571 104 202
571 6 719
571 279 502
571 426 912
572 452 645
572 173 12
573 480 222
574 121 17
574 145 321
574 506 196
575 564 410
575 125 301
576 226 237
577 154 26
578 201 423
579 535 464
580 587 268
580 572 320
581 596 261
581 97 963
581 302 80
582 345 725
583 55 934
583 524 747
583 176 296
583 229 334
584 447 280
585 476 924
586 574 664
586 549 345
587 549 677
587 61 381
587 274 120
588 498 618
588 318 838
589 58 399
590 276 948
591 559 673
591 482 321
591 211 636
592 281 6
592 299 961
592 141 482
592 251 319
593 500 127
594 210 239
595 164 79
595 156 777
595 73 607
596 207 40
596 545 755
596 108 486
596 74 428
597 250 779
598 74 657
598 423 505
598 576 210
598 74 713
599 498 633
600 441 218
600 585 9
600 426 941
601 353 847
602 348 677
603 479 43
604 389 796
604 105 175
605 333 619
605 597 423
606 429 836
607 216 815
608 421 675
609 523 296
610 359 873
610 573 200
610 64 998
610 99 657
611 25 397
611 474 753
611 152 755
611 209 82
612 557 687
613 490 299
613 132 439
613 15 90
613 342 818
614 127 690
614 334 967
614 212 407
614 404 217
614 597 953
615 362 416
616 152 222
617 313 515
617 420 436
617 142 95
618 506 270
618 525 675
619 66 454
620 219 793
621 44 147
621 361 1
622 55 564
622 7 859
623 441 627
624 167 877
624 164 178
624 547 261
624 363 957
625 534 521
625 471 940
626 326 409
626 176 711
627 164 757
628 561 422
628 287 525
629 462 68
629 103 564
630 356 859
630 588 652
631 137 565
632 524 771
633 185 343
633 557 690
633 264 328
634 162 153
634 433 73
635 465 256
636 379 828
636 523 766
637 174 40
638 254 244
638 296 159
638 507 356
639 483 152
639 508 578
640 556 253
640 225 859
640 146 917
641 326 615
642 290 988
642 442 207
642 65 893
643 131 92
643 304 88
643 451 274
644 288 708
645 308 126
645 423 266
645 561 326
646 373 453
647 142 323
648 69 312
648 289 214
649 441 24
649 579 372
650 91 37
650 451 400
651 91 583
652 32 165
652 210 426
652 103 888
652 49 167
652 339 903
652 154 179
653 236 707
653 321 639
654 329 533
655 112 14
655 122 53
656 33 477
656 510 96
657 213 178
658 428 567
659 211 56
660 262 42
661 480 397
662 505 255
662 321 385
662 518 493
663 323 686
663 190 722
664 117 154
665 381 782
665 338 680
666 590 346
667 466 96
667 315 341
668 218 769
668 15 803
669 540 603
670 567 471
671 51 918
672 365 362
673 51 977
674 475 855
674 147 216
674 152 771
675 182 326
675 102 459
675 92 147
675 272 808
675 307 210
676 316 591
677 429 952
677 277 185
677 366 244
678 264 851
679 360 701
680 210 881
681 189 663
681 214 384
682 492 814
682 299 696
683 272 114
684 404 871
685 361 505
685 173 607
686 45 925
686 210 752
687 338 613
687 233 861
688 397 696
688 205 551
689 534 247
690 111 364
691 102 127
691 485 714
692 180 110
692 36 795
692 145 717
693 481 915
693 90 55
693 41 654
694 325 100
694 554 1000
694 184 333
695 420 245
696 158 973
697 256 102
697 484 573
697 409 865
697 308 807
698 303 473
698 101 850
699 455 528
700 45 442
700 544 496
700 315 697
700 147 120
700 137 422
701 579 476
702 442 794
702 210 367
703 348 864
703 527 46
704 407 175
704 94 572
704 415 726
704 44 209
705 88 120
705 407 953
706 374 363
707 204 910
708 360 793
708 28 763
709 306 374
710 206 931
710 325 703
710 152 968
711 512 621
711 206 645
711 307 153
712 306 552
712 141 259
713 327 829
713 465 562
714 245 629
715 162 375
715 168 29
716 508 61
717 20 837
718 479 487
718 304 83
719 240 15
719 15 102
720 340 285
720 445 120
721 220 852
722 14 919
722 455 905
722 268 866
722 87 369
722 265 721
723 475 759
724 25 886
724 245 56
725 526 27
725 138 73
725 52 80
726 44 373
727 315 873
728 253 931
728 85 173
728 75 552
729 564 268
730 142 541
731 117 170
731 282 862
731 475 883
732 545 827
733 291 38
734 331 208
735 5 207
735 443 29
736 309 200
737 437 721
738 252 860
739 567 673
739 480 717
739 223 509
739 54 354
739 430 661
739 557 581
739 296 628
739 236 779
740 3 174
740 361 272
741 63 806
741 349 688
742 214 513
742 589 341
743 465 814
743 457 24
743 207 713
743 165 42
744 189 121
745 260 350
746 230 222
747 357 84
748 368 26
748 477 942
748 16 191
749 496 927
750 408 563
750 21 404
750 55 120
751 364 462
752 579 644
753 246 732
754 554 660
754 513 370
755 155 450
755 376 172
755 568 844
756 4 273
756 477 774
756 524 131
756 176 631
757 225 917
757 363 50
758 360 973
759 492 697
760 130 314
761 362 674
761 511 645
762 600 111
762 578 147
763 398 82
763 487 144
764 280 861
765 69 199
766 178 170
767 117 639
767 146 924
767 22 470
767 359 444
767 78 944
768 98 748
769 72 878
770 51 566
771 459 68
772 11 493
773 329 419
774 286 543
774 324 594
774 137 735
775 269 617
775 547 217
775 340 292
775 309 668
775 151 545
776 451 451
777 24 607
778 175 973
778 8 753
779 432 518
780 119 227
780 568 353
781 452 421
782 311 240
783 169 818
783 484 928
783 568 301
784 139 860
784 528 216
785 368 508
786 223 700
786 53 23
786 84 462
786 280 257
787 452 698
788 172 456
788 328 123
788 82 992
788 49 544
788 549 471
789 585 122
790 14 653
790 110 138
791 471 555
792 334 235
792 327 78
793 247 607
794 504 662
795 304 730
796 521 13
796 406 645
796 7 12
796 239 435
797 342 666
797 359 882
798 275 143
799 232 64
799 23 367
799 55 307
800 500 857
801 339 785
802 296 90
803 56 726
803 577 482
803 160 811
804 149 354
805 600 311
805 526 573
806 256 267
806 317 266
806 253 166
806 343 794
807 228 148
807 502 393
807 418 276
808 445 584
808 412 827
809 59 736
809 96 484
810 228 278
810 92 953
810 11 141
810 474 295
810 87 446
810 164 57
810 195 404
810 20 378
811 412 6
811 443 516
811 343 820
812 208 981
812 227 506
812 595 821
812 248 646
812 392 716
812 88 545
813 59 619
814 143 147
814 508 386
815 151 748
816 501 801
816 97 664
817 87 166
818 19 874
818 356 658
819 123 93
819 230 568
819 34 870
819 285 404
819 335 753
820 531 694
821 217 85
821 294 360
822 449 848
823 511 687
823 157 597
824 600 624
825 174 676
825 556 380
825 503 253
825 599 820
826 67 315
826 465 421
826 394 242
827 367 698
827 585 208
827 171 558
828 159 966
829 163 454
829 554 4
829 267 299
830 495 302
830 162 509
831 166 952
831 453 947
831 423 320
832 438 312
832 95 173
832 596 71
833 449 3
833 506 793
834 275 543
834 60 931
834 391 813
835 428 709
835 124 24
836 114 693
836 349 87
837 296 419
838 64 28
838 294 845
839 125 48
839 123 627
839 194 898
840 49 311
841 342 337
841 306 675
842 452 689
842 409 413
842 552 528
843 500 348
843 14 773
844 483 155
845 528 272
845 471 11
846 112 101
847 421 968
848 40 355
849 287 369
850 133 400
850 95 68
851 237 748
852 488 761
853 179 431
854 530 796
854 418 262
855 459 324
855 306 415
855 2 677
855 462 449
856 513 146
857 84 779
857 204 303
858 119 427
859 138 395
860 321 219
861 8 73
861 266 371
862 168 574
863 107 773
863 320 561
863 497 384
863 252 425
864 382 827
864 48 424
864 249 70
864 153 573
865 335 407
866 239 245
867 198 521
868 445 270
869 10 917
869 183 213
869 574 733
869 529 515
870 5 143
870 270 969
871 237 107
871 218 490
871 553 306
871 400 753
872 324 53
873 528 908
873 53 735
874 106 536
875 48 90
876 115 5
876 29 791
877 137 394
877 10 162
878 575 519
879 307 303
880 536 915
881 146 845
881 531 97
882 319 608
883 246 882
883 468 212
883 578 498
883 586 217
884 480 427
885 377 455
885 554 24
886 173 462
887 324 363
887 38 360
887 348 709
888 136 157
888 432 93
888 86 791
888 599 675
888 152 290
888 555 617
889 216 28
889 554 929
890 348 28
890 441 884
891 377 530
892 340 110
893 40 925
893 576 116
893 420 250
893 363 339
894 99 237
894 46 818
894 578 878
894 358 141
895 119 521
895 495 984
895 523 720
895 246 693
896 229 65
896 58 29
896 215 548
896 165 544
897 120 29
897 477 646
898 560 756
899 389 462
899 115 793
900 96 933
901 289 67
901 131 408
902 149 112
902 543 337
902 354 58
902 267 498
903 461 5
903 432 549
904 523 190
904 111 900
904 499 770
904 76 798
905 368 406
906 489 473
906 274 771
907 335 725
908 507 586
909 172 175
909 223 722
910 264 133
911 318 117
912 140 890
913 563 502
914 161 409
914 371 174
915 343 851
915 378 591
916 490 854
916 31 140
916 201 45
916 255 610
917 262 473
918 455 611
918 116 314
919 132 721
920 165 102
920 479 223
920 9 554
921 272 917
921 50 680
922 368 200
923 112 812
923 208 542
923 530 833
923 23 617
923 599 313
924 187 337
925 272 302
926 321 390
927 314 576
928 571 298
929 169 142
930 64 456
930 583 446
930 357 760
931 480 375
932 63 623
932 100 356
932 487 124
933 584 302
934 50 47
934 93 500
934 383 248
934 208 614
934 63 601
934 26 267
935 579 773
936 261 48
936 106 920
937 210 778
938 448 503
939 386 753
939 166 997
940 288 718
941 356 532
942 422 53
943 66 186
944 36 487
944 11 323
944 471 873
944 268 877
945 396 361
946 42 258
947 240 433
947 514 201
947 201 719
947 140 141
948 589 132
948 351 865
948 517 525
949 385 998
950 377 253
951 231 953
952 410 304
953 437 672
954 372 8
955 521 213
956 543 333
956 139 645
956 186 906
956 489 44
957 419 490
958 286 855
958 275 980
958 406 548
959 292 418
960 121 124
961 37 823
961 226 629
961 201 691
961 70 666
961 483 121
962 423 172
963 547 331
963 93 952
964 462 651
965 97 403
965 431 478
966 276 915
966 446 386
967 258 157
967 323 405
968 226 801
968 485 842
969 496 427
970 145 326
971 130 737
972 167 812
972 227 13
972 500 569
973 503 735
973 466 9
974 487 167
974 543 616
974 476 349
974 6 334
975 54 657
975 359 98
976 278 454
977 70 338
977 408 508
978 451 250
978 129 620
979 150 210
980 421 21
980 384 243
981 290 436
981 349 476
981 301 474
981 39 788
981 77 668
982 267 608
982 27 196
982 202 23
983 159 975
984 570 600
985 105 746
986 473 325
986 122 472
987 43 545
988 328 891
989 305 23
990 97 307
990 292 124
990 292 649
991 474 270
991 391 95
992 338 945
993 542 1000
993 255 161
994 378 911
995 241 832
996 90 681
997 396 616
998 597 32
998 363 809
999 170 940
999 558 562
1000 226 14
1001 339 239
1001 49 556
1002 598 426
1003 276 319
1003 314 230
1004 319 381
1004 542 845
1005 565 958
1005 343 546
1006 431 214
1006 88 736
1007 309 167
1007 245 730
1008 130 716
1008 552 501
1009 493 543
1010 484 817
1010 264 420
1011 84 553
1012 296 651
1013 560 415
1014 565 75
1014 401 730
1015 308 542
1016 384 730
1017 80 877
1017 562 682
1018 526 628
1018 9 414
1018 96 107
1018 581 132
1019 467 734
1019 511 405
1019 553 82
1019 547 511
1019 133 447
1020 302 936
1021 258 123
1022 312 116
1022 63 240
1022 561 349
1023 242 821
1024 87 914
1025 189 858
1026 270 513
1026 272 63
1026 500 919
1026 599 727
1026 435 17
1027 383 653
1028 237 656
1029 369 628
1030 50 478
1031 433 147
1031 44 189
1031 362 242
1031 478 379
1031 257 463
1032 8 463
1032 577 396
1032 387 418
1032 15 211
1032 574 334
1032 300 407
1032 124 664
1032 489 129
1032 99 328
1033 482 674
1034 111 681
1034 170 722
1035 147 638
1035 237 454
1036 390 620
1037 310 73
1038 242 534
1038 288 554
1039 416 789
1040 2 744
1041 192 215
1042 306 258
1042 268 206
1042 251 239
1042 136 125
1043 192 815
1043 137 172
1044 333 826
1045 350 865
1045 261 734
1046 202 158
1047 112 164
1048 395 103
1048 545 819
1049 486 670
1050 171 868
1050 378 392
1051 530 599
1052 8 499
1053 371 892
1053 99 385
1054 281 118
1055 396 555
1055 596 772
1056 239 847
1056 524 29
1057 254 890
1057 594 967
1058 177 728
1058 301 200
1059 16 248
1059 510 331
1060 519 999
1061 172 427
1061 132 187
1062 232 943
1063 496 179
1063 396 704
1063 80 727
1063 493 314
1064 24 969
1064 189 913
1065 431 316
1065 595 882
1065 342 918
1065 294 490
1066 460 480
1066 569 798
1067 43 440
1067 203 6
1068 515 419
1068 584 543
1069 133 171
1069 565 232
1069 202 101
1069 187 405
1070 410 810
1071 364 963
1071 332 263
1071 482 267
1072 215 487
1073 343 568
1073 115 464
1073 332 310
1074 292 706
1074 271 354
1075 341 167
1075 147 113
1076 90 514
1076 24 768
1076 337 48
1076 299 195
1076 531 293
1076 89 307
1076 200 582
1076 508 66
1076 110 253
1077 52 254
1077 356 670
1077 142 484
1078 559 439
1078 582 685
1078 147 88
1079 60 431
1079 370 927
1079 193 207
1080 477 474
1081 531 346
1082 519 240
1082 264 787
1083 67 34
1083 430 980
1084 405 943
1085 171 980
1085 283 926
1085 143 248
1085 11 165
1086 133 992
1086 496 878
1087 334 457
1088 200 280
1089 274 572
1090 47 209
1091 434 624
1092 507 536
1093 207 285
1094 422 652
1095 215 107
1095 51 314
1095 403 613
1096 262 324
1097 369 117
1097 254 297
1098 493 383
1098 95 48
1098 259 282
1099 203 755
1099 397 875
1099 11 816
1099 567 144
1099 127 165
1100 475 874
1100 462 120
1101 359 273
1102 415 913
1102 484 767
1102 266 318
1103 442 748
1103 404 339
1103 274 834
1103 482 20
1104 375 863
1105 279 270
1106 552 887
1107 343 311
1107 244 906
1107 526 229
1107 254 396
1107 554 198
1107 524 339
1107 123 12
1108 463 69
1109 418 328
1109 311 333
1110 85 241
1110 480 537
1111 67 998
1111 554 359
1111 155 466
1112 490 10
1113 69 287
1113 334 200
1113 261 131
1114 147 381
1115 574 968
1116 211 2
1116 20 10
1117 164 481
1117 160 489
1117 323 980
1117 349 62
1117 400 450
1118 497 786
1119 563 91
1120 261 739
1120 219 128
1120 598 814
1121 348 69
1122 165 267
1122 224 310
1123 456 603
1124 281 487
1125 201 245
1126 361 266
1126 27 32
1126 107 328
1127 558 142
1128 448 286
1129 515 847
1130 105 523
1130 270 817
1130 531 172
1131 133 6
1131 251 697
1132 476 500
1132 504 793
1132 109 95
1133 172 856
1133 553 707
1133 463 291
1134 528 617
1134 410 152
1135 7 778
1136 476 74
1137 7 864
1137 78 696
1138 531 163
1139 55 721
1139 36 411
1139 467 655
1140 242 754
1141 461 226
1141 152 523
1142 106 849
1142 444 328
1142 18 792
1143 76 953
1144 49 488
1145 484 512
1145 261 631
1145 68 915
1146 154 771
1146 582 304
1147 46 736
1148 332 60
1148 593 242
1148 375 38
1149 17 781
1150 397 683
1150 150 830
1150 94 1
1151 483 23
1151 77 562
1152 125 8
1152 515 402
1153 572 628
1154 127 770
1155 588 611
1156 532 897
1157 397 759
1157 511 524
1157 453 999
1158 581 442
1158 118 789
1159 569 242
1160 176 715
1160 379 634
1161 300 129
1162 350 899
1163 454 424
1164 370 889
1165 431 388
1165 357 218
1165 492 926
1166 22 220
1167 559 942
1167 167 306
1168 88 144
1169 62 774
1170 356 227
1171 66 921
1172 531 269
1172 20 649
1173 167 606
1173 376 783
1173 437 384
1173 306 124
1174 13 975
1174 166 893
1175 444 797
1176 411 493
1176 351 654
1176 177 583
1176 18 931
1176 576 744
1177 558 506
1178 276 376
1178 333 149
1178 172 99
1178 413 154
1179 562 59
1179 541 220
1179 317 762
1180 9 932
1180 424 499
1181 52 151
1181 550 758
1181 7 60
1181 189 61
1182 83 759
1183 492 58
1184 47 75
1184 476 979
1184 322 869
1184 365 797
1184 19 837
1184 92 76
1184 73 900
1184 150 781
1184 475 633
1184 157 237
1185 182 519
1185 378 329
1185 396 436
1186 287 598
1186 520 834
1187 332 782
1187 219 86
1187 324 634
1187 550 945
1188 315 294
1189 501 183
1189 537 423
1190 501 596
1190 140 425
1190 261 187
1190 32 846
1191 287 669
1191 201 324
1191 567 443
1191 126 977
1192 274 377
1193 298 154
1194 509 76
1195 272 678
1196 163 915
1197 92 306
1197 294 175
1198 585 640
1199 45 151
1199 581 706
1200 433 588
1200 148 307
1201 332 660
1202 209 751
1203 38 280
1204 58 796
1205 235 717
1205 351 532
1205 304 659
1206 144 461
1207 166 164
1208 330 603
1209 527 109
1209 555 82
1209 183 193
1210 551 576
1210 253 587
1211 594 91
1212 520 983
1212 157 869
1213 373 925
1213 363 307
1214 535 377
1214 575 3
1214 378 578
1214 140 360
1214 244 825
1214 103 303
1215 589 295
1216 302 879
1216 14 805
1217 305 146
1217 65 863
1218 281 868
1218 454 661
1219 88 978
1220 200 481
1221 276 414
1222 316 891
1223 539 621
1223 225 449
1223 231 872
1223 453 956
1224 32 83
1224 219 483
1224 501 745
1224 570 259
1224 506 787
1225 130 659
1226 55 851
1226 299 961
1227 479 804
1227 487 605
1228 452 962
1229 44 51
1229 111 586
1230 427 841
1231 508 995
1231 42 257
1232 406 704
1233 360 973
1233 37 146
1233 474 986
1234 556 940
1234 44 307
1234 266 313
1234 90 252
1235 288 447
1235 503 997
1235 403 551
1235 153 560
1235 594 838
1235 154 494
1235 284 135
1235 584 972
1236 403 524
1237 340 510
1237 501 167
1238 385 162
1238 156 610
1238 99 619
1238 410 232
1239 203 324
1239 590 119
1240 458 183
1241 165 594
1241 509 723
1242 29 484
1242 97 909
1242 215 117
1242 212 8
1243 166 775
1243 85 762
1243 95 730
1243 447 623
1243 161 627
1243 54 430
1244 348 371
1245 220 786
1245 531 21
1246 57 626
1247 591 215
1248 440 839
1249 141 490
1249 159 204
1250 140 793
1250 34 876
1251 530 71
1252 575 730
1252 561 151
1253 534 405
1254 373 920
1254 293 11
1255 268 446
1256 443 286
1257 380 172
1257 388 460
1258 304 636
1258 599 522
1258 146 304
1259 142 816
1259 251 77
1259 447 99
1259 291 887
1259 201 336
1259 517 119
1259 11 393
1260 431 487
1261 403 396
1261 285 179
1262 544 755
1262 89 756
1263 553 22
1263 184 861
1263 454 173
1264 55 817
1265 483 892
1265 227 354
1265 391 999
1266 40 810
1266 461 147
1266 89 524
1266 148 277
1266 457 212
1267 230 169
1267 442 275
1267 226 64
1268 370 422
1269 256 618
1269 496 67
1270 530 203
1271 534 934
1272 186 515
1273 362 181
1274 167 262
1275 42 151
1275 116 859
1276 450 910
1276 475 566
1277 434 366
1278 330 523
1278 592 610
1278 522 827
1279 45 476
1279 45 129
1279 485 252
1279 529 414
1279 446 298
1279 464 615
1280 260 35
1281 177 847
1282 465 11
1283 587 479
1284 175 813
1285 36 84
1285 233 223
1286 556 626
1287 143 703
1288 150 352
1289 515 720
1289 268 802
1289 405 288
1289 597 519
1290 202 111
1290 424 112
1291 388 491
1291 249 698
1291 532 763
1291 584 202
1292 220 951
1293 489 731
1293 162 405
1294 575 219
1295 191 473
1296 591 365
1297 148 415
1298 465 653
1299 112 12
1300 295 982
1300 23 846
1300 592 795
1300 414 361
1301 131 601
1302 90 917
1302 143 193
1302 164 61
1303 551 367
1304 482 662
1304 29 709
1304 101 590
1304 479 701
1304 306 794
1305 97 906
1305 466 719
1306 197 263
1307 356 123
1308 436 560
1309 512 188
1310 57 790
1310 413 806
1310 129 974
1310 389 419
1310 234 54
1311 563 185
1311 164 89
1312 500 597
1313 226 336
1314 79 776
1314 571 197
1314 540 756
1315 71 648
1316 78 799
1317 86 693
1317 161 52
1317 43 548
1318 57 225
1319 262 761
1319 244 433
1319 529 892
1320 78 356
1320 269 214
1321 31 822
1322 489 610
1323 76 130
1324 211 563
1324 250 858
1324 36 669
1325 441 6
1326 289 129
1327 389 430
1328 570 880
1328 84 754
1328 289 787
1329 386 353
1330 556 478
1330 227 83
1330 88 309
1330 350 227
1331 150 863
1331 169 419
1332 491 796
1333 234 524
1334 337 448
1334 469 635
1335 224 823
1335 479 125
1336 457 324
1336 272 303
1336 262 674
1337 262 475
1338 130 297
1338 155 201
1338 432 385
1338 568 718
1338 122 694
1338 175 845
1338 238 582
1338 40 357
1339 471 252
1339 237 245
1339 356 167
1339 145 471
1339 53 883
1339 8 110
1340 160 830
1341 167 927
1341 559 816
1342 580 333
1342 118 726
1343 321 100
1344 23 864
1345 14 107
1345 195 966
1346 175 341
1347 583 154
1347 111 644
1348 495 295
1348 581 897
1348 178 169
1349 223 201
1350 512 119
1350 206 272
1351 153 787
1351 442 648
1351 31 582
1352 590 628
1352 452 665
1353 332 164
1353 82 335
1354 337 379
1355 234 363
1355 520 580
1356 199 625
1357 301 865
1357 282 954
1357 556 881
1357 429 667
1357 463 500
1358 304 408
1358 441 563
1359 395 286
1359 489 51
1360 585 752
1360 281 210
1361 300 46
1361 238 362
1361 413 236
1361 309 665
1361 403 187
1361 480 471
1362 293 169
1362 444 955
1362 92 570
1363 36 739
1363 554 210
1364 330 242
1364 433 5
1364 288 764
1364 409 841
1364 413 791
1365 219 861
1366 145 647
1366 50 690
1366 281 374
1366 20 928
1366 30 241
1366 247 840
1366 369 172
1366 566 696
1367 527 952
1368 462 948
1368 401 821
1369 284 482
1369 230 595
1369 368 347
1370 120 8
1371 330 318
1371 221 198
1372 366 644
1373 157 89
1373 381 776
1374 532 64
1375 199 769
1376 397 324
1376 272 618
1377 561 316
1377 467 386
1377 396 958
1378 125 394
1378 100 552
1379 190 574
1379 573 725
1380 40 187
1381 474 207
1381 368 475
1382 429 472
1382 365 778
1382 42 489
1383 413 983
1383 408 969
1384 172 902
1384 175 239
1384 164 577
1385 437 996
1386 363 589
1386 551 715
1386 398 100
1386 462 869
1386 163 25
1387 452 899
1388 314 130
1389 353 890
1389 466 895
1390 554 418
1390 471 241
1390 528 356
1390 426 495
1390 312 498
1391 404 65
1391 581 93
1391 375 447
1391 217 843
1391 427 276
1392 350 79
1393 119 203
1394 341 947
1394 131 798
1395 465 85
1396 402 333
1397 322 846
1397 526 901
1398 57 263
1398 375 71
1398 466 883
1398 362 394
1399 11 594
1400 388 408
1400 56 9
1401 486 273
1402 89 586
1403 134 763
1403 156 654
1403 437 737
1403 588 834
1404 389 699
1404 163 716
1404 551 241
1404 146 661
1404 459 107
1405 337 621
1405 573 451
1405 355 175
1406 49 981
1406 387 574
1407 292 335
1408 325 842
1409 392 810
1410 20 531
1410 202 514
1411 482 226
1412 577 437
1412 300 839
1412 591 448
1413 593 571
1414 429 499
1414 42 933
1414 45 372
1414 38 328
1414 121 143
1415 126 395
1416 456 608
1417 254 925
1418 529 308
1418 121 940
1419 6 775
1420 430 373
1420 491 868
1420 434 880
1421 372 95
1422 480 206
1423 304 503
1424 357 151
1425 574 185
1426 416 976
1427 596 749
1428 522 764
1428 141 231
1429 414 377
1429 282 145
1429 453 593
1429 351 342
1430 525 380
1431 177 57
1431 560 919
1431 58 443
1431 451 600
1431 519 622
1431 9 568
1431 378 751
1431 325 474
1432 160 315
1433 475 940
1434 101 694
1435 252 830
1436 482 864
1437 548 563
1437 88 945
1437 262 790
1438 559 577
1439 110 508
1440 223 306
1440 391 656
1440 20 706
1440 85 258
1441 423 356
1442 326 755
1443 497 711
1444 426 390
1444 284 877
1444 506 994
1444 467 193
1444 382 94
1445 151 909
1446 305 48
1446 450 301
1446 420 385
1447 305 272
1447 392 489
1447 457 577
1448 416 197
1448 596 475
1448 221 562
1448 296 626
1448 327 156
1449 155 327
1449 398 115
1450 130 571
1451 337 931
1451 104 957
1451 154 470
1451 240 155
1452 250 100
1452 481 928
1452 2 113
1453 344 769
1453 180 392
1454 506 149
1455 54 322
1456 401 328
1456 181 504
1457 97 317
1458 405 343
1458 367 109
1458 162 107
1458 95 295
1459 215 50
1459 589 652
1460 8 9
1461 365 725
1462 385 129
1462 14 733
1462 308 703
1463 429 727
1464 595 335
1464 529 617
1464 522 568
1465 330 373
1466 433 41
1467 424 57
1468 115 234
1469 142 153
1470 306 153
1470 374 891
1471 35 438
1472 319 999
1473 132 637
1474 180 253
1474 519 283
1474 359 625
1475 441 175
1475 294 722
1476 122 819
1476 455 614
1477 379 781
1477 560 140
1478 21 229
1478 162 802
1478 74 613
1478 431 766
1479 508 571
1480 204 137
1481 29 153
1482 57 104
1482 341 929
1482 581 115
1483 376 109
1483 4 594
1484 402 676
1484 463 92
1485 513 986
1485 141 955
1486 242 295
1486 473 444
1486 343 296
1487 544 888
1488 566 691
1489 415 946
1489 321 832
1489 489 216
1489 421 165
1490 500 175
1490 541 527
1491 412 75
1491 445 105
1492 410 991
1493 296 58
1494 374 241
1495 571 307
1495 490 238
1496 576 217
1497 126 692
1498 397 405
1498 374 437
1498 422 181
1498 586 61
1498 490 824
1498 128 59
1498 91 217
1499 590 579
1499 511 709
1499 435 350
1500 51 125
1500 576 442
1500 124 193
1501 515 950
1502 538 171
1502 87 95
1503 90 224
1504 8 227
1504 363 973
1505 7 973
1506 145 231
1506 58 217
1506 412 48
1507 70 546
1507 128 830
1507 409 646
1507 242 127
1508 64 123
1508 135 982
1509 580 920
1509 401 164
1510 360 707
1510 321 989
1511 411 309
1512 428 294
1512 457 466
1513 492 694
1513 156 357
1513 292 212
1514 471 744
1514 39 351
1515 321 900
1516 342 505
1516 142 37
1517 360 818
1517 287 849
1517 205 580
1517 340 965
1517 545 471
1517 446 432
1518 62 499
1519 322 477
1520 382 504
1521 471 300
1521 504 884
1522 520 46
1523 302 684
1523 168 557
1523 552 312
1524 489 408
1525 115 693
1526 97 284
1527 578 956
1528 457 616
1528 50 852
1528 438 577
1528 489 398
1529 313 736
1529 456 736
1529 594 550
1529 232 729
1529 290 654
1530 451 450
1530 177 43
1531 315 900
1531 364 848
1531 378 264
1532 446 243
1532 590 466
1532 448 555
1532 325 62
1533 428 158
1534 283 96
1535 82 83
1536 76 529
1537 331 6
1537 168 937
1537 525 188
1538 168 821
1538 459 197
1538 335 595
1539 126 491
1540 587 563
1541 423 905
1541 387 424
1542 39 878
1543 442 907
1543 536 235
1543 178 603
1543 316 84
1543 342 587
1544 441 357
1544 292 470
1544 317 257
