600 1000 50 10 3000
76 82
13 57
35 95
76 62
25 41
64 59
70 86
52 10
56 75
77 14
53 47
65 12
40 49
63 35
74 78
75 2
12 40
12 47
87 40
62 13
82 26
24 4
64 77
66 73
52 43
39 5
42 4
18 34
54 33
69 80
63 96
34 75
37 46
74 24
87 36
89 21
15 14
77 31
43 43
56 95
38 95
52 80
52 22
66 58
7 35
38 22
83 24
97 20
71 24
97 10
12 38
83 79
52 60
11 95
55 19
42 93
67 47
73 19
21 39
77 29
26 67
51 61
91 1
34 14
76 89
21 59
69 74
71 32
21 26
51 16
19 70
63 44
89 36
35 18
65 13
85 69
75 29
22 9
43 99
92 72
88 13
31 9
39 55
41 13
33 45
29 53
15 44
49 57
80 37
75 98
2 13
19 77
94 41
38 89
92 82
61 80
48 45
42 87
0 35
0 33
80 81
38 48
77 40
5 58
77 32
8 79
45 79
9 39
72 99
29 64
82 42
96 82
87 38
69 87
74 22
73 6
55 63
3 11
43 32
44 3
64 41
82 25
33 54
24 14
18 58
56 66
40 96
5 62
35 31
36 8
37 43
72 44
76 27
55 71
60 51
74 76
45 8
1 30
62 77
96 32
36 52
51 28
0 56
42 36
39 30
44 76
74 68
20 2
96 28
74 8
31 0
36 76
9 37
58 23
14 54
8 2
59 59
31 59
67 25
95 6
56 92
34 30
60 7
84 8
87 10
68 18
11 4
47 72
93 5
47 60
62 71
18 45
30 85
71 78
43 79
70 78
61 82
85 45
43 72
56 63
42 19
20 89
43 13
47 42
73 59
50 36
30 68
33 60
6 4
38 1
83 60
79 44
43 16
42 38
40 98
1 35
69 21
24 12
35 23
54 60
82 56
48 12
77 82
25 35
86 15
36 22
76 68
18 71
84 60
9 77
58 10
12 79
84 88
91 71
64 98
31 46
54 80
11 83
62 88
18 0
3 55
22 31
23 41
2 59
1 63
36 12
26 0
43 10
41 35
81 5
85 64
3 91
44 14
75 6
2 93
59 58
48 81
89 23
74 44
83 28
59 19
92 85
72 35
47 13
22 28
70 7
93 73
99 89
88 74
48 42
67 7
0 68
40 42
91 15
38 74
43 97
46 87
83 70
22 82
83 45
11 5
52 56
78 3
97 18
77 45
61 97
52 13
17 93
7 60
60 45
35 3
95 33
90 30
3 64
9 75
43 14
83 73
69 81
92 99
26 5
96 31
70 65
24 78
25 36
75 12
39 70
45 81
0 0
97 13
90 59
40 85
73 24
59 94
5 3
93 31
8 41
14 78
6 90
8 84
26 84
96 17
54 94
50 7
94 48
72 37
7 12
22 32
36 81
26 41
84 20
25 44
61 39
75 68
82 83
52 8
67 0
26 22
94 76
29 41
76 53
78 83
65 0
15 2
34 42
95 70
62 20
15 75
12 90
95 46
73 99
54 93
0 32
15 94
9 96
35 37
49 65
21 14
66 36
68 0
30 64
22 44
36 37
20 0
79 15
46 5
15 53
98 15
85 65
61 46
13 49
84 62
14 5
28 32
93 49
84 24
65 7
20 1
96 40
54 76
56 0
33 23
5 31
90 91
48 51
37 61
52 73
75 67
30 55
99 24
4 84
0 69
91 20
23 39
13 77
67 21
29 0
44 35
83 34
78 31
37 67
44 90
41 19
57 71
75 8
47 79
44 47
1 87
20 24
27 33
53 94
54 34
95 50
69 30
84 99
62 73
67 58
63 8
78 20
79 53
81 79
84 25
26 37
13 98
13 40
83 66
34 89
1 81
39 22
12 75
22 26
49 41
84 12
49 14
85 80
19 66
59 4
43 38
93 56
36 7
96 20
25 83
61 78
64 1
53 28
28 27
6 77
68 43
42 17
57 79
49 77
97 9
33 40
99 78
97 87
59 63
28 21
41 45
22 94
25 2
73 32
32 41
27 74
10 84
5 60
13 2
21 98
42 20
77 39
7 62
77 65
40 19
62 14
65 88
16 39
72 48
80 99
22 91
35 79
3 49
81 24
47 24
96 24
15 3
39 52
22 16
70 62
87 84
76 5
72 45
44 96
93 76
47 68
19 83
47 22
84 29
98 83
5 94
60 72
50 51
25 24
39 7
31 67
12 56
12 8
4 6
84 52
26 56
87 73
78 71
54 29
6 59
23 66
32 25
69 9
50 37
8 89
96 91
8 8
47 21
16 4
79 52
56 5
8 43
30 39
66 85
68 24
96 43
91 28
69 60
89 71
49 97
12 97
89 20
57 88
41 25
92 20
78 0
77 38
95 8
29 13
93 81
70 14
93 59
9 49
92 50
21 50
38 63
75 83
35 53
35 65
44 31
73 73
96 18
23 34
7 68
15 29
34 9
41 71
4 50
72 96
0 93
46 90
8 74
25 96
27 61
61 23
44 34
97 40
52 72
27 11
93 74
3 34
45 7
36 17
56 88
62 54
28 4
67 8
17 28
31 61
14 80
53 18
81 92
23 74
18 78
60 15
38 96
84 94
84 47
0 15
18 81
71 85
89 88
65 72
1 79
53 54
97 5
35 30
50 10
5 68
88 17
84 26
14 68
72 50
15 73
17 33
54 88
70 95
28 35
67 29
66 20
84 15
26 71
46 76
81 3
44 69
20 80
48 86
49 20
89 64
45 6
46 75
60 14
57 26
86 41
42 12
64 40
40 45
43 37
14 63
17 62
50 18
35 39
35 80
97 85
32 44
57 78
72 17
44 29
22 90
95 86
30 88
31 73
77 97
88 46
65 47
27 27
37 11
71 46
42 43
16 86
24 64
69 46
54 17
32 84
57 15
9 34
13 97
88 97
49 51
44 38
63 68
85 5
63 53
43 40
17 65
86 71
34 71
7 91
86 16
77 99
65 9
59 0
23 60
52 19
99 67
24 3
89 19
43 6
84 81
29 18
52 88
4 38
90 21
48 19
27 7
19 50
19 23
69 18
42 9
54 66
64 95
86 7
53 22
40 82
93 93
70 54
93 26
45 27
52 17
77 71
92 98
90 35
7 96
53 23
92 39
30 97
14 23
80 7
16 2
61 52
81 6
78 81
99 76
8 3
45 37
75 37
87 17
72 95
65 26
18 9
17 1
7 31
24 39
90 92
41 4
96 22
10 74
55 62
2 15
52 92
85 40
9 9
87 75
87 57
84 57
10 43
40 86
82 31
30 24
35 26
98 97
11 55
69 29
3 74
21 40
66 83
1 5
10 41
14 46
98 25
90 38
63 72
21 94
48 56
72 47
6 25
53 17
81 74
46 36
0 20
28 66
3 29
23 13
70 90
59 68
15 49
59 30
74 80
76 22
89 49
69 95
74 74
64 55
49 11
43 49
31 71
68 86
53 43
99 23
33 10
44 0
12 55
31 86
35 7
8 24
8 30
71 83
56 36
90 5
99 34
7 82
5 75
68 58
18 19
34 4
81 30
4 93
85 87
31 20
47 92
97 55
74 20
38 30
56 81
15 43
89 72
70 9
83 40
28 17
44 62
99 49
55 84
88 87
56 35
79 5
91 53
26 81
83 82
90 77
66 31
2 36
41 85
77 21
54 21
83 53
78 45
46 9
51 89
14 77
71 49
59 33
73 1
63 39
76 26
50 5
99 4
78 35
9 1
26 46
64 56
91 62
17 94
52 83
71 75
32 83
8 57
84 23
97 69
88 73
47 90
30 99
46 8
34 55
9 60
53 25
68 97
88 85
91 92
68 63
67 52
46 27
10 82
51 7
52 91
32 51
34 62
50 32
70 84
88 32
96 93
9 64
90 97
1 34
41 69
97 60
74 95
88 84
77 91
43 81
33 68
89 35
53 11
72 41
95 68
86 5
85 77
54 86
11 96
56 60
56 30
55 96
66 32
39 9
66 74
36 51
94 25
86 47
88 58
40 84
79 27
41 64
50 19
88 34
48 54
18 40
15 36
14 51
87 60
28 74
60 17
84 0
53 63
79 94
27 35
89 78
54 85
36 85
37 77
19 37
31 90
77 47
26 43
50 66
56 79
40 16
48 76
68 1
40 48
95 19
35 36
97 90
21 86
27 10
63 47
0 46
89 77
45 67
73 96
33 29
27 25
97 75
2 65
76 94
65 23
13 1
11 63
43 85
49 70
95 64
10 58
25 56
78 98
4 11
79 31
37 76
6 91
93 34
85 59
57 50
60 68
13 55
5 14
25 1
78 95
48 41
5 73
97 83
23 53
47 2
84 36
30 42
27 24
28 64
35 85
14 95
5 80
2 11
94 27
64 25
74 12
38 15
67 61
68 14
50 98
46 29
93 9
11 60
56 68
40 58
11 12
60 77
96 98
92 64
78 79
64 81
78 62
10 52
36 56
14 99
16 70
68 8
29 99
94 19
47 6
57 28
44 20
40 74
0 5
7 78
82 8
26 96
7 94
67 27
2 48
27 48
67 26
54 50
85 42
30 94
70 26
14 10
1 14
44 39
30 79
47 56
75 54
2 94
94 61
5 61
39 11
64 24
53 46
70 75
73 84
38 26
51 57
73 2
50 28
48 84
84 43
97 41
53 20
12 58
19 34
34 92
18 24
18 21
81 4
69 78
21 95
73 47
49 75
27 98
59 11
53 49
44 58
22 8
68 41
42 54
33 13
34 12
59 55
90 33
3 15
32 4
91 59
2 50
22 47
59 27
85 19
64 6
60 58
71 91
48 58
3 59
65 45
92 68
60 76
73 51
35 27
54 58
75 65
85 72
20 23
43 36
29 3
95 41
0 18
32 0
28 87
14 93
80 87
96 68
67 50
78 42
67 63
66 88
38 9
76 19
64 23
61 16
42 45
16 22
33 27
16 65
31 31
10 64
84 37
9 62
31 77
17 16
58 93
35 74
17 48
90 11
46 6
33 79
34 50
33 7
33 55
14 17
45 75
79 76
52 57
26 21
15 60
11 84
61 1
95 7
60 80
86 46
82 34
15 15
41 49
23 7
66 68
83 98
44 87
55 70
9 80
7 76
92 70
12 5
23 59
12 83
39 50
81 22
85 97
46 12
86 64
80 69
56 69
99 17
1 58
45 94
28 57
51 52
16 16
87 8
66 69
30 3
82 64
80 16
89 43
93 97
12 93
67 66
51 12
22 63
84 90
79 23
98 98
92 80
1 10
52 35
26 36
55 7
52 96
2 98
94 66
91 13
32 94
74 99
8 10
90 87
34 88
37 78
69 39
41 73
26 19
9 82
78 13
30 80
11 24
99 54
37 31
49 15
28 75
14 36
38 56
75 72
45 13
2 66
4 43
39 82
63 0
74 29
71 73
83 61
56 84
28 84
12 94
51 48
74 48
13 76
14 69
72 5
51 35
28 70
51 38
51 84
71 79
68 83
41 59
25 6
88 91
75 60
96 78
47 53
75 13
30 27
62 55
87 62
69 13
55 6
90 96
66 67
2 54
58 29
66 6
7 13
59 6
79 21
61 66
79 38
88 21
86 6
40 40
12 50
56 29
35 32
1 6
2 63
30 82
4 51
27 39
33 58
30 74
31 16
80 71
9 93
21 78
71 29
59 15
96 94
47 97
84 51
44 88
54 71
27 88
81 57
62 12
26 94
35 35
65 59
37 25
74 33
82 24
98 3
46 52
26 26
92 7
35 6
71 13
48 88
66 66
99 55
91 25
40 14
98 23
91 73
70 50
31 68
54 30
72 32
8 65
92 43
71 63
57 72
74 57
23 12
96 66
38 88
33 88
61 33
74 45
1 80
65 35
91 57
30 14
72 39
39 46
97 52
39 72
16 87
91 54
75 76
95 39
72 26
53 26
59 80
52 24
67 43
33 98
57 57
37 96
4 86
0 95
11 17
82 2
23 57
78 18
96 30
27 21
56 32
47 67
13 99
94 28
86 20
52 42
58 52
37 69
21 19
23 97
76 1
83 94
46 92
79 45
59 92
44 55
76 90
83 59
93 69
11 37
50 0
59 71
19 82
20 48
36 88
25 19
34 23
63 13
68 23
57 64
30 34
54 13
93 47
35 24
45 98
13 95
99 72
18 70
7 39
70 43
27 95
14 13
27 38
53 36
2 83
70 8
96 15
8 31
82 5
0 81
3 36
9 74
31 36
2 40
24 29
78 77
12 88
41 8
55 1
92 47
54 26
7 33
25 62
22 34
36 53
23 58
99 77
98 75
58 28
4 75
13 16
63 7
8 21
18 15
21 6
7 98
68 29
85 57
35 8
15 86
37 65
62 95
45 18
70 59
87 86
66 64
37 75
41 36
49 63
42 8
61 62
38 46
19 73
6 34
59 43
51 73
38 97
44 61
56 31
47 74
47 4
0 84
31 42
20 32
57 14
40 70
28 30
55 75
34 15
71 86
40 61
83 84
15 69
25 17
98 8
11 70
40 20
36 33
91 65
63 60
13 19
35 47
85 26
20 20
63 42
11 30
64 80
45 41
50 43
50 61
66 42
34 2
75 25
67 39
10 72
80 96
79 17
74 51
38 37
93 1
20 9
82 65
51 32
8 1
45 74
29 19
56 96
29 72
14 61
20 45
78 94
96 16
84 41
18 4
69 2
55 81
56 98
13 85
69 69
81 31
63 10
3 77
23 23
74 2
70 22
18 6
63 88
62 66
40 83
68 76
12 23
58 20
74 71
5 43
27 55
6 58
27 28
32 45
86 48
14 26
31 83
55 95
58 13
16 32
36 73
28 80
36 14
37 20
39 95
31 66
75 15
63 61
63 49
28 44
13 83
40 23
48 8
81 36
16 94
43 4
60 32
25 99
80 8
65 55
23 28
30 30
17 58
27 82
93 19
5 93
27 13
29 60
1 97
6 44
29 27
87 82
16 62
63 85
53 93
68 70
3 95
4 48
41 93
23 70
67 12
21 69
78 50
48 96
11 87
78 28
38 33
78 41
28 82
41 94
87 68
45 24
57 18
45 35
21 46
83 32
33 14
12 87
43 46
11 21
39 92
15 78
68 20
23 65
44 80
35 89
67 56
87 51
41 21
17 53
83 3
76 14
91 32
47 29
32 62
7 0
17 78
62 52
20 30
9 7
81 2
80 50
55 41
26 39
96 1
38 73
58 37
76 18
89 11
0 58
41 63
10 61
93 71
73 53
28 81
46 54
72 43
55 10
39 73
84 49
67 51
0 87 391
0 367 828
1 453 972
2 102 135
3 158 498
4 349 88
5 319 93
5 535 15
6 367 272
6 48 630
6 8 576
6 213 184
7 32 909
7 583 169
8 429 377
8 367 907
8 455 810
9 526 479
10 472 618
10 374 9
11 519 329
12 493 733
12 489 208
12 137 626
12 155 878
13 147 510
13 10 129
13 460 71
13 480 428
14 421 184
15 212 701
15 336 696
16 316 461
16 362 905
17 537 659
17 412 195
18 190 133
18 393 859
18 448 730
18 172 373
18 107 696
18 352 529
19 417 110
19 214 662
19 571 930
19 426 405
19 63 187
20 182 446
20 448 593
21 350 704
22 302 603
23 185 328
23 357 644
24 271 988
24 9 638
24 405 815
24 447 144
24 82 905
24 521 274
24 209 853
25 250 436
26 583 286
26 65 822
27 98 201
28 514 84
28 575 446
29 585 619
29 523 819
29 8 584
29 457 674
30 511 510
31 163 718
31 599 375
31 70 471
32 436 217
33 422 250
33 93 554
34 255 788
34 322 343
34 328 492
34 483 309
35 442 312
35 208 434
35 544 22
35 146 756
35 105 362
35 76 365
36 101 694
36 393 622
36 105 377
37 565 296
38 362 26
39 63 877
39 12 345
39 415 10
39 139 633
39 172 723
39 315 334
39 415 693
39 426 773
39 348 972
40 377 238
41 343 822
41 396 68
42 439 525
42 349 510
43 291 200
43 93 14
44 338 353
45 314 246
45 248 715
46 463 347
46 383 674
46 307 342
47 346 741
48 542 211
48 529 417
49 445 172
49 450 681
49 261 795
50 286 316
51 141 615
51 36 694
51 249 812
52 492 166
52 139 189
52 334 75
53 192 897
53 470 64
54 320 652
54 73 224
54 440 470
54 102 713
55 405 933
56 202 419
56 54 629
56 439 147
56 127 516
56 238 415
57 186 903
57 38 293
57 33 196
58 436 348
58 35 277
59 496 375
59 197 849
60 375 243
61 541 684
61 116 520
62 260 254
62 261 535
63 441 191
64 257 669
64 98 115
64 432 63
64 269 911
64 63 982
64 197 683
64 89 909
65 325 20
66 220 110
66 350 534
67 335 767
67 386 296
68 403 452
68 454 791
68 526 13
69 560 741
70 46 605
70 378 36
71 326 349
72 536 237
72 540 362
72 128 215
73 50 77
74 470 40
74 428 936
75 361 603
76 193 590
76 579 986
76 263 886
77 277 91
77 359 380
78 56 884
79 124 991
79 48 516
79 571 681
80 533 438
80 588 983
80 402 252
80 484 399
80 453 346
80 305 438
80 326 762
80 52 113
81 256 222
81 585 666
81 586 657
82 224 347
83 73 793
83 30 585
83 491 260
83 7 630
83 373 46
83 215 609
83 360 913
83 544 506
83 238 575
84 490 517
85 232 865
86 429 801
87 411 227
87 458 517
88 587 441
89 131 710
90 51 124
91 76 384
92 254 977
92 366 726
93 304 974
94 371 619
95 400 164
96 222 75
97 370 889
98 301 54
99 557 257
99 424 405
100 209 305
101 450 144
102 344 482
103 81 235
104 154 424
105 5 178
106 291 388
106 565 317
107 281 639
108 357 702
108 516 243
108 272 889
108 234 680
109 216 170
110 183 793
110 503 750
111 251 711
111 252 74
112 500 126
112 394 894
113 96 229
113 514 79
113 2 718
113 79 237
114 427 598
115 165 95
115 551 877
115 287 591
115 268 513
116 307 939
116 127 742
116 401 52
117 586 563
117 575 916
118 171 423
118 102 56
119 283 257
119 34 947
119 76 23
120 294 703
120 12 422
120 408 450
121 305 245
121 144 765
122 490 811
122 528 490
122 132 162
122 333 642
122 399 553
123 70 105
123 418 301
124 467 337
125 437 742
126 22 97
127 32 771
127 524 152
127 259 898
128 370 838
128 453 593
129 285 126
130 110 300
131 218 274
132 27 768
132 75 528
133 403 920
133 487 713
133 119 752
133 88 710
133 560 290
134 286 428
135 39 717
135 12 555
136 3 902
136 141 923
137 259 342
138 556 697
138 442 486
139 215 901
140 19 182
140 402 994
141 506 266
141 170 146
142 242 223
142 72 901
143 587 992
144 82 34
145 284 293
146 515 26
146 67 588
147 32 722
147 260 940
148 99 821
148 197 221
149 26 405
150 327 805
151 587 214
152 559 413
152 439 973
152 74 585
152 72 732
153 457 338
154 379 322
154 473 896
154 186 821
154 210 107
155 71 431
156 223 63
156 58 151
157 523 976
158 343 347
159 406 278
159 488 454
160 1 295
160 597 823
160 84 42
160 97 494
161 535 487
162 431 461
163 215 395
163 545 973
164 551 802
164 296 208
165 555 379
166 446 507
167 145 117
168 481 255
169 173 60
170 151 22
171 268 984
172 314 409
173 552 313
173 408 827
173 168 143
174 26 485
174 94 885
174 129 618
175 409 887
175 293 325
176 239 937
176 534 343
177 6 194
177 593 898
177 465 288
177 126 557
177 93 875
177 212 404
177 38 134
177 245 206
177 316 65
178 322 664
178 207 326
179 110 221
180 62 348
181 186 220
181 488 279
182 552 578
182 302 940
183 598 768
183 189 283
184 87 865
184 431 430
185 110 671
186 548 757
187 8 400
187 538 187
187 534 776
188 586 786
189 21 847
189 460 989
189 62 615
190 370 856
191 443 597
191 196 58
192 66 148
193 254 386
194 348 520
194 388 6
195 27 245
196 421 344
196 464 792
196 115 208
197 383 823
198 412 411
198 146 43
198 324 43
199 308 774
200 521 635
201 472 715
202 390 762
203 275 174
203 309 56
204 311 629
204 486 382
204 371 92
204 86 111
204 323 684
204 385 592
204 128 232
204 568 2
204 224 898
204 427 476
205 45 129
206 544 5
207 45 626
208 24 302
208 527 985
208 386 127
209 561 420
210 28 91
211 64 594
212 67 413
213 222 530
213 272 331
213 185 359
214 331 187
214 597 342
215 469 859
215 317 661
216 552 698
216 181 833
217 508 867
217 417 169
217 304 506
218 553 833
218 392 443
218 75 840
218 39 186
218 329 299
218 520 837
218 538 466
218 113 238
219 72 666
220 239 406
221 559 229
221 104 89
221 250 994
222 91 394
222 464 659
223 576 390
223 457 935
224 3 268
224 20 182
225 301 300
226 411 259
226 125 842
227 262 436
228 433 578
228 228 554
229 416 978
230 557 2
230 434 171
231 485 994
232 83 729
232 316 445
232 189 667
233 571 524
234 98 465
234 175 520
235 281 539
236 597 158
236 139 365
237 582 20
237 88 34
237 82 190
237 461 922
237 509 2
237 530 105
238 349 751
238 262 326
238 101 312
239 234 748
240 589 145
240 398 488
240 92 105
240 103 380
241 424 821
242 565 545
242 325 336
243 377 517
244 396 411
245 386 547
246 560 794
246 539 720
246 374 913
246 203 378
246 81 410
247 71 988
248 315 912
249 315 878
249 521 200
249 61 855
250 435 241
251 205 810
252 130 109
253 519 566
254 492 307
255 424 291
255 309 46
255 467 271
255 478 676
255 225 20
256 582 52
257 421 961
257 454 406
258 239 835
258 578 747
259 188 745
260 394 845
260 250 221
260 31 616
260 342 652
261 567 199
261 539 973
261 110 294
262 410 601
262 305 479
262 356 693
262 368 696
263 70 671
264 335 177
264 144 508
265 498 634
266 581 316
267 345 847
267 496 351
267 32 586
267 249 713
267 357 440
267 513 861
267 84 597
267 190 483
267 412 743
268 80 203
269 15 734
270 449 586
270 539 580
271 320 185
271 60 228
272 418 945
273 88 120
274 166 580
275 537 963
275 119 850
276 73 733
277 357 256
278 126 754
279 150 434
279 61 477
280 146 456
280 248 706
281 373 821
282 564 338
283 316 93
283 132 225
283 354 98
283 381 808
284 378 222
284 303 600
284 571 718
285 258 540
285 173 84
285 330 507
285 67 772
286 343 59
287 217 173
288 310 566
288 345 128
289 258 490
290 128 861
291 272 714
291 587 794
291 502 941
292 121 759
293 443 424
294 34 268
294 453 79
294 266 876
294 12 477
294 15 181
294 62 396
294 27 59
294 593 933
295 537 984
295 152 126
295 445 404
295 117 269
295 405 213
296 60 241
296 240 659
296 464 410
297 249 630
298 262 165
298 503 917
299 7 961
299 386 442
300 1 365
300 36 66
300 517 35
300 540 904
301 254 513
301 19 971
302 233 166
302 469 501
303 270 537
303 220 162
304 479 613
305 51 744
305 111 693
305 105 134
305 146 213
305 83 117
305 330 498
305 558 350
305 478 833
305 286 538
305 572 590
305 21 829
305 91 355
305 554 412
305 163 861
305 57 665
306 540 523
307 583 15
307 139 666
307 84 533
307 63 714
307 508 739
307 151 735
307 290 157
307 262 333
308 416 613
308 451 262
309 372 790
310 66 927
311 269 482
312 64 767
313 288 848
314 513 361
314 61 639
315 378 973
316 35 734
316 420 808
317 272 414
318 203 557
318 60 906
318 560 243
319 52 297
319 65 694
319 113 183
320 384 420
321 131 734
322 2 390
322 393 284
322 360 268
323 581 533
323 248 607
323 366 25
324 446 631
324 193 615
325 75 862
325 492 183
325 417 19
326 408 16
327 273 374
328 75 647
329 577 313
330 493 485
330 511 22
330 108 236
331 310 983
332 239 932
333 87 980
334 499 860
335 33 908
335 573 958
335 327 973
336 158 873
337 281 842
337 495 964
338 504 832
339 117 28
340 9 907
340 455 361
341 582 339
341 147 326
341 589 299
341 142 516
341 148 861
342 372 872
342 155 868
343 578 604
344 221 698
344 587 198
345 438 746
346 5 136
346 59 23
346 261 874
346 443 214
346 153 724
346 65 848
347 194 839
347 74 373
348 379 214
348 194 245
349 121 443
350 27 832
350 156 997
350 204 781
350 41 998
351 32 482
352 548 102
353 44 952
353 466 679
353 313 748
354 265 529
354 311 795
354 478 580
355 70 507
356 148 745
357 462 315
358 257 207
358 21 414
359 546 188
359 449 884
360 381 389
360 47 458
360 172 674
361 246 575
361 285 165
361 193 805
362 28 11
363 560 779
363 264 880
363 403 433
364 294 285
365 379 682
366 401 679
366 339 225
367 245 635
367 129 117
368 37 185
369 280 254
370 546 385
371 525 806
372 163 256
372 360 763
372 10 802
373 221 719
374 427 923
375 140 363
375 173 555
376 16 430
377 261 249
378 36 783
379 123 442
380 100 747
381 61 474
382 273 988
382 363 283
383 197 134
384 301 103
384 523 410
384 433 493
384 289 634
384 344 395
384 163 823
385 46 677
385 221 465
385 526 400
386 586 523
386 327 893
387 262 638
387 421 764
388 249 261
388 96 943
389 434 953
389 516 206
389 500 477
389 58 737
390 498 890
391 463 347
391 36 273
391 228 136
392 134 532
392 313 45
393 27 487
393 444 248
394 575 812
394 344 967
394 60 752
395 549 270
395 498 550
395 102 766
396 463 141
396 268 335
397 418 330
398 468 994
399 563 833
400 589 314
401 130 104
401 244 750
402 49 787
402 478 497
402 27 789
402 562 419
403 484 494
404 293 269
404 516 622
405 14 959
406 386 598
406 580 698
407 341 787
407 259 970
407 51 961
407 152 892
407 478 231
407 441 396
407 560 89
408 222 909
408 144 649
408 125 699
408 573 961
408 109 503
409 95 901
409 3 880
409 367 611
409 225 512
410 153 414
410 233 415
411 67 923
412 398 86
412 461 509
412 343 196
413 144 275
414 277 403
414 16 569
414 515 780
414 165 862
415 46 955
415 466 2
415 258 965
416 35 968
417 296 813
417 248 383
418 58 396
419 351 656
419 69 682
420 439 417
421 169 423
422 217 648
422 479 966
423 114 184
423 60 200
423 272 700
423 340 692
423 58 537
424 468 615
424 36 138
425 152 915
426 217 347
427 318 515
427 358 790
428 338 544
429 308 481
429 265 811
429 319 796
429 34 839
429 109 673
430 352 532
431 31 690
431 159 888
432 472 268
432 214 909
433 511 474
434 405 610
435 421 877
435 6 747
436 516 278
437 112 437
438 153 421
438 96 877
439 342 976
440 241 20
440 517 116
441 13 323
442 425 327
442 264 151
442 198 344
442 372 589
442 225 927
443 566 733
444 101 895
444 186 787
445 217 255
446 476 599
446 308 970
447 472 741
448 37 893
449 281 524
449 556 336
449 154 307
450 555 910
451 577 201
451 558 500
452 374 128
452 153 121
453 67 86
454 452 652
455 87 811
455 592 986
456 155 976
456 329 912
457 161 459
457 320 290
457 110 137
458 500 466
459 192 177
460 113 418
461 517 993
462 576 401
463 154 831
464 239 776
465 539 809
466 155 174
466 565 925
466 376 904
466 202 419
467 378 193
468 433 282
469 443 213
469 232 378
470 48 846
470 504 101
471 56 776
472 261 255
473 255 774
473 116 263
473 361 780
474 20 537
475 549 863
476 561 752
476 600 54
477 434 96
477 385 500
477 453 603
477 533 545
478 78 285
479 314 564
480 3 75
481 357 746
482 195 786
482 442 608
482 500 547
482 426 863
483 149 756
483 351 769
483 365 244
484 23 823
485 97 881
486 164 127
486 256 113
487 383 513
487 587 841
488 355 102
489 430 77
490 597 638
490 66 262
491 170 78
492 427 156
493 17 663
493 157 262
493 89 102
494 503 761
494 41 482
495 308 924
496 532 496
496 214 675
496 364 617
497 371 212
498 504 310
499 526 446
499 269 400
500 47 454
501 242 486
501 169 327
501 344 179
502 72 462
502 576 324
502 490 536
503 537 761
504 353 376
504 18 730
504 98 509
505 553 211
506 481 848
507 94 129
507 432 552
507 305 828
507 505 709
508 384 471
509 458 383
510 17 377
510 390 110
511 191 567
512 541 137
513 53 107
513 479 903
514 597 93
515 372 186
516 136 464
516 37 406
517 303 27
518 537 786
519 516 116
519 587 805
520 469 157
521 48 849
521 77 516
522 517 513
523 161 116
524 502 616
524 116 246
524 416 864
525 394 981
526 286 829
527 518 892
528 492 875
529 276 902
530 201 664
531 217 511
532 274 127
533 256 1
533 472 8
534 489 97
534 587 587
535 155 956
535 141 27
535 7 248
535 236 35
536 237 331
536 455 454
536 512 928
536 365 504
537 66 763
538 167 309
539 392 588
540 244 432
541 210 678
542 151 905
542 280 289
542 594 663
542 473 602
543 296 306
543 165 452
544 323 929
544 186 895
544 272 351
544 69 871
544 472 431
545 94 536
545 217 572
546 267 257
546 39 390
546 404 735
546 331 161
546 182 321
546 138 46
546 467 258
547 9 273
547 545 344
548 545 423
549 317 861
550 217 59
550 90 591
550 310 302
550 434 202
551 260 836
552 85 439
553 185 83
553 491 988
553 377 106
553 98 424
553 305 214
554 522 170
554 362 630
555 242 310
556 175 579
556 469 773
556 350 41
557 103 384
557 199 348
557 134 849
557 466 753
557 600 906
557 88 361
557 347 499
558 597 48
558 580 448
558 256 829
558 126 223
559 242 8
559 138 382
560 230 929
560 266 708
560 3 543
561 123 195
561 529 391
562 541 442
563 311 664
563 282 964
564 162 275
565 530 418
565 72 37
566 41 48
566 248 597
566 82 310
566 71 726
567 96 126
568 256 406
568 428 923
569 28 757
570 378 388
570 584 874
571 36 617
572 229 438
573 543 647
573 380 871
573 467 24
574 150 307
574 28 763
574 542 239
574 461 239
574 57 892
575 258 506
575 175 877
575 283 382
576 136 87
577 590 810
578 117 684
578 198 928
579 590 682
579 525 564
580 94 685
581 251 373
582 298 404
583 157 851
584 522 971
584 575 73
584 301 21
584 265 716
584 550 262
585 449 644
586 99 852
587 421 759
588 177 974
589 550 341
589 324 469
590 31 875
591 297 731
592 489 491
593 334 995
593 322 614
593 10 237
593 34 864
594 171 671
594 316 495
594 446 561
594 75 165
595 132 65
595 318 984
595 280 992
595 384 602
595 442 353
596 162 504
597 257 342
597 429 231
597 534 194
598 222 297
598 542 146
599 16 89
600 496 123
600 162 800
600 193 945
601 313 154
602 477 192
603 112 965
603 268 556
604 356 618
604 351 974
605 141 237
606 172 204
606 89 578
607 392 851
608 532 936
608 264 319
609 494 411
610 597 816
610 472 264
611 364 361
612 399 259
612 394 367
612 432 931
613 219 955
614 551 254
615 598 976
616 249 570
617 305 730
617 381 27
617 349 710
618 4 272
619 428 929
620 434 194
621 352 685
622 341 280
622 441 902
623 172 910
624 83 320
624 535 905
624 420 342
625 404 884
625 187 439
626 169 574
627 103 802
628 141 695
628 585 178
629 414 708
629 33 269
629 139 254
629 454 97
629 598 730
630 318 168
630 481 723
630 481 829
630 538 446
631 233 601
632 301 2
633 476 208
633 528 407
634 309 419
635 24 702
636 218 677
636 44 90
637 537 291
638 532 922
638 62 410
639 587 24
639 483 612
640 539 22
640 17 41
640 13 14
640 237 588
640 169 853
640 255 316
640 330 73
641 32 792
641 439 483
642 248 981
642 305 526
642 230 355
643 160 198
643 153 727
644 378 658
644 414 173
644 17 151
644 215 619
645 250 267
646 285 618
647 16 35
647 138 105
648 279 886
649 358 16
650 247 703
651 375 801
651 191 998
651 501 487
652 64 270
653 585 984
653 231 861
653 217 554
654 61 308
655 431 986
656 550 166
657 332 270
658 191 561
659 133 481
660 318 958
661 75 17
661 299 149
662 412 522
662 346 817
662 427 899
663 529 118
664 478 848
664 218 28
665 370 735
666 93 573
667 335 960
667 39 909
668 517 28
669 327 167
670 38 733
670 207 300
671 546 176
672 559 582
672 351 345
673 52 497
673 525 325
674 2 92
674 515 596
675 256 321
676 312 549
677 433 489
677 354 615
677 351 339
677 195 544
678 416 800
679 363 44
680 100 237
681 25 29
681 219 639
682 455 134
683 33 778
684 230 79
685 132 358
686 192 281
686 238 519
686 26 89
687 372 374
688 213 752
689 176 110
689 516 1000
689 187 88
690 280 740
691 286 913
692 243 192
693 360 621
694 459 482
694 464 838
695 215 540
696 360 457
697 416 127
697 470 531
697 433 651
698 39 407
698 184 929
698 421 47
698 217 650
698 410 159
699 30 820
700 580 315
700 192 191
701 363 826
702 47 536
702 87 660
702 286 549
702 199 695
702 47 814
702 493 173
703 525 770
704 137 367
704 481 448
704 345 660
704 183 429
705 390 531
706 354 444
707 534 73
708 524 165
708 200 724
709 10 471
709 254 809
710 158 727
710 244 296
710 337 534
711 268 627
712 349 424
712 370 780
713 532 807
714 536 559
714 457 277
715 331 444
716 151 239
717 30 968
717 322 499
717 569 584
718 582 909
718 497 516
718 355 852
719 592 254
719 404 34
719 561 357
720 19 596
720 469 453
720 394 801
721 67 406
721 61 657
722 9 869
722 2 882
723 307 241
723 483 617
723 55 877
724 303 60
725 99 8
725 197 207
726 216 766
727 519 183
727 366 70
728 436 274
728 522 484
729 336 313
729 314 415
730 92 427
730 115 710
731 342 294
732 174 546
732 136 940
732 321 780
733 227 110
734 57 748
735 151 75
735 273 540
736 443 3
736 147 918
736 530 328
737 428 562
738 250 334
738 330 141
738 479 50
738 225 357
739 45 154
739 151 798
739 150 567
739 588 538
739 244 664
739 354 593
740 280 20
741 84 172
741 339 690
742 302 738
743 293 253
743 159 362
744 198 896
745 298 764
745 37 443
745 526 937
745 97 332
746 520 518
746 111 960
746 554 692
746 414 637
747 224 652
747 401 392
748 390 840
748 499 368
748 313 225
748 489 258
749 138 791
750 375 757
750 98 83
751 558 473
751 564 740
752 97 669
753 199 362
754 210 74
755 107 316
755 385 501
755 359 533
755 20 429
755 156 589
756 268 242
757 73 985
757 56 368
757 328 321
757 442 928
758 211 185
758 152 472
759 391 31
759 340 204
759 450 48
760 264 895
760 62 788
760 353 477
761 127 908
762 397 813
762 244 833
763 94 155
764 30 545
765 596 874
765 446 587
766 220 233
767 506 205
768 555 444
768 207 172
768 201 254
768 559 365
769 211 750
769 18 223
769 371 486
770 458 35
771 562 893
771 319 472
772 487 793
773 431 750
773 568 574
774 400 929
774 505 15
775 89 85
775 590 388
775 405 491
776 18 567
777 20 598
777 400 76
778 184 791
778 592 938
779 203 112
780 88 609
780 466 365
780 87 440
781 503 511
781 10 604
781 297 103
781 236 80
782 41 369
782 85 258
782 211 974
783 362 827
783 205 664
784 189 346
784 452 553
785 292 583
785 173 266
785 230 174
785 465 612
786 40 472
786 84 943
786 510 879
786 508 125
787 367 684
787 7 558
787 546 555
788 554 695
788 64 55
789 385 286
789 327 102
789 235 163
789 278 616
789 492 627
789 64 526
790 454 281
791 341 752
792 583 277
793 370 648
794 57 311
794 68 447
795 110 236
796 165 794
796 378 867
797 39 422
797 68 901
797 88 67
798 432 156
798 536 429
798 432 962
799 504 831
799 463 21
799 547 976
800 396 921
800 381 245
800 141 66
800 522 925
800 562 146
801 442 267
801 409 977
802 218 875
803 311 68
803 132 552
803 145 118
804 73 308
805 74 547
806 136 159
806 335 580
806 397 801
806 87 318
807 190 353
807 376 864
808 127 531
809 547 793
809 433 52
810 417 702
811 559 212
811 190 33
811 382 77
811 444 482
811 3 390
812 130 761
812 441 936
813 113 801
814 381 598
814 524 743
815 316 895
816 135 723
816 391 256
816 395 548
817 462 24
817 177 537
818 358 407
819 535 532
819 266 940
820 190 792
820 510 45
821 145 485
822 311 586
822 536 520
823 162 86
824 88 500
825 293 987
825 94 838
825 596 456
826 321 776
827 290 928
828 288 728
828 526 514
829 472 901
830 473 857
830 220 340
831 353 158
832 566 335
833 249 102
833 598 588
834 286 567
834 162 63
835 35 183
835 263 791
835 405 327
835 528 289
835 500 949
835 199 566
836 340 126
836 9 847
837 57 39
837 505 188
838 243 434
838 51 441
838 183 640
838 284 667
839 395 918
840 283 15
840 277 341
841 484 969
842 443 294
842 126 324
843 43 886
844 116 186
845 401 139
845 371 122
846 20 86
846 1 966
846 76 87
847 356 211
847 464 174
848 507 736
849 255 26
850 553 270
851 30 606
851 421 209
852 56 526
853 173 110
853 480 700
854 284 414
855 519 275
856 175 885
857 564 892
857 414 848
858 382 741
859 299 23
859 370 483
860 82 754
861 267 54
862 418 315
862 262 81
862 152 217
863 597 871
864 518 205
865 198 403
865 186 545
865 5 936
865 223 868
866 305 355
866 411 108
867 304 264
868 259 388
869 308 446
870 79 379
871 132 261
872 249 798
873 436 615
873 549 980
873 588 675
874 94 882
875 135 4
875 288 997
875 136 40
875 583 99
875 576 945
876 3 439
876 351 216
877 411 514
877 341 922
878 65 585
878 105 785
879 430 767
880 555 742
881 587 685
881 308 750
881 70 387
882 547 979
882 423 16
882 325 306
882 309 797
882 11 725
882 73 71
882 475 735
882 355 228
883 272 603
884 267 413
885 154 658
885 588 82
886 154 156
887 261 851
888 508 413
889 221 689
890 471 26
891 485 897
892 417 291
892 581 127
892 94 729
893 440 42
894 294 917
895 383 482
895 194 21
896 472 819
896 246 922
897 223 376
897 240 177
897 321 468
898 506 121
899 599 246
900 26 204
900 458 87
900 124 902
901 529 188
901 237 301
901 283 886
902 148 910
903 442 756
904 172 211
904 183 140
905 243 715
905 407 176
905 398 4
905 278 814
906 160 992
907 147 36
908 76 29
909 287 206
910 29 959
911 394 494
911 231 228
911 248 450
911 144 11
912 299 491
913 90 712
913 565 695
913 392 899
914 266 806
915 241 351
915 72 115
916 155 502
916 311 906
916 351 724
917 168 966
918 1 657
918 131 765
919 36 70
920 8 60
921 462 127
921 429 612
922 88 454
922 114 282
922 501 531
923 344 449
923 162 219
923 265 803
924 309 175
925 443 294
926 167 223
926 227 718
926 481 824
927 340 46
928 232 991
929 137 185
929 394 497
929 315 520
930 320 812
931 269 959
931 482 605
931 492 697
932 575 314
933 517 23
933 469 989
934 596 190
934 240 13
934 228 273
935 59 803
936 338 705
937 534 6
937 219 573
938 314 623
938 449 253
938 332 38
939 361 607
939 597 827
939 393 183
940 330 450
941 141 962
942 270 853
942 372 182
943 569 789
944 41 144
944 212 210
944 371 506
944 410 937
944 596 541
945 446 283
945 12 785
946 72 395
947 112 837
947 81 223
947 224 405
947 411 214
948 122 776
949 134 987
949 52 799
950 329 184
950 564 615
951 530 502
951 592 172
951 215 716
951 184 295
951 379 782
951 558 940
952 266 244
952 279 556
952 434 768
953 55 516
954 133 462
955 463 416
956 542 679
957 149 64
958 409 568
959 194 781
960 491 199
961 17 936
961 160 850
961 328 471
962 446 776
963 536 11
964 523 568
964 222 628
964 127 357
965 319 389
966 228 413
967 403 253
968 470 338
968 447 346
968 314 285
968 15 713
968 259 633
968 276 941
968 537 186
968 217 930
969 78 312
969 232 969
970 420 968
971 351 269
972 308 19
972 589 903
973 474 919
973 551 95
974 454 864
974 214 425
974 397 727
975 496 749
976 74 397
976 119 741
977 573 630
978 262 306
979 388 518
980 26 620
981 97 927
982 77 377
982 406 277
982 412 2
983 310 497
983 209 651
983 72 425
984 81 602
984 556 189
984 215 859
985 456 36
986 35 931
986 223 499
986 178 598
987 186 348
988 289 271
988 183 16
988 314 13
988 504 796
989 407 514
989 244 973
990 587 38
991 15 789
991 95 680
991 199 550
991 409 684
991 449 108
991 257 409
992 420 156
992 581 233
993 139 193
993 514 293
994 322 662
995 23 251
995 586 255
995 139 218
996 442 271
996 440 762
997 350 396
997 293 437
997 188 657
998 512 668
999 25 820
1000 206 318
1001 415 20
1001 348 577
1001 272 447
1002 468 941
1002 315 446
1002 153 586
1002 15 729
1002 545 732
1002 201 470
1003 262 115
1004 180 545
1004 117 817
1004 561 937
1005 481 578
1005 538 402
1006 421 996
1007 325 387
1008 92 389
1008 430 815
1009 561 33
1010 63 686
1010 346 822
1011 185 145
1011 404 999
1012 568 49
1013 147 440
1013 142 541
1014 339 290
1014 369 203
1015 157 882
1015 123 339
1016 285 534
1017 182 330
1018 51 271
1019 408 915
1020 154 523
1021 320 352
1022 1 478
1022 477 342
1023 303 92
1024 160 950
1025 85 972
1025 225 425
1026 280 290
1026 496 649
1026 139 588
1026 598 893
1026 418 376
1026 178 441
1026 129 785
1027 509 729
1028 68 282
1029 165 201
1029 128 187
1030 93 381
1030 1 296
1031 348 863
1031 201 130
1032 271 345
1033 358 478
1034 241 912
1034 59 47
1035 147 755
1036 439 481
1037 195 493
1037 347 236
1037 228 29
1037 458 104
1038 290 709
1038 92 853
1038 313 983
1038 157 433
1039 154 76
1039 549 474
1040 148 262
1040 517 916
1040 41 146
1040 591 245
1040 77 751
1040 50 380
1040 540 21
1041 43 209
1042 569 466
1043 82 899
1044 124 446
1045 401 615
1046 517 792
1047 536 761
1048 291 450
1049 294 678
1049 372 40
1049 349 330
1050 490 671
1051 10 194
1052 142 560
1052 558 88
1053 564 805
1053 438 972
1053 439 205
1054 258 407
1054 244 413
1054 521 343
1055 222 86
1055 457 553
1055 59 849
1056 535 531
1056 285 841
1057 34 457
1058 544 683
1058 552 586
1059 458 863
1060 303 273
1061 12 845
1062 122 291
1063 492 29
1063 58 520
1063 320 619
1063 435 73
1064 357 959
1065 47 139
1066 305 95
1066 164 64
1067 105 205
1067 287 133
1068 546 699
1069 254 671
1069 222 462
1070 183 299
1071 347 615
1072 278 16
1072 289 547
1073 308 259
1074 7 573
1075 168 134
1076 218 910
1076 352 995
1076 69 148
1077 571 874
1078 204 773
1079 37 643
1080 186 856
1080 133 190
1081 13 605
1081 392 669
1082 7 88
1082 331 441
1083 530 860
1084 151 73
1084 556 596
1084 101 532
1084 543 626
1084 463 493
1084 7 779
1084 284 818
1084 182 770
1084 51 277
1085 231 820
1086 212 511
1087 473 843
1087 206 395
1087 567 775
1088 296 62
1089 473 394
1090 217 266
1090 209 347
1091 161 443
1092 473 675
1093 314 42
1093 544 348
1093 497 19
1093 435 610
1093 391 634
1094 6 692
1095 132 814
1095 196 641
1095 311 804
1096 272 917
1097 541 875
1097 408 680
1097 57 450
1097 411 453
1097 472 557
1097 524 34
1097 387 31
1097 285 991
1097 230 391
1097 265 937
1098 531 67
1099 536 751
1100 389 649
1101 75 439
1102 583 171
1102 273 754
1103 530 183
1104 170 58
1105 593 967
1105 153 289
1105 271 868
1105 334 775
1105 435 218
1106 313 148
1106 244 128
1106 27 466
1106 404 470
1106 59 922
1107 61 227
1107 575 23
1108 73 845
1108 414 794
1108 228 208
1109 405 478
1109 59 183
1110 482 688
1111 114 462
1112 567 719
1113 598 373
1113 427 423
1114 303 780
1115 92 683
1116 134 281
1117 378 629
1117 62 435
1118 116 192
1119 400 257
1120 17 845
1120 210 951
1120 60 701
1121 237 303
1121 100 54
1121 547 551
1121 404 582
1122 563 94
1123 15 827
1123 142 753
1124 443 738
1125 342 888
1126 310 22
1126 137 115
1126 391 903
1126 592 254
1126 451 699
1126 314 196
1126 20 880
1127 343 600
1128 380 703
1129 456 667
1130 323 688
1131 439 600
1132 328 652
1132 214 864
1133 482 808
1133 217 377
1133 38 67
1133 177 973
1134 223 92
1134 233 260
1134 151 554
1134 514 604
1135 433 895
1135 283 320
1135 402 765
1136 529 77
1136 466 458
1137 279 281
1137 174 720
1138 531 680
1138 469 282
1139 578 26
1140 68 924
1141 122 317
1142 307 633
1142 347 393
1143 586 720
1143 52 463
1144 556 957
1144 156 730
1145 1 770
1145 115 475
1145 375 401
1145 228 170
1145 496 786
1146 451 666
1146 93 133
1147 257 706
1148 369 336
1148 169 736
1149 425 789
1150 157 996
1150 121 768
1150 487 349
1151 264 742
1151 587 950
1151 527 255
1152 210 758
1152 164 334
1152 43 971
1153 223 817
1153 294 17
1154 595 360
1154 86 37
1155 505 111
1156 63 670
1156 115 223
1156 423 263
1157 412 337
1157 363 650
1158 29 399
1158 468 627
1158 208 576
1159 61 109
1160 510 92
1161 431 953
1161 439 333
1162 587 675
1162 218 752
1163 48 27
1164 551 120
1165 203 819
1165 438 708
1166 146 27
1167 575 587
1168 375 643
1168 409 593
1169 400 788
1170 540 619
1170 351 601
1171 309 148
1171 223 427
1171 482 810
1172 537 562
1172 370 701
1172 481 608
1172 14 495
1173 211 611
1173 491 666
1174 121 65
1175 567 146
1176 397 548
1177 500 903
1178 58 893
1178 40 905
1178 370 925
1178 132 247
1178 225 850
1178 142 68
1178 498 42
1179 68 962
1180 579 245
1181 204 968
1182 244 505
1183 104 467
1184 549 169
1185 265 663
1186 106 628
1186 169 873
1186 330 328
1187 43 93
1187 202 152
1187 417 404
1188 524 936
1189 571 459
1189 193 301
1190 442 711
1191 327 541
1192 465 489
1192 108 322
1192 442 135
1192 220 738
1193 332 532
1194 5 238
1194 412 544
1194 23 77
1194 399 462
1194 254 29
1194 150 881
1194 75 996
1195 177 220
1195 527 119
1196 163 572
1196 59 203
1197 422 365
1197 87 31
1198 588 264
1198 277 215
1199 87 655
1199 447 350
1199 544 556
1199 35 509
1199 362 897
1199 180 959
1199 74 116
1200 23 315
1201 286 906
1202 522 542
1202 280 375
1202 29 528
1203 342 509
1203 123 457
1204 552 671
1205 114 454
1206 9 504
1207 210 166
1208 280 620
1209 539 618
1210 113 731
1211 396 934
1212 539 69
1212 214 600
1213 380 755
1214 380 576
1215 590 143
1216 448 579
1217 192 522
1217 32 40
1218 445 78
1219 459 679
1219 551 137
1219 99 865
1220 145 468
1220 187 10
1220 311 268
1221 203 774
1222 313 782
1223 3 159
1224 328 627
1225 57 950
1225 579 654
1225 503 471
1226 408 268
1227 264 693
1228 549 523
1229 384 380
1229 146 985
1229 236 173
1229 3 75
1230 355 789
1230 432 614
1230 168 775
1230 192 100
1231 85 385
1232 335 381
1233 473 82
1233 64 138
1233 138 391
1234 156 670
1234 263 197
1235 285 689
1235 583 947
1235 447 309
1236 347 25
1236 514 639
1236 109 607
1236 291 185
1236 419 329
1236 84 723
1237 88 146
1238 176 915
1238 432 129
1238 16 236
1239 278 977
1240 172 891
1241 218 272
1241 240 827
1242 590 47
1242 490 294
1242 141 368
1242 147 428
1242 465 716
1242 219 265
1242 82 481
1243 112 100
1244 229 227
1245 185 123
1245 282 741
1245 29 728
1246 43 85
1246 95 533
1247 238 268
1248 508 360
1248 516 400
1248 172 112
1249 553 21
1249 232 629
1250 318 85
1251 264 410
1251 403 677
1251 53 302
1252 451 118
1252 237 371
1252 150 471
1252 312 236
1253 490 607
1253 589 333
1253 26 185
1253 39 191
1253 90 557
1253 164 865
1254 41 954
1254 457 608
1255 102 849
1256 346 239
1257 254 176
1257 282 786
1258 86 842
1259 579 569
1259 382 69
1259 416 886
1260 396 190
1260 417 498
1261 380 945
1262 112 579
1262 281 625
1262 232 37
1262 124 18
1263 99 105
1263 464 858
1263 444 209
1263 493 224
1264 59 435
1265 341 228
1265 600 380
1266 306 13
1266 531 388
1266 129 9
1267 112 879
1268 494 591
1268 493 30
1269 252 608
1269 192 359
1269 378 205
1269 52 213
1270 348 396
1270 11 748
1271 548 597
1271 51 47
1272 76 432
1273 431 525
1273 215 570
1274 408 585
1275 539 20
1276 145 902
1276 73 235
1276 509 440
1276 28 968
1276 307 982
1277 122 82
1277 438 47
1278 532 940
1279 497 161
1280 293 310
1280 565 169
1280 470 683
1280 195 418
1280 357 900
1280 469 640
1281 148 202
1282 265 62
1283 282 950
1283 573 650
1284 63 576
1285 228 63
1286 243 920
1287 564 196
1288 308 566
1288 471 345
1289 18 341
1290 103 411
1291 197 835
1291 288 657
1291 10 571
1292 452 200
1293 575 191
1293 134 750
1294 485 462
1295 225 672
1296 384 636
1296 226 529
1297 174 204
1297 354 73
1297 141 921
1297 230 293
1297 329 237
1297 499 931
1297 537 838
1297 466 499
1297 402 232
1298 76 994
1298 336 47
1299 286 940
1299 141 574
1300 412 594
1301 495 640
1302 353 672
1302 359 85
1302 203 580
1303 354 732
1303 513 15
1304 319 643
1304 336 1
1304 400 723
1305 248 957
1306 41 634
1307 197 329
1307 54 884
1307 128 855
1308 41 232
1309 360 738
1310 563 300
1310 112 289
1311 253 914
1312 557 533
1313 111 641
1314 98 206
1315 356 999
1316 509 499
1317 441 858
1318 354 728
1319 314 330
1320 344 665
1321 257 983
1322 312 172
1323 289 363
1323 311 332
1323 338 780
1324 357 954
1324 27 128
1325 180 331
1326 468 652
1326 426 517
1327 373 405
1328 384 936
1329 428 853
1330 210 449
1331 344 70
1332 56 52
1333 488 87
1333 89 722
1333 384 237
1333 410 74
1333 540 754
1334 505 503
1335 202 422
1336 354 412
1336 156 277
1336 104 174
1337 491 396
1337 152 624
1337 396 324
1337 440 335
1338 61 80
1339 59 770
1340 76 859
1340 520 502
1341 381 38
1342 532 829
1342 547 221
1343 461 650
1343 374 957
1344 198 627
1345 238 743
1346 275 935
1347 20 220
1348 390 517
1348 489 537
1348 112 312
1348 359 699
1348 276 114
1348 182 200
1349 546 355
1349 302 101
1349 254 154
1349 445 602
1349 155 904
1349 546 493
1350 401 981
1350 55 765
1351 185 138
1352 449 424
1352 572 565
1353 25 297
1353 554 409
1354 293 474
1354 175 538
1355 350 577
1355 585 896
1356 171 963
1357 236 105
1357 88 319
1358 340 493
1358 314 692
1359 116 685
1359 599 10
1360 538 306
1360 444 955
1361 468 276
1362 126 541
1363 126 192
1364 255 558
1365 376 575
1365 294 482
1366 238 117
1366 294 910
1366 86 995
1367 65 64
1367 270 342
1368 37 159
1368 411 645
1369 327 457
1369 474 564
1369 559 739
1369 104 328
1370 146 361
1370 168 23
1370 40 548
1370 580 534
1370 139 858
1371 34 39
1372 63 291
1372 491 445
1372 137 113
1373 70 406
1373 373 615
1373 8 772
1374 111 496
1374 388 292
1375 591 945
1375 187 904
1376 43 674
1376 407 251
1376 542 852
1377 21 158
1377 434 706
1377 589 420
1377 453 766
1378 359 35
1378 43 184
1379 207 989
1380 18 973
1381 142 323
1381 426 172
1381 21 859
1382 95 672
1383 107 473
1383 94 160
1384 366 971
1385 488 991
1385 96 619
1385 581 854
1385 446 150
1386 600 53
1386 499 839
1387 193 568
1388 490 972
1388 327 875
1388 129 46
1389 597 135
1389 314 396
1390 463 269
1391 390 634
1391 27 615
1392 140 133
1392 583 594
1392 153 647
1393 569 700
1393 2 266
1393 105 313
1394 440 798
1394 537 181
1395 245 502
1395 289 446
1395 356 613
1396 202 964
1397 462 979
1398 358 480
1399 505 969
1399 360 480
1399 493 223
1399 368 496
1399 539 752
1399 29 190
1400 164 49
1400 57 742
1401 531 648
1401 31 999
1401 596 141
1401 453 698
1402 16 244
1402 215 647
1403 106 661
1403 492 66
1404 409 767
1404 369 111
1405 151 128
1406 500 828
1407 378 936
1408 10 510
1409 408 723
1409 87 282
1410 579 410
1411 410 755
1411 576 469
1412 466 337
1412 418 281
1413 441 936
1413 323 560
1413 508 315
1414 287 534
1414 325 903
1414 397 116
1415 213 670
1415 574 380
1416 9 146
1417 316 949
1417 117 564
1418 305 722
1419 599 383
1419 598 863
1419 114 875
1419 29 261
1420 514 577
1421 258 32
1422 112 364
1423 303 693
1423 564 538
1423 118 137
1423 299 774
1424 129 555
1424 353 50
1424 77 249
1425 72 931
1426 203 815
1426 126 608
1426 232 352
1427 365 924
1428 118 443
1429 296 880
1430 275 720
1430 544 363
1431 518 697
1432 537 653
1433 66 120
1433 370 857
1433 533 82
1433 36 451
1433 411 839
1434 389 932
1435 515 612
1435 323 811
1435 468 838
1436 347 62
1437 328 975
1438 86 848
1438 555 827
1438 114 354
1439 154 837
1440 287 287
1440 580 770
1440 317 771
1441 594 439
1441 466 347
1442 518 345
1442 219 547
1442 487 636
1442 190 693
1443 375 443
1444 591 472
1445 282 855
1446 282 824
1447 76 852
1447 482 483
1447 302 303
1447 97 775
1447 291 148
1448 86 361
1448 139 192
1448 379 487
1448 539 798
1449 485 274
1449 81 78
1449 399 979
1450 414 425
1451 329 603
1452 10 426
1453 149 463
1454 507 244
1454 479 108
1454 517 280
1455 230 669
1456 201 847
1457 79 892
1458 33 76
1458 29 519
1459 501 422
1460 390 272
1460 286 821
1461 95 723
1461 289 630
1462 39 555
1462 203 946
1463 341 697
1463 270 283
1463 316 105
1464 38 157
1464 102 661
1465 102 641
1466 172 204
1467 71 244
1467 419 922
1468 207 289
1469 366 548
1469 478 103
1469 415 402
1470 169 415
1470 354 305
1471 534 923
1471 192 713
1471 169 628
1471 134 810
1471 167 607
1472 352 787
1473 514 704
1474 351 274
1474 66 590
1475 545 770
1476 84 731
1476 465 397
1476 237 766
1477 598 919
1477 430 781
1477 153 95
1478 474 992
1478 432 216
1478 196 203
1478 377 77
1478 319 790
1478 379 664
1478 214 829
1479 480 321
1479 531 535
1480 68 316
1481 143 9
1481 97 326
1482 373 910
1482 37 696
1482 420 180
1482 156 783
1482 350 370
1483 544 137
1483 343 850
1483 79 802
1483 458 952
1483 563 358
1483 116 152
1483 463 555
1484 219 848
1485 569 149
1486 523 791
1487 64 134
1487 130 865
1488 185 750
1489 435 399
1490 41 79
1491 531 117
1492 575 226
1492 246 158
1493 456 718
1494 475 913
1494 89 481
1495 103 965
1496 226 932
1497 192 91
1497 35 263
1497 348 336
1497 586 475
1497 32 448
1497 204 432
1497 414 743
1497 333 183
1498 276 260
1499 315 166
1500 496 746
1500 44 227
1501 179 561
1502 62 408
1502 245 283
1502 60 437
1502 86 896
1503 170 109
1504 101 362
1504 336 189
1504 361 404
1504 353 22
1504 456 25
1505 12 188
1506 493 700
1506 485 958
1507 570 344
1508 357 469
1508 352 564
1508 582 857
1508 88 236
1509 571 589
1509 150 24
1509 102 832
1510 101 682
1510 60 528
1511 134 14
1512 320 658
1512 69 843
1512 205 640
1512 55 704
1513 365 834
1513 228 432
1514 420 814
1514 228 762
1515 511 924
1516 400 112
1516 160 832
1516 517 366
1516 190 204
1517 206 129
1518 314 896
1518 115 726
1519 336 151
1519 355 56
1519 76 985
1520 326 364
1521 166 716
1522 154 201
1523 186 715
1524 458 921
