600 1000 50 10 3000
86 41
5 59
52 90
76 66
3 25
31 54
11 84
69 10
51 21
4 71
77 75
46 50
84 19
71 87
93 59
14 79
52 71
91 57
61 19
75 65
44 6
19 8
91 40
18 94
61 22
18 38
49 16
41 86
35 64
73 29
24 39
60 28
11 3
85 72
23 61
89 19
67 61
79 10
53 97
5 15
19 23
5 69
39 98
7 26
15 32
55 91
71 68
19 82
23 5
7 46
66 96
18 85
9 97
96 63
95 53
30 66
28 35
87 19
86 94
45 53
26 53
44 98
73 63
32 96
20 39
95 38
88 13
76 97
62 24
60 9
77 90
76 57
78 15
76 16
10 73
69 88
78 65
86 51
80 71
48 1
62 43
91 50
8 67
0 70
91 60
80 20
3 8
77 81
49 85
31 70
74 9
35 12
61 15
35 61
68 98
4 60
48 12
79 48
34 71
61 66
43 64
74 73
97 50
78 46
87 61
16 61
71 3
26 84
18 61
45 87
59 1
99 60
65 78
60 99
49 21
66 45
37 92
18 34
42 96
32 30
10 0
43 81
3 69
17 74
83 14
61 42
15 60
54 80
90 15
79 92
88 97
37 26
90 55
12 84
3 45
14 13
97 10
46 53
31 63
27 14
77 88
9 92
0 15
24 90
30 56
34 19
53 71
45 43
26 9
28 30
6 94
43 4
56 90
57 88
5 84
54 35
24 15
79 76
31 4
60 53
32 13
24 29
9 51
39 37
33 45
83 28
1 40
18 58
80 76
94 34
11 18
50 90
46 81
46 65
94 58
18 79
72 94
8 81
45 99
70 30
45 5
59 46
45 29
57 25
5 51
12 68
22 62
11 68
95 57
33 41
16 3
20 40
98 81
73 95
80 95
26 25
0 85
24 98
14 81
23 20
32 35
40 54
49 51
75 96
61 8
90 29
12 10
21 62
91 94
57 72
41 83
49 41
68 73
39 35
6 15
7 91
2 47
97 52
51 72
0 12
33 90
93 45
53 14
59 44
60 16
68 1
52 70
94 20
95 34
7 2
1 14
45 3
62 42
7 65
15 8
29 48
98 22
88 4
48 48
72 68
1 24
90 95
97 86
81 4
40 82
71 85
86 33
79 93
50 46
53 79
46 4
53 91
7 93
47 7
41 72
28 94
96 18
89 45
56 23
50 96
5 21
33 43
6 65
89 8
11 42
87 58
46 92
1 6
85 49
13 78
73 41
72 69
60 13
15 16
36 17
65 94
90 50
37 96
15 26
4 79
69 43
37 67
35 38
73 72
39 39
50 12
80 74
34 92
87 1
61 76
18 26
22 8
28 59
56 44
38 12
23 59
55 12
26 42
2 52
14 94
58 23
90 92
68 29
5 63
7 27
23 35
39 31
31 77
43 6
36 98
18 14
92 73
18 6
22 25
37 12
70 5
42 15
86 99
31 45
79 54
80 18
86 64
47 29
70 35
80 41
49 72
14 20
31 81
81 53
58 70
18 28
27 60
44 13
11 75
58 90
81 91
60 19
55 7
49 77
42 81
70 44
64 36
17 97
90 76
68 60
56 95
72 52
61 83
27 71
74 61
62 34
80 69
94 81
99 36
62 69
80 68
6 96
94 98
51 62
58 60
9 30
12 22
14 92
94 40
53 8
26 85
30 20
67 29
9 81
98 41
1 56
38 58
80 32
56 83
46 15
43 55
97 56
78 11
0 24
3 5
90 62
2 57
43 11
53 92
50 91
50 82
75 59
66 21
26 61
28 23
69 58
87 69
82 90
74 15
20 65
29 23
86 17
19 39
10 69
82 12
52 57
23 70
30 49
31 59
73 1
17 60
70 52
2 97
14 48
98 40
73 84
58 44
24 68
14 58
32 18
68 56
88 98
5 71
72 79
42 95
44 2
20 58
50 18
98 76
2 8
20 78
76 86
37 61
4 57
17 44
7 74
16 17
5 40
48 47
87 31
44 31
33 64
41 35
82 40
63 37
0 84
15 77
22 4
90 79
61 7
23 21
90 38
84 38
38 71
21 82
55 54
47 96
41 81
88 5
18 89
18 63
90 8
42 4
15 18
25 48
87 45
5 25
69 26
59 24
32 6
20 73
40 9
78 58
50 19
44 68
35 87
76 77
43 43
47 20
43 9
87 82
6 92
7 75
18 19
51 2
77 72
75 17
33 6
28 83
25 24
3 60
11 79
90 6
74 89
26 17
50 13
0 57
57 59
84 27
30 36
29 8
60 5
25 93
11 53
28 88
30 31
1 41
0 36
32 26
5 83
92 57
92 49
69 76
77 99
64 6
7 24
63 85
90 97
15 20
80 16
14 42
59 14
30 43
92 88
45 70
86 66
47 15
66 63
73 25
88 37
62 57
63 53
7 30
25 87
46 39
30 57
5 12
1 50
0 79
34 98
2 72
64 1
64 61
60 52
50 22
62 65
27 21
96 53
8 94
44 90
52 2
52 55
36 38
53 38
11 70
39 50
4 4
63 64
8 13
39 22
31 18
43 27
23 4
21 68
94 73
70 49
30 22
57 19
60 62
57 23
32 49
5 89
53 13
55 44
88 86
63 31
13 38
35 34
6 82
83 42
2 40
61 63
3 19
38 87
20 64
76 25
54 82
90 9
78 78
95 93
62 8
94 90
19 67
97 21
7 58
36 62
29 75
2 49
39 30
26 45
12 17
54 43
95 49
36 57
9 68
59 4
59 90
58 30
9 7
51 69
18 40
31 99
67 85
49 6
16 27
52 80
44 58
23 92
60 60
1 69
80 60
73 39
3 84
21 12
43 73
81 61
65 65
61 32
2 62
38 18
89 42
99 86
53 22
78 13
34 31
82 15
92 8
54 95
92 76
59 35
1 93
49 66
10 10
98 12
24 88
31 65
83 82
51 88
4 81
1 39
13 35
54 5
43 60
52 35
88 63
23 41
56 72
59 66
34 9
50 62
75 85
44 79
73 0
60 74
91 73
61 45
30 5
58 34
92 98
98 67
92 54
91 51
61 4
87 63
48 62
94 21
62 54
47 54
80 8
65 61
97 58
60 47
25 4
53 17
55 26
94 68
30 34
31 48
49 79
10 43
52 73
79 81
12 30
44 77
92 93
35 4
40 13
8 93
72 28
84 54
62 67
3 11
99 13
6 51
38 56
55 69
0 33
44 44
26 32
0 18
97 60
12 79
75 36
7 11
90 22
31 93
85 30
59 92
33 49
48 88
19 37
7 71
71 52
15 97
36 67
16 33
27 80
12 54
16 71
45 49
52 31
23 64
12 23
5 31
60 12
54 31
64 69
81 52
85 67
29 49
74 97
73 92
55 18
49 24
22 24
40 87
47 45
70 8
58 25
39 74
46 20
27 35
69 64
54 50
14 28
47 87
72 3
5 65
62 7
89 85
31 30
24 79
27 94
87 85
19 78
12 66
51 91
1 20
55 55
71 69
36 70
56 8
73 14
74 88
21 15
25 52
97 49
83 25
43 70
62 63
49 74
29 52
65 82
72 21
89 95
42 25
18 51
34 91
65 60
31 38
27 56
57 26
2 1
48 64
16 97
39 45
79 74
29 20
21 24
75 32
83 92
44 14
30 71
23 72
96 80
50 98
33 99
15 49
96 6
62 77
24 44
98 97
68 44
89 43
28 72
35 72
38 17
43 13
41 92
42 79
81 39
63 79
89 78
57 13
74 55
63 42
51 52
37 79
76 24
3 66
93 98
80 34
42 26
57 17
94 38
57 10
18 46
88 27
12 62
82 75
56 85
79 45
64 7
21 19
69 53
31 75
97 41
44 43
31 1
53 1
48 93
28 12
7 62
39 15
47 18
60 63
25 81
82 50
47 52
4 96
16 87
23 13
28 67
8 60
69 62
13 69
7 42
33 15
4 72
30 4
90 43
67 67
24 2
17 72
54 73
20 70
13 43
35 41
62 95
53 83
9 19
52 17
61 85
32 17
9 14
21 51
57 89
43 88
58 97
61 78
19 26
73 6
68 35
53 73
19 63
92 23
80 5
61 64
78 96
22 88
22 80
32 80
29 46
58 0
72 83
58 40
70 12
66 41
75 10
17 7
16 30
23 91
52 1
39 26
41 77
57 51
43 39
97 53
39 70
62 59
62 80
0 89
91 69
96 59
99 19
72 41
78 14
29 80
19 50
78 10
72 67
60 87
78 22
19 30
11 62
0 59
73 51
30 75
3 55
69 82
21 91
31 50
71 84
75 42
87 6
53 11
25 65
50 3
88 22
85 51
84 37
63 58
85 92
52 6
26 73
98 10
76 21
46 3
64 85
61 69
49 86
34 99
41 74
73 27
64 93
68 53
90 5
98 43
64 24
68 62
86 96
35 33
0 51
72 19
71 41
33 44
20 63
54 85
8 22
90 99
80 40
94 44
65 62
58 3
59 93
36 11
45 7
24 17
26 24
18 62
42 38
77 96
75 38
71 18
37 51
58 83
95 75
79 8
19 43
74 96
13 53
29 85
93 56
23 16
74 12
19 33
95 14
60 92
1 17
7 72
13 33
68 78
71 89
83 27
85 64
21 35
46 47
99 65
80 94
38 2
32 39
20 91
12 85
77 32
15 63
25 86
4 9
65 90
20 94
16 19
84 74
67 48
39 42
95 3
79 72
36 94
88 61
33 92
70 50
34 96
80 7
90 96
78 84
64 14
11 25
82 30
25 53
34 65
95 30
68 27
54 56
21 42
70 6
87 92
57 73
32 31
85 10
25 26
75 7
57 0
12 91
73 38
87 28
46 60
22 16
61 24
87 49
13 19
80 50
30 48
52 7
74 27
66 83
79 79
27 49
91 52
87 78
80 85
68 63
33 55
64 98
75 45
49 57
93 1
64 19
80 30
55 11
61 82
82 67
85 73
74 39
30 42
54 16
98 70
14 25
82 60
16 98
28 87
8 42
69 20
94 55
72 29
2 48
91 6
52 41
76 67
66 92
30 0
4 47
98 36
95 78
23 55
20 44
0 0
96 26
9 50
75 61
86 18
67 39
59 43
6 77
87 88
77 92
87 27
5 4
90 26
48 18
93 0
18 41
27 79
91 54
40 29
72 59
68 83
3 26
60 90
15 89
82 54
89 73
19 80
50 44
20 21
37 99
0 80
5 93
10 77
52 78
12 7
5 24
98 72
65 80
26 33
95 68
6 14
0 58
34 50
54 6
71 92
57 24
72 62
69 34
91 21
13 55
29 70
11 72
29 7
40 35
73 40
91 0
65 14
44 22
38 68
36 7
3 79
81 68
34 62
90 13
41 84
9 52
56 38
11 97
89 71
44 32
23 10
47 19
88 73
45 91
11 87
40 1
52 33
85 14
85 41
4 97
90 82
34 80
54 78
12 29
40 11
49 89
80 54
24 43
93 16
49 81
64 86
22 68
35 65
97 57
0 9
86 92
73 87
21 22
76 23
68 8
78 44
51 23
21 9
28 85
47 3
6 83
68 9
4 65
66 4
26 4
49 99
44 70
21 20
94 41
81 24
85 32
32 21
6 60
58 54
89 83
73 93
48 91
50 27
96 51
26 92
21 0
12 67
41 45
43 79
30 91
24 62
64 83
22 22
89 38
39 78
23 22
56 73
49 4
76 27
96 98
17 21
6 61
4 76
98 68
42 0
62 81
30 84
46 6
58 2
6 8
86 2
58 66
62 75
87 20
88 39
56 92
67 6
31 55
88 14
29 34
20 87
36 51
46 42
11 85
96 69
51 11
45 38
31 85
29 88
30 96
94 42
27 25
49 11
71 90
77 0
24 97
40 61
0 38
23 52
81 74
63 78
64 46
34 46
88 21
32 29
80 9
82 56
58 22
69 11
12 77
23 36
29 56
10 44
42 51
72 77
97 14
10 37
88 68
50 11
82 84
20 92
58 89
3 70
66 78
6 47
43 74
48 86
77 20
87 25
15 75
45 47
47 95
58 81
20 29
60 38
60 18
86 47
87 81
73 35
67 50
8 82
28 95
90 17
99 84
31 25
6 85
42 66
4 28
65 43
9 38
31 29
40 39
12 56
28 54
25 80
55 76
1 42
90 60
27 32
78 83
12 44
27 74
34 58
3 75
95 35
37 59
91 17
14 16
98 69
93 66
8 46
8 51
6 36
35 85
71 48
81 98
22 67
8 25
94 57
91 90
44 81
49 35
50 63
4 0
67 45
96 54
63 84
91 35
32 24
85 6
83 86
76 48
59 77
35 10
93 91
10 30
75 88
8 85
7 92
9 93
98 0
39 33
38 94
94 71
44 30
81 37
73 43
67 66
73 94
54 30
18 48
2 26
70 94
55 20
46 46
53 85
40 65
51 35
36 95
17 69
84 90
64 3
56 37
98 62
19 68
62 22
95 47
84 17
41 91
38 88
37 91
25 29
8 76
64 44
24 33
65 8
76 30
19 62
47 91
30 9
65 77
57 49
95 50
92 33
76 15
58 85
92 75
81 16
8 47
76 36
50 68
91 33
10 86
57 5
89 49
30 67
95 41
52 39
32 83
13 13
72 86
14 74
54 57
7 83
14 70
22 71
75 11
73 66
42 3
33 37
96 37
28 64
22 35
41 7
19 6
20 43
44 86
17 98
33 10
33 74
92 13
2 58
14 31
23 89
66 16
96 85
74 68
28 18
7 98
68 51
27 53
61 26
61 94
52 83
53 45
48 15
22 51
25 89
34 0
16 78
38 42
46 18
68 28
34 69
16 26
30 69
71 79
36 45
30 61
94 6
25 85
98 93
66 7
41 0
76 14
47 44
40 77
13 63
56 1
61 38
15 47
2 29
64 71
59 10
77 84
3 54
22 54
0 40
13 41
40 41
7 39
86 0
16 99
63 73
53 24
72 66
97 88
98 18
45 54
73 67
60 73
7 73
66 99
66 73
38 52
73 54
4 89
79 57
25 37
77 2
82 28
20 27
34 93
94 46
18 53
71 36
52 37
90 87
49 94
76 80
3 42
23 28
31 36
2 61
38 84
89 11
64 75
4 58
21 75
64 92
63 68
29 25
11 71
13 60
17 41
92 20
35 68
0 67
4 54
6 55
44 62
65 17
89 29
9 53
98 90
73 79
89 65
33 0
43 90
37 98
92 43
53 88
57 18
5 47
48 14
52 98
5 82
11 19
98 19
43 87
51 87
29 10
10 66
8 55
9 61
43 18
79 1
65 79
67 17
29 72
52 92
43 82
0 72 463
0 429 759
1 185 45
1 592 448
1 593 365
1 88 25
2 7 988
3 223 270
4 189 22
4 123 135
5 271 663
5 106 915
5 121 214
6 384 7
7 102 471
8 129 806
8 58 70
8 50 227
9 90 508
9 530 839
10 376 457
11 48 345
12 22 570
13 320 368
13 506 561
14 373 209
15 597 716
15 504 933
16 567 397
17 305 269
17 353 145
17 519 630
18 201 209
19 465 610
19 84 47
20 490 147
20 394 912
21 39 819
22 212 580
23 547 179
24 15 242
24 266 140
25 134 865
26 579 159
26 371 235
26 533 425
26 386 640
26 243 435
27 412 221
28 11 596
28 18 328
28 191 428
28 395 492
28 162 52
29 135 894
30 279 911
31 171 375
32 457 722
33 341 675
33 365 320
33 176 283
33 410 631
33 386 110
34 292 513
35 447 507
35 510 418
35 486 721
36 47 214
37 262 526
38 522 240
39 535 318
39 479 874
39 517 491
39 387 219
40 180 923
40 425 806
41 368 889
42 455 633
42 157 559
42 114 557
43 501 44
44 564 106
44 485 82
45 532 735
46 77 897
46 533 473
46 257 943
46 154 882
47 318 95
47 129 164
47 328 59
48 375 651
48 178 148
49 42 625
49 445 920
50 428 277
51 571 393
51 208 33
52 428 714
53 372 729
53 324 669
53 570 538
54 12 216
54 325 595
54 98 701
55 432 58
55 363 981
56 151 77
56 423 589
56 487 140
57 25 793
58 427 996
59 477 954
59 321 871
60 362 607
60 465 964
60 449 818
61 416 52
61 97 164
62 445 329
63 409 951
64 542 216
64 117 548
65 493 467
65 104 380
65 79 594
66 486 962
67 380 208
67 20 251
67 359 31
67 530 401
67 43 895
67 103 871
67 532 637
67 450 161
67 215 698
68 277 797
68 264 877
68 304 747
69 468 706
70 512 353
71 14 778
72 234 24
72 165 156
73 373 261
73 39 278
74 206 311
75 386 479
76 428 464
77 72 704
77 479 562
78 519 379
78 1 52
78 58 240
78 547 195
78 563 420
78 503 237
79 202 566
79 181 958
80 151 11
81 75 188
81 428 896
82 407 147
83 561 624
83 52 198
83 393 716
83 247 882
84 268 929
84 187 153
84 531 520
85 38 133
86 366 428
87 324 86
87 383 724
87 272 664
88 274 971
88 67 528
89 383 265
89 31 732
90 510 685
90 158 913
91 163 480
91 19 374
92 222 602
93 22 276
94 295 144
95 516 245
95 342 309
95 248 317
96 174 310
97 367 523
97 224 431
97 26 467
97 41 69
98 473 360
98 370 209
98 415 506
99 459 361
99 537 82
100 542 874
101 527 170
102 303 185
102 98 894
103 466 638
104 427 407
104 495 780
104 81 83
105 109 7
106 263 585
106 229 770
106 531 858
106 59 113
107 469 855
108 227 821
109 340 599
110 443 292
110 83 383
110 114 116
111 521 457
111 292 654
111 367 706
111 104 490
111 292 526
111 431 878
111 506 583
111 337 635
111 310 314
112 160 327
113 379 513
113 580 668
113 183 485
114 415 10
115 59 55
115 326 718
115 498 280
115 161 201
116 445 231
116 73 18
117 155 923
117 61 200
117 383 116
117 136 431
117 503 764
117 32 420
118 407 51
119 485 477
120 5 457
121 446 581
121 492 949
121 306 501
122 485 353
122 552 175
122 579 494
122 479 350
122 304 821
122 455 372
122 269 910
122 398 381
123 201 685
124 186 554
125 48 218
126 85 633
126 14 833
126 345 360
126 112 387
126 346 269
127 16 865
128 58 64
128 569 703
128 156 241
129 517 538
130 42 676
130 499 620
130 573 857
131 255 835
132 436 474
133 25 515
133 464 896
133 418 852
134 561 706
134 283 281
134 474 215
135 415 168
135 279 605
135 395 530
136 116 74
136 50 487
136 253 281
136 304 758
136 461 402
137 209 509
138 54 527
139 538 220
139 159 718
140 176 717
141 302 272
141 165 257
141 177 547
141 261 786
142 528 223
143 158 633
143 15 946
143 4 327
144 510 269
144 68 483
145 224 663
146 547 276
147 405 302
148 171 533
149 122 981
150 50 821
151 129 284
152 194 499
152 2 618
153 294 977
154 541 385
154 527 114
155 583 268
156 372 645
156 275 164
157 200 905
158 43 654
159 303 65
160 109 648
161 575 561
161 273 686
161 120 921
162 595 681
163 26 863
164 69 528
164 383 977
164 5 881
165 326 127
165 481 671
166 320 632
167 269 622
168 242 930
168 563 412
168 167 764
168 533 298
168 125 128
169 475 482
170 406 79
171 553 43
171 101 888
171 27 128
172 344 494
172 486 213
172 392 178
172 22 233
172 313 224
173 344 437
174 226 325
175 364 670
175 376 445
175 37 217
176 96 305
177 402 986
177 341 924
177 340 670
177 9 78
177 302 365
177 10 818
178 491 559
179 387 165
179 32 1
179 466 910
179 578 904
179 587 493
179 323 124
180 589 284
180 422 916
180 546 680
180 470 760
180 551 329
180 3 39
181 167 860
182 242 328
182 103 674
183 471 793
184 154 645
184 186 225
184 55 852
185 598 184
186 171 365
187 190 147
188 278 237
188 177 763
188 13 272
189 51 724
190 135 166
190 443 982
190 7 302
191 235 383
192 302 755
193 223 508
194 1 873
195 513 180
196 270 150
196 318 530
197 169 103
197 569 239
197 156 643
198 584 636
199 585 492
199 68 395
200 143 344
200 40 7
201 279 895
202 466 271
203 338 158
204 256 380
205 595 975
206 556 636
206 206 130
206 353 141
206 29 107
207 374 383
208 333 198
208 150 662
209 236 665
209 359 604
209 138 33
210 417 640
211 210 553
212 178 741
212 235 107
213 105 748
213 70 45
214 446 742
215 337 270
215 10 457
215 297 902
216 170 36
217 457 198
218 487 726
218 304 87
219 328 716
220 333 981
221 112 532
221 48 36
221 63 828
221 151 81
221 587 205
222 597 235
222 401 193
222 432 609
222 180 427
222 103 841
223 141 845
223 472 579
224 316 787
225 76 41
226 100 973
226 214 449
227 334 768
227 474 836
227 388 599
227 313 708
228 444 150
229 494 468
230 376 572
231 73 762
232 243 798
232 416 137
232 480 416
232 589 937
232 253 432
233 581 95
234 378 45
234 191 437
234 254 734
235 491 754
235 443 434
235 370 931
236 590 1
237 410 200
237 296 746
238 236 664
239 7 918
239 277 148
240 202 860
240 512 335
241 101 562
241 30 222
241 574 774
241 264 54
242 499 793
242 531 538
242 386 275
242 375 465
243 237 746
244 521 866
245 507 430
246 581 955
246 308 133
247 461 392
248 17 335
248 189 41
249 451 258
250 556 864
250 220 15
251 32 346
251 284 575
252 211 777
253 545 754
254 327 199
254 492 822
255 393 313
255 88 437
256 212 817
257 235 237
257 424 218
258 549 569
259 115 174
259 515 22
260 47 149
261 216 827
262 512 849
263 157 169
263 323 573
264 96 900
264 385 13
265 46 845
265 329 777
266 310 966
267 374 768
267 15 480
268 213 95
268 526 470
269 496 823
269 30 445
269 455 784
269 393 935
269 273 904
270 197 712
271 70 290
271 305 509
272 49 794
272 315 995
272 392 322
272 445 863
272 203 750
272 548 362
273 223 623
274 588 448
275 376 249
275 469 360
275 355 159
275 88 218
276 119 43
276 65 969
276 296 441
276 213 880
276 264 884
276 99 548
277 598 150
278 440 668
278 304 850
278 128 566
279 530 1
280 371 207
280 100 299
280 535 306
281 62 888
282 197 529
283 33 197
283 388 262
284 296 38
285 456 357
286 222 154
287 211 366
288 394 188
289 122 702
289 90 297
290 307 542
290 451 306
291 270 199
292 53 893
292 325 644
293 391 229
294 128 606
295 323 132
296 205 258
297 110 667
298 122 549
298 108 848
298 100 846
298 555 798
298 199 138
299 65 541
299 102 919
299 206 928
300 259 590
300 584 832
301 212 315
301 37 598
302 565 65
302 246 551
303 364 798
303 213 9
304 96 685
305 524 116
305 9 342
305 257 281
306 579 148
307 487 237
307 416 130
307 513 491
307 334 670
307 186 613
308 566 639
309 132 76
310 92 102
311 342 920
311 60 56
311 471 209
312 45 254
313 26 25
314 67 750
315 555 238
315 513 20
316 102 507
317 529 270
318 177 279
319 450 560
320 442 734
320 344 512
320 394 711
321 78 417
322 568 793
323 454 101
323 230 95
323 376 32
324 356 592
324 583 265
325 588 1000
325 345 65
325 455 735
326 37 635
326 495 226
326 305 666
327 534 116
327 325 59
327 111 396
327 319 407
327 107 128
327 207 722
328 334 424
329 164 83
330 197 322
330 449 576
331 78 642
331 592 590
331 9 554
332 482 945
333 556 107
334 109 251
335 553 989
335 382 366
335 194 209
335 85 998
336 239 908
336 50 171
337 136 308
337 421 467
337 490 818
337 466 678
337 267 669
337 392 774
337 71 625
337 518 343
337 543 710
338 531 550
338 480 374
338 169 492
339 143 320
340 239 573
341 364 464
341 236 799
341 404 142
341 422 805
341 233 774
341 162 331
342 88 745
342 406 482
343 376 10
343 314 580
344 451 641
344 163 812
344 10 612
345 591 622
345 510 398
346 184 671
347 509 371
348 586 78
349 341 607
350 338 728
350 388 375
351 436 210
352 88 408
352 491 691
352 198 19
352 382 832
353 514 949
353 326 99
353 316 406
353 540 647
354 253 406
355 532 152
355 486 90
355 419 419
355 539 609
355 47 659
355 339 13
356 418 595
357 350 135
358 383 472
359 363 683
359 211 774
360 306 504
360 298 98
360 121 123
361 590 480
362 561 508
363 85 517
364 172 468
365 66 227
366 347 148
367 462 273
367 216 434
367 335 832
368 549 505
368 309 631
368 121 134
368 515 309
369 400 739
370 2 354
370 40 695
370 409 872
370 144 461
370 184 792
370 178 590
370 281 336
370 362 45
370 316 226
371 466 354
372 525 444
373 480 484
374 397 609
374 519 608
374 199 985
375 442 92
375 110 635
375 522 253
375 485 594
376 295 720
377 163 425
378 157 262
378 67 649
378 535 69
378 548 252
379 141 475
380 151 736
380 502 108
381 479 153
382 285 441
383 465 95
383 22 59
384 569 367
384 45 235
385 466 164
386 310 987
386 402 439
387 582 498
388 377 248
389 459 328
390 235 272
391 267 202
391 385 696
391 181 145
392 469 808
393 45 171
394 564 290
395 290 11
396 590 565
397 200 689
397 23 214
397 51 477
398 90 304
399 593 286
399 357 159
400 512 206
400 334 923
401 251 386
402 63 938
403 370 74
403 335 856
404 517 713
404 390 63
405 558 308
406 114 421
407 4 830
407 295 131
408 378 578
408 18 225
409 495 317
409 167 260
410 32 494
410 317 89
411 90 387
412 566 688
413 491 440
413 220 744
413 298 407
413 108 258
414 566 285
414 414 412
415 55 412
416 538 22
417 444 628
417 292 955
418 335 35
418 419 776
418 88 678
418 406 555
419 215 464
420 547 201
420 281 767
420 228 238
421 198 962
422 426 871
423 50 972
423 311 475
424 324 720
425 513 259
426 535 755
426 177 286
427 65 334
427 1 584
428 221 602
428 304 812
428 531 503
428 405 271
428 15 526
428 370 831
429 243 469
430 179 490
430 190 934
430 324 918
430 575 402
431 434 699
431 456 352
432 188 588
433 53 87
433 441 280
434 547 775
435 269 545
436 505 876
437 280 927
438 324 535
439 523 734
439 95 749
440 294 188
441 498 883
442 477 804
442 181 140
442 143 724
442 167 437
443 300 408
444 70 469
445 113 141
445 173 94
446 165 596
447 569 575
447 82 589
448 449 234
448 560 730
448 142 688
448 277 881
448 9 672
448 13 575
449 395 84
449 266 53
449 408 869
450 521 204
450 104 560
451 225 296
451 433 92
451 514 34
452 369 992
453 152 107
454 520 800
455 171 708
455 147 853
455 389 313
456 409 661
456 425 603
457 490 878
458 530 905
458 21 44
458 531 962
458 488 147
458 495 746
459 271 276
460 522 742
460 420 430
460 155 403
460 378 666
460 215 213
460 163 561
460 135 203
461 304 140
461 273 901
462 556 376
463 340 132
464 270 670
465 357 186
465 461 188
466 581 594
467 321 485
468 234 794
468 283 267
468 93 319
469 409 982
470 88 741
471 408 283
471 314 11
472 577 350
472 247 960
473 383 943
474 349 234
474 364 748
475 290 977
476 329 195
477 351 746
477 317 258
477 129 18
478 356 175
478 176 338
478 346 126
478 249 271
479 98 183
480 477 575
480 456 527
480 523 888
480 55 902
481 139 738
482 547 57
483 127 633
483 389 399
484 541 971
484 27 248
484 350 473
485 330 34
486 329 368
487 508 149
487 463 200
488 472 158
489 545 791
489 535 870
489 432 710
489 42 877
489 338 580
490 461 833
490 331 804
491 30 929
491 213 710
491 59 807
492 401 234
492 544 674
492 598 673
493 248 135
494 187 640
494 249 531
495 567 815
496 326 110
496 118 452
496 57 679
497 498 868
498 449 280
498 427 510
498 59 922
498 382 942
498 408 167
499 308 417
500 114 85
500 590 688
500 216 28
501 111 376
502 401 414
502 258 860
503 193 278
504 39 777
505 121 798
506 409 480
507 219 669
507 415 409
508 10 105
509 254 862
510 458 914
511 537 566
511 102 90
511 75 392
512 167 454
512 447 757
513 277 566
513 235 229
513 556 480
514 555 551
515 578 213
515 173 394
516 59 466
517 547 716
517 19 445
517 447 33
518 75 100
519 331 675
519 267 328
520 134 975
520 478 290
521 515 706
522 589 494
522 334 461
522 372 910
522 532 426
523 14 377
523 197 119
524 396 526
524 51 341
525 572 783
525 327 75
526 300 661
527 48 978
528 87 27
528 541 348
529 570 270
529 347 757
530 536 187
530 69 39
530 582 962
530 552 156
530 415 134
531 345 695
531 166 219
531 498 170
532 105 161
533 415 710
534 9 948
535 481 117
535 111 571
535 98 909
535 423 60
536 514 751
536 96 172
537 540 233
537 161 336
538 237 15
539 54 348
540 505 694
541 296 348
541 234 49
542 405 672
542 260 769
542 480 690
542 67 798
543 272 834
544 465 199
545 384 733
545 70 391
546 391 948
547 529 873
547 174 883
548 104 653
548 515 336
548 354 68
549 142 78
549 272 315
550 389 122
551 106 593
552 227 307
553 504 178
554 346 364
554 6 590
555 311 668
556 329 646
557 406 773
558 473 334
558 306 560
558 593 576
558 249 606
559 315 496
559 570 768
560 460 810
561 80 1
561 229 944
561 438 578
561 143 362
561 274 32
562 587 412
562 18 678
563 115 417
563 550 753
564 436 730
565 465 15
565 360 29
566 288 426
566 532 325
566 211 6
567 425 153
568 425 61
568 415 16
568 298 106
568 212 341
568 96 467
569 330 711
570 226 112
571 142 719
571 314 536
572 381 557
573 395 658
573 110 416
573 487 165
574 437 572
574 566 182
574 599 76
574 402 434
574 121 939
574 312 950
574 465 544
575 564 848
576 271 153
577 165 937
578 102 168
578 302 65
578 542 682
579 142 459
580 295 820
581 300 138
581 456 439
581 594 496
581 220 908
581 233 846
582 192 335
583 98 226
583 242 982
583 158 665
583 443 687
584 47 476
585 402 347
585 523 28
585 236 125
586 106 66
586 483 152
587 269 816
588 339 62
588 434 486
589 69 675
590 42 122
591 136 178
592 34 439
592 109 496
592 270 873
593 35 608
594 478 367
594 545 97
595 220 948
596 421 552
597 518 176
597 16 785
598 300 388
598 396 108
599 304 793
600 42 610
601 570 892
601 334 729
602 352 122
603 165 777
603 77 980
603 10 424
603 538 842
603 285 895
603 148 760
603 74 645
604 502 25
605 241 325
606 566 779
607 501 57
608 80 440
609 246 409
609 290 168
609 66 387
610 459 686
610 541 498
611 545 168
612 89 734
612 434 900
613 37 924
613 386 148
613 197 467
614 576 8
615 557 371
615 233 476
615 298 318
615 35 938
616 305 171
616 346 50
617 143 328
617 204 17
618 385 373
619 586 294
620 459 630
621 378 411
622 544 814
623 119 357
623 280 514
623 139 286
623 519 580
623 155 506
624 204 411
625 12 530
625 175 163
625 145 762
626 153 528
627 99 667
628 297 350
628 8 313
629 163 587
629 465 876
629 349 853
630 216 356
630 409 627
631 53 696
632 513 992
632 135 302
633 447 737
633 397 556
634 188 790
634 326 653
635 66 100
635 361 951
636 34 977
636 91 794
637 45 179
637 335 467
638 32 134
638 494 884
638 310 435
639 446 239
639 191 673
639 547 524
640 20 213
640 446 991
640 234 568
640 49 815
641 270 782
642 308 658
642 591 131
643 553 42
643 360 535
643 377 878
643 237 130
643 314 271
644 317 496
644 246 396
644 314 54
644 528 229
644 290 864
645 240 213
645 17 585
646 126 770
647 67 898
648 562 19
649 197 858
650 574 897
651 431 196
651 508 125
652 433 234
653 459 267
653 169 535
654 395 897
655 288 240
656 402 952
657 424 161
658 314 111
659 408 528
660 51 311
661 27 741
662 243 300
662 487 75
663 543 826
664 85 484
664 528 940
665 141 78
665 118 737
665 221 730
666 64 20
666 389 563
667 180 562
668 60 765
668 199 991
668 247 363
668 41 980
669 453 572
669 180 244
670 487 86
670 11 226
670 40 706
670 287 306
671 353 641
671 390 656
672 109 111
673 229 980
674 78 874
675 393 653
675 305 1
675 194 797
675 596 275
676 554 762
677 573 28
677 225 161
677 342 528
677 451 84
677 198 732
678 563 681
678 79 164
679 155 985
680 166 153
680 295 161
680 104 805
680 19 951
680 571 779
680 123 22
680 306 213
681 246 640
681 413 479
681 156 31
682 340 468
683 64 826
683 199 114
684 100 190
685 44 130
685 341 926
685 110 794
686 129 520
687 500 135
687 551 487
688 320 795
689 27 944
689 331 858
690 460 204
691 212 289
691 555 789
692 363 177
693 582 487
693 290 882
693 323 440
693 273 5
694 369 608
694 81 808
694 547 832
695 288 352
696 432 989
697 88 93
698 472 694
698 42 683
699 228 42
700 512 564
700 533 791
700 412 918
700 540 198
701 295 616
701 243 400
701 524 133
702 122 507
703 131 935
704 340 680
705 277 272
705 4 108
705 61 506
706 454 843
707 577 506
708 396 976
708 555 255
709 523 182
709 70 479
709 235 391
710 482 539
711 577 387
712 326 624
713 377 875
714 301 273
714 346 281
714 76 302
714 335 462
715 21 522
716 494 819
716 524 61
717 65 920
718 89 306
718 30 371
719 145 867
719 436 13
719 87 981
720 410 611
721 219 564
722 525 596
722 51 467
722 38 417
722 73 527
722 169 414
722 436 238
723 1 587
724 334 356
724 366 513
724 244 980
725 505 882
725 515 286
726 106 268
726 127 368
727 426 413
728 587 808
728 495 114
729 155 570
730 176 305
730 557 542
730 208 215
730 514 661
730 304 326
731 367 39
732 122 500
733 594 548
733 22 966
734 107 143
735 122 783
736 324 501
736 68 901
737 517 326
738 540 349
739 378 62
740 116 394
741 180 958
742 457 665
742 122 287
742 468 322
743 76 310
744 510 388
744 174 228
745 35 512
745 227 380
745 276 108
745 118 943
746 25 397
746 133 783
747 175 615
748 288 902
749 576 181
750 513 327
751 94 28
752 321 388
753 505 109
754 13 503
754 521 856
755 368 370
755 76 406
755 228 193
756 226 714
757 28 713
758 104 815
758 204 360
758 164 24
758 159 185
758 369 59
759 522 447
759 123 227
759 35 969
759 113 511
760 537 454
760 374 273
761 356 980
761 515 536
762 444 798
763 43 858
764 322 197
765 120 926
765 239 682
765 307 605
765 72 775
766 224 953
766 246 844
766 209 254
766 82 980
767 241 74
767 386 369
767 267 21
768 350 768
768 250 880
769 498 902
769 36 959
770 487 826
771 415 234
771 493 374
772 60 85
773 403 84
774 473 756
774 274 941
774 455 789
775 68 113
776 540 691
776 508 719
776 553 388
777 425 69
778 291 612
779 327 712
780 538 236
781 284 308
782 492 533
783 528 155
784 471 797
785 357 944
786 82 722
787 193 953
788 498 743
788 89 243
788 122 65
789 151 961
789 498 85
789 522 19
789 377 970
789 514 223
789 226 823
789 543 187
790 160 879
791 573 117
792 349 787
792 313 174
793 345 957
794 124 817
794 9 180
795 143 683
795 369 207
795 220 713
795 19 819
796 212 312
796 442 926
797 355 888
797 9 122
798 86 949
799 205 82
799 215 15
799 56 384
799 120 602
800 289 212
800 14 413
801 42 562
802 19 492
803 217 898
804 66 521
804 10 651
804 459 137
805 125 161
805 45 312
805 42 50
805 407 639
806 183 673
807 557 989
808 216 943
809 533 536
810 258 620
811 459 720
811 597 61
812 213 666
813 248 14
813 330 296
813 319 214
814 93 580
814 372 246
815 324 62
816 364 440
817 483 482
818 99 72
819 283 688
820 356 272
820 51 784
821 226 482
821 174 196
821 600 237
822 217 498
823 307 572
823 273 809
824 334 245
825 275 178
825 423 166
826 50 333
827 270 794
828 17 614
828 552 760
828 256 846
828 60 211
829 227 931
830 522 974
830 10 989
830 209 287
831 365 46
832 329 387
833 213 986
833 65 231
834 588 353
834 432 1000
835 44 765
835 137 201
836 496 181
837 197 902
838 453 256
839 12 363
839 553 375
839 506 954
840 159 186
841 10 249
842 492 421
843 60 18
843 237 766
843 153 468
844 267 769
845 224 267
845 544 335
846 223 688
846 100 3
846 466 205
847 208 982
848 545 956
848 112 8
848 593 685
848 206 607
849 196 282
850 253 238
851 273 762
852 58 834
852 120 886
853 100 581
854 238 725
854 96 443
854 548 619
854 33 660
855 187 309
856 597 629
856 460 715
857 67 329
858 178 189
858 554 142
859 62 697
859 78 7
859 245 534
860 176 230
860 502 77
860 99 416
861 3 102
862 338 615
862 226 325
862 240 534
862 509 328
863 224 746
863 552 293
863 314 556
864 368 459
865 574 362
866 444 213
866 449 577
866 272 659
867 521 154
868 78 996
869 320 139
870 206 865
871 353 647
872 118 886
873 225 280
874 600 301
874 390 594
874 423 186
874 275 141
874 512 167
875 582 163
875 600 498
875 575 347
876 431 860
876 433 831
876 366 640
876 86 553
877 417 889
877 9 124
877 499 835
877 132 217
877 263 450
877 467 69
877 14 139
878 398 545
879 395 432
879 99 827
879 70 212
879 257 43
880 200 684
881 61 118
882 52 37
883 231 765
884 50 700
885 249 353
885 343 45
885 506 387
886 368 876
886 48 120
886 98 702
887 318 732
887 570 459
887 96 903
888 286 585
889 134 917
890 458 421
890 367 885
891 495 904
891 119 4
891 462 664
891 49 66
891 102 258
891 10 246
891 438 819
892 191 736
892 395 447
892 434 853
893 208 311
893 148 751
893 28 867
893 423 728
894 542 670
895 443 48
896 136 535
896 509 602
896 330 910
897 229 657
897 107 211
898 120 479
898 84 858
898 349 823
898 425 427
898 490 228
899 172 422
899 377 548
900 520 994
900 111 383
900 68 950
900 146 931
900 517 69
900 466 938
900 168 422
901 26 851
902 434 142
903 517 571
903 45 468
904 252 77
905 26 25
906 202 794
907 304 483
908 493 302
909 383 313
909 99 7
909 579 8
910 419 852
911 376 220
912 527 623
912 571 322
913 495 656
913 117 931
913 358 158
913 112 639
914 405 734
914 563 237
915 185 380
916 350 597
917 261 518
918 105 598
919 238 411
919 53 493
920 122 141
921 283 908
921 247 921
921 399 159
921 99 767
922 221 240
922 339 680
923 160 977
923 584 815
924 182 892
924 457 355
925 325 464
926 583 892
927 452 609
927 383 618
927 571 386
927 56 493
928 190 925
928 200 226
929 281 494
930 239 956
931 102 142
932 18 464
932 89 478
933 480 990
933 257 482
934 413 418
935 432 915
936 361 50
936 57 168
937 246 711
938 71 818
938 288 488
939 105 150
940 339 60
940 62 431
941 257 221
941 430 558
941 372 901
942 71 88
943 274 965
943 60 666
944 62 429
944 578 891
945 143 405
946 443 270
946 552 919
947 430 257
947 174 298
948 168 46
949 197 241
950 474 250
950 337 860
950 428 565
950 261 470
951 110 99
952 552 972
953 472 643
953 523 989
953 270 602
953 374 6
954 316 349
955 559 249
955 429 821
956 127 469
957 435 978
957 596 267
957 334 265
958 532 539
958 476 828
959 553 736
959 186 689
960 575 100
960 69 565
961 284 693
961 83 626
962 82 314
963 210 95
963 358 13
964 146 289
964 447 889
965 118 860
966 429 492
966 334 49
967 343 119
968 73 518
968 198 824
968 376 132
968 539 476
968 267 118
969 358 132
969 384 967
969 159 948
969 58 358
969 246 442
970 486 329
971 549 281
972 512 844
973 528 536
973 522 45
974 112 191
974 594 614
975 479 643
975 304 659
976 557 395
976 198 679
977 153 460
977 511 231
978 152 666
979 586 33
979 525 421
979 558 270
979 444 499
980 143 273
980 487 839
981 262 146
981 92 989
981 282 677
981 188 773
981 352 36
982 233 332
983 165 399
984 94 937
985 387 916
986 164 440
987 300 236
987 468 782
988 331 342
988 505 711
989 552 258
990 254 294
990 591 580
991 482 590
991 255 182
991 119 456
991 166 362
991 186 206
992 564 487
993 398 871
993 323 98
993 19 611
994 443 873
994 195 383
994 575 790
994 552 214
994 460 203
994 63 603
994 333 287
995 12 191
995 357 611
995 381 201
995 321 389
996 266 607
997 188 223
998 461 615
998 125 332
999 176 414
1000 7 310
1001 201 859
1002 482 414
1002 61 370
1003 311 292
1004 545 42
1005 283 415
1006 10 750
1006 384 380
1006 344 667
1006 497 306
1007 254 116
1008 62 73
1008 155 707
1008 155 353
1008 39 372
1008 7 474
1008 529 436
1008 491 625
1008 425 748
1008 581 603
1008 455 684
1009 337 536
1009 420 102
1009 387 54
1010 332 703
1011 246 303
1011 518 293
1011 459 807
1011 454 705
1012 522 138
1013 472 541
1014 296 284
1014 135 985
1015 91 90
1015 322 565
1015 366 856
1016 535 884
1016 89 859
1016 51 505
1017 62 485
1017 191 372
1018 500 200
1018 586 504
1018 558 95
1019 6 249
1019 179 860
1019 495 273
1019 476 415
1019 280 552
1019 169 781
1019 360 46
1019 394 642
1019 148 522
1020 416 499
1020 457 184
1021 594 718
1021 65 559
1021 420 545
1021 375 804
1021 154 58
1022 25 719
1023 575 914
1023 561 965
1023 393 656
1024 247 533
1024 191 930
1024 51 745
1024 158 383
1024 450 15
1024 481 951
1025 592 30
1025 43 542
1026 30 833
1027 480 562
1027 378 699
1028 90 338
1029 387 794
1029 62 293
1030 313 677
1031 154 100
1032 60 926
1033 456 610
1034 253 470
1035 586 64
1035 585 688
1036 344 106
1036 10 326
1037 226 721
1037 183 610
1037 124 218
1038 444 665
1039 135 662
1039 262 219
1040 6 344
1041 290 803
1042 347 642
1042 448 176
1043 175 943
1044 14 115
1044 378 84
1045 227 674
1045 370 533
1046 27 147
1047 520 927
1048 229 380
1049 514 657
1049 582 800
1049 373 755
1049 326 901
1050 80 212
1051 10 453
1052 126 747
1052 353 319
1052 593 675
1052 86 192
1053 289 169
1054 265 962
1054 248 907
1054 58 470
1055 32 201
1056 297 747
1057 23 922
1058 99 381
1059 158 846
1060 151 481
1060 154 137
1060 584 138
1061 516 308
1061 181 1000
1062 341 224
1063 142 557
1064 588 140
1065 327 677
1065 261 33
1065 348 956
1065 207 778
1065 106 420
1065 476 27
1065 71 542
1065 123 44
1066 290 592
1067 53 326
1068 20 990
1068 386 935
1069 135 145
1070 590 202
1071 182 125
1071 209 468
1072 580 663
1073 82 268
1073 203 466
1073 33 596
1073 549 730
1074 522 728
1075 448 921
1076 259 847
1077 227 779
1078 145 722
1078 351 380
1079 346 419
1079 24 937
1079 359 525
1080 444 124
1081 548 840
1081 5 931
1082 246 720
1083 502 638
1083 558 707
1083 510 312
1084 46 768
1084 436 952
1085 45 494
1085 363 328
1086 286 547
1087 520 770
1088 26 574
1088 537 557
1088 114 597
1088 30 677
1088 450 358
1089 596 601
1089 257 640
1089 257 252
1089 390 362
1090 160 470
1090 11 638
1091 180 188
1091 52 695
1092 32 684
1092 117 986
1092 526 256
1092 219 170
1092 467 402
1093 360 888
1094 540 424
1094 502 727
1094 273 377
1095 536 65
1096 351 729
1096 228 924
1096 325 437
1097 232 890
1097 269 481
1098 596 832
1099 307 117
1100 55 90
1100 499 86
1101 122 442
1101 144 571
1101 92 230
1102 147 895
1103 548 385
1103 42 176
1103 198 772
1104 217 338
1105 411 871
1105 281 630
1106 278 466
1106 281 746
1107 447 575
1108 583 954
1108 63 152
1109 595 995
1110 84 917
1111 21 542
1112 234 709
1113 430 636
1114 358 662
1114 77 88
1114 564 273
1114 23 506
1114 598 905
1114 253 990
1114 464 190
1115 277 423
1116 225 510
1117 110 775
1117 552 349
1117 486 67
1118 101 576
1118 19 217
1118 89 182
1119 542 835
1120 87 905
1120 214 697
1120 499 612
1120 23 100
1120 359 168
1121 122 417
1121 236 219
1122 485 882
1122 307 243
1122 194 413
1123 397 252
1124 535 313
1125 412 516
1125 272 454
1126 586 488
1127 213 638
1127 541 365
1128 3 395
1129 173 294
1129 449 699
1130 270 397
1131 157 926
1131 25 67
1131 77 920
1131 408 453
1131 581 507
1132 437 846
1132 212 695
1132 210 616
1133 485 723
1134 486 653
1135 244 555
1136 490 208
1137 443 340
1137 438 645
1138 97 291
1139 567 850
1139 211 375
1139 580 330
1140 491 682
1141 183 286
1142 373 629
1143 119 117
1143 292 644
1144 185 909
1144 454 171
1145 529 894
1146 467 697
1147 93 553
1147 162 598
1147 517 316
1148 245 416
1149 245 667
1149 217 238
1150 546 261
1150 383 722
1150 521 563
1150 53 689
1150 128 709
1150 575 866
1151 443 515
1152 319 962
1152 24 629
1152 97 310
1152 178 284
1152 277 451
1153 406 744
1154 491 790
1154 12 999
1154 414 757
1155 434 141
1156 220 892
1157 9 496
1157 114 511
1157 206 656
1158 564 367
1158 474 937
1159 472 282
1159 221 150
1160 56 741
1160 404 177
1160 375 180
1160 91 386
1161 41 523
1161 149 391
1161 62 926
1162 284 171
1162 383 222
1162 89 196
1163 385 949
1164 102 836
1164 155 493
1164 241 986
1165 575 779
1165 153 344
1166 69 639
1167 268 937
1167 324 359
1167 368 164
1168 13 651
1168 148 22
1169 188 673
1170 432 980
1171 17 978
1172 493 777
1173 117 651
1173 43 104
1174 208 445
1174 569 817
1175 144 845
1176 139 193
1176 324 125
1177 92 960
1178 199 19
1178 163 710
1178 269 161
1179 584 12
1180 208 375
1180 577 623
1180 17 617
1181 104 90
1182 335 780
1182 277 151
1183 468 724
1183 35 370
1183 324 565
1183 506 530
1184 254 902
1184 30 820
1185 433 177
1186 242 881
1186 318 944
1186 367 742
1186 535 25
1186 441 887
1186 537 861
1187 395 59
1187 437 281
1188 173 684
1189 572 236
1190 353 938
1190 526 494
1190 13 114
1191 429 460
1191 524 169
1191 561 590
1192 180 324
1193 157 853
1194 599 467
1195 169 590
1196 399 796
1196 227 340
1197 560 903
1198 224 276
1198 462 182
1199 135 337
1199 86 565
1199 596 538
1200 172 522
1200 102 110
1201 185 950
1201 387 46
1202 281 74
1202 573 766
1202 215 262
1203 591 610
1203 281 386
1204 510 730
1205 106 242
1206 161 569
1206 516 13
1207 586 436
1207 595 629
1207 355 134
1207 241 824
1207 143 756
1207 301 253
1208 443 32
1209 112 266
1209 133 460
1209 520 792
1210 235 706
1210 582 354
1211 58 558
1211 312 342
1211 301 564
1212 167 389
1212 372 913
1213 345 175
1213 109 595
1214 85 763
1214 455 100
1214 528 592
1214 551 781
1214 302 223
1214 394 662
1215 286 502
1215 499 643
1216 171 976
1216 476 347
1216 93 532
1217 210 485
1218 206 42
1218 180 779
1218 464 229
1219 419 694
1219 376 507
1219 63 743
1219 481 186
1220 244 62
1220 34 936
1221 378 866
1221 101 557
1222 421 806
1222 323 887
1223 241 607
1224 209 604
1225 438 801
1226 191 314
1226 425 920
1227 222 967
1227 66 559
1228 467 700
1229 9 492
1229 273 455
1230 111 617
1231 63 959
1232 558 305
1232 422 224
1232 12 91
1232 441 491
1232 7 742
1232 496 214
1233 486 968
1233 293 116
1233 98 83
1234 307 275
1234 151 684
1234 567 300
1235 57 713
1236 323 506
1237 161 582
1237 174 238
1237 558 184
1237 269 898
1238 340 313
1239 373 289
1240 6 626
1240 65 191
1240 464 387
1240 88 955
1240 210 689
1241 390 53
1242 360 47
1243 536 498
1244 213 602
1244 241 173
1245 498 763
1246 64 521
1246 518 746
1247 241 145
1248 522 323
1248 56 279
1249 304 975
1249 192 214
1249 509 944
1250 304 67
1251 455 136
1251 460 416
1251 479 190
1252 299 783
1252 24 283
1253 415 620
1254 367 296
1254 378 474
1255 87 557
1255 335 113
1256 220 11
1256 312 401
1257 205 564
1258 251 80
1258 242 501
1259 244 609
1259 299 993
1260 523 985
1260 189 376
1260 145 866
1260 284 517
1261 503 180
1262 482 861
1262 7 893
1263 431 334
1263 347 344
1264 491 154
1264 211 761
1264 466 984
1265 455 337
1265 154 782
1265 340 16
1265 350 805
1265 577 49
1266 166 676
1266 257 579
1267 250 446
1267 543 1
1267 559 668
1267 241 969
1268 154 724
1269 592 57
1269 343 422
1269 261 288
1269 6 426
1270 74 958
1271 210 703
1272 112 32
1272 223 142
1273 441 667
1274 358 151
1274 426 739
1275 125 375
1275 270 204
1276 449 886
1276 284 484
1276 352 132
1276 331 190
1276 246 544
1276 452 533
1277 569 968
1277 597 763
1277 144 623
1278 326 118
1278 279 71
1279 451 883
1280 524 135
1281 422 379
1281 218 289
1282 495 7
1283 261 539
1284 581 236
1284 282 21
1284 129 127
1285 212 254
1286 430 200
1287 150 353
1287 412 142
1287 277 967
1288 27 262
1289 485 1000
1290 345 53
1290 359 141
1290 458 75
1291 462 991
1292 390 391
1292 300 914
1293 456 10
1294 221 86
1295 428 398
1296 474 29
1296 461 861
1297 283 739
1297 525 518
1297 42 567
1297 36 973
1298 161 61
1299 478 165
1300 305 340
1301 324 862
1302 66 67
1303 230 981
1303 262 899
1304 365 443
1305 2 982
1306 568 328
1306 437 496
1306 366 412
1307 576 643
1307 402 731
1308 474 610
1309 287 395
1310 79 50
1311 232 259
1312 438 62
1312 235 921
1312 45 420
1312 28 795
1313 312 533
1314 324 799
1315 433 630
1316 348 889
1316 209 745
1316 29 918
1317 249 526
1317 261 339
1317 7 315
1317 269 504
1318 518 500
1318 199 827
1318 493 222
1318 165 530
1319 530 117
1319 209 229
1319 83 40
1319 86 25
1319 592 900
1319 546 942
1319 4 613
1320 496 500
1321 282 521
1322 359 638
1322 139 178
1322 455 757
1323 147 750
1323 281 855
1324 101 193
1325 27 909
1325 98 349
1325 23 967
1326 75 953
1327 1 714
1328 409 37
1329 458 492
1330 338 298
1330 138 531
1331 588 19
1331 171 654
1332 582 763
1332 561 854
1332 301 320
1333 377 759
1334 370 334
1335 523 391
1336 379 815
1337 61 624
1338 370 929
1339 58 441
1340 432 214
1341 59 464
1342 595 275
1342 14 491
1342 367 609
1343 321 48
1344 119 791
1345 206 585
1346 49 499
1346 200 497
1347 42 404
1348 232 858
1348 16 923
1348 103 930
1348 210 877
1348 541 918
1349 257 629
1349 172 725
1349 165 987
1349 6 418
1349 576 191
1350 525 475
1350 201 556
1350 360 266
1350 526 418
1351 446 828
1352 216 519
1352 493 107
1352 165 428
1352 562 343
1353 546 988
1353 577 175
1354 575 256
1354 582 702
1354 426 69
1355 561 169
1355 90 462
1356 407 420
1357 254 244
1358 357 772
1359 24 63
1359 316 276
1360 406 269
1360 330 865
1360 9 863
1361 301 707
1361 560 744
1362 247 552
1363 218 324
1363 315 917
1364 183 756
1365 532 667
1365 382 468
1366 110 928
1367 23 217
1367 324 841
1368 308 584
1368 146 147
1368 430 974
1369 163 877
1369 351 342
1369 41 445
1370 336 525
1371 257 742
1371 230 671
1371 93 649
1372 514 749
1372 30 834
1373 294 128
1373 408 685
1373 482 61
1374 594 160
1374 255 866
1375 264 46
1376 109 720
1376 63 865
1376 437 204
1377 235 342
1378 576 310
1378 157 400
1379 196 956
1379 570 209
1380 556 18
1381 408 392
1382 519 864
1383 436 954
1383 163 252
1383 232 799
1384 565 241
1384 75 698
1384 53 560
1384 598 940
1384 46 653
1385 191 385
1386 89 656
1387 456 974
1388 372 833
1388 562 227
1389 448 798
1390 359 735
1390 306 919
1391 256 561
1391 52 249
1391 29 16
1391 568 610
1392 427 321
1392 81 11
1393 227 276
1393 491 289
1394 592 838
1395 400 64
1396 590 501
1397 129 362
1397 432 81
1398 542 296
1399 98 243
1400 491 510
1401 313 424
1402 52 410
1403 370 207
1404 143 195
1405 4 987
1406 265 780
1406 452 676
1407 373 580
1407 254 957
1408 387 676
1408 81 20
1409 374 467
1409 307 538
1410 300 378
1411 303 570
1411 53 277
1412 143 259
1412 572 200
1412 102 995
1412 334 789
1412 559 967
1413 128 269
1413 151 524
1413 274 4
1413 578 701
1413 119 415
1414 26 547
1415 510 71
1416 466 194
1416 131 353
1416 249 295
1416 434 80
1416 137 913
1417 361 124
1418 380 975
1419 241 710
1419 270 927
1420 490 38
1420 556 115
1421 406 635
1421 560 386
1422 46 417
1422 454 756
1423 9 7
1423 190 798
1424 552 153
1425 475 911
1425 435 503
1426 275 235
1427 510 886
1427 224 508
1427 179 517
1428 314 307
1429 110 904
1429 16 611
1430 482 673
1431 584 613
1432 319 726
1432 472 245
1432 316 820
1432 48 363
1433 364 733
1433 585 939
1433 480 987
1433 478 64
1434 52 380
1435 334 16
1436 79 272
1437 599 26
1437 10 505
1437 429 45
1438 114 652
1439 567 111
1439 204 149
1439 448 14
1440 569 945
1441 355 678
1442 525 420
1443 220 843
1444 210 139
1445 227 240
1445 445 710
1446 272 618
1446 108 38
1447 59 124
1448 252 797
1449 554 686
1449 188 881
1449 502 293
1449 102 856
1449 432 116
1449 183 896
1450 45 575
1450 320 414
1450 313 844
1451 76 860
1452 189 221
1452 578 281
1452 484 375
1452 151 902
1452 196 60
1452 478 450
1452 585 895
1453 277 823
1453 174 315
1453 390 745
1453 127 285
1453 593 192
1453 473 382
1453 530 226
1454 133 167
1455 255 544
1455 555 41
1455 557 99
1456 511 269
1457 192 303
1458 373 127
1458 117 367
1459 155 385
1460 147 604
1460 416 616
1461 499 234
1461 256 1
1462 111 356
1463 305 104
1463 594 602
1464 204 829
1464 574 482
1464 106 624
1465 257 978
1466 44 631
1466 365 798
1466 4 525
1467 238 688
1468 208 28
1468 26 140
1469 228 582
1469 160 345
1469 326 586
1470 165 514
1470 10 957
1471 593 70
1471 198 787
1471 81 847
1472 264 774
1473 210 188
1474 170 335
1474 147 841
1474 545 573
1474 217 606
1474 493 493
1474 559 463
1475 1 213
1475 452 538
1475 600 775
1475 491 467
1475 307 41
1476 385 614
1476 336 28
1477 330 471
1477 293 392
1478 122 114
1479 58 470
1479 133 825
1479 352 351
1480 378 480
1481 443 728
1481 305 568
1482 474 147
1483 40 431
1484 164 961
1485 110 494
1486 83 229
1486 333 324
1487 286 8
1487 396 154
1488 142 38
1488 276 485
1489 553 423
1490 83 927
1490 120 839
1491 426 574
1491 232 74
1492 499 254
1493 130 821
1493 369 772
1494 584 337
1495 77 786
1496 439 779
1497 95 384
1497 46 457
1498 393 72
1499 26 666
1499 197 864
1499 593 822
1500 223 704
1501 388 739
1502 23 84
1503 120 309
1503 34 344
1503 64 545
1504 109 867
1505 407 115
1506 582 359
1507 418 810
1507 417 36
1507 444 335
1507 599 758
1507 436 430
1508 499 349
1508 267 801
1508 155 427
1508 339 147
1508 238 599
1509 122 321
1510 75 786
1510 200 537
1510 494 930
1510 298 930
1511 361 898
1512 336 242
1513 59 913
1513 466 890
1513 190 685
1514 539 147
1514 501 808
1514 488 211
1514 80 701
1515 526 630
1516 250 343
1516 215 760
1516 169 229
1516 370 684
1517 237 979
1518 78 705
1519 254 112
1520 105 822
1521 239 525
1521 246 415
1522 500 903
1522 431 468
1522 183 844
1523 466 461
1523 258 238
1523 429 689
1523 77 287
1524 596 946
1524 173 938
1524 188 34
1524 590 289
1525 90 387
1526 200 702
1527 571 347
1528 238 163
1528 397 804
1528 492 766
1528 30 802
1528 378 639
1528 296 640
1529 552 690
1530 248 69
1530 166 255
1531 258 525
1531 217 880
1532 207 787
1533 442 626
