600 1000 50 10 3000
76 97
53 44
89 20
23 48
72 10
57 77
79 5
66 85
56 21
20 16
43 63
38 61
79 0
6 88
47 87
65 23
36 18
68 25
38 91
26 63
53 83
92 33
40 58
70 96
80 42
65 75
5 3
36 36
3 94
25 2
81 90
26 17
60 46
95 50
89 21
13 43
56 6
28 96
16 98
45 96
41 62
71 98
65 59
87 21
6 12
23 87
54 49
57 14
47 4
64 37
25 30
32 33
36 60
81 4
58 78
1 51
40 24
2 6
36 89
27 42
53 2
29 7
4 38
21 51
42 37
40 19
67 72
52 55
32 34
60 43
64 13
46 5
37 48
11 73
89 90
15 42
92 97
49 96
87 70
0 30
60 40
49 27
13 54
83 45
40 95
88 4
8 35
9 45
35 72
71 25
14 38
67 7
87 17
55 75
39 55
57 99
96 58
27 9
12 62
6 4
57 47
9 17
34 70
62 69
43 85
94 57
24 14
16 63
31 24
38 22
79 47
22 27
6 1
88 18
15 95
23 24
94 84
41 28
54 55
49 49
41 96
59 17
10 27
80 93
51 71
15 31
18 89
58 24
42 99
95 9
94 70
33 40
6 26
68 12
82 17
62 75
65 73
44 75
0 76
20 52
47 36
35 18
77 45
94 72
44 41
63 67
30 69
93 50
82 27
20 96
54 85
69 98
61 21
27 81
73 74
69 8
44 99
54 39
71 50
32 4
71 71
65 17
74 99
44 94
95 51
79 16
1 92
38 28
74 63
55 95
24 99
46 30
90 17
80 23
22 21
19 45
45 36
62 19
36 59
13 31
62 44
0 63
37 38
92 63
53 47
58 77
98 5
7 89
74 88
64 48
61 35
46 58
71 8
77 7
19 42
91 81
87 91
45 24
81 89
39 34
88 97
64 86
54 71
11 91
81 25
26 27
83 98
88 13
57 7
7 48
41 94
91 38
70 72
79 9
59 67
59 23
53 65
94 81
98 58
24 80
83 51
7 18
1 95
31 58
55 39
59 48
85 50
86 8
75 65
17 34
32 28
9 37
46 55
70 44
13 95
24 48
98 84
67 99
79 50
9 86
41 20
34 27
23 72
35 98
89 4
84 73
85 45
11 31
0 81
75 66
76 52
14 74
36 33
25 67
36 87
6 77
7 40
56 30
65 43
80 54
0 16
28 85
61 39
68 62
72 95
28 1
47 94
27 83
28 53
3 64
40 9
93 99
1 50
30 66
45 10
21 45
27 1
82 40
92 50
2 64
65 93
25 45
29 5
21 90
93 14
89 46
16 19
13 62
82 86
59 61
87 42
1 79
44 56
43 90
36 15
6 17
20 56
1 41
46 46
8 87
92 76
7 57
38 41
43 50
54 30
44 7
9 88
63 5
79 2
18 67
17 76
36 38
32 37
31 30
35 91
17 79
68 76
37 58
17 80
8 23
11 52
31 72
29 72
48 47
91 66
23 27
56 7
16 39
37 51
31 55
82 99
31 19
9 1
0 18
76 63
22 7
87 15
54 17
39 2
16 30
68 40
57 76
47 25
16 37
28 99
44 11
98 27
30 59
80 82
77 57
45 52
64 85
67 70
2 7
73 18
37 93
10 47
70 10
24 38
47 53
37 91
64 35
18 94
46 99
77 24
8 74
28 72
59 95
95 61
2 68
32 92
61 42
91 83
52 15
68 58
94 32
45 13
79 92
64 8
68 72
82 96
96 94
91 91
7 46
11 39
90 25
34 33
8 38
48 82
90 69
40 84
53 86
49 84
30 65
92 98
89 75
46 38
69 89
81 28
35 93
68 77
18 2
10 78
92 11
60 82
80 53
19 85
91 20
70 21
38 62
71 79
89 69
17 10
58 99
39 46
44 59
23 14
13 86
92 5
97 5
40 29
58 11
14 49
83 36
70 73
51 93
53 92
62 70
55 20
21 46
18 65
5 94
79 70
80 24
27 77
29 19
58 87
30 24
36 66
61 58
39 64
3 92
56 17
63 11
89 36
9 8
2 66
2 33
36 82
57 64
11 86
83 69
25 66
93 61
32 6
70 26
16 79
43 31
42 33
67 52
41 69
18 95
3 55
77 12
71 88
99 54
9 24
72 2
38 4
61 61
28 31
88 44
10 31
27 53
16 94
57 57
64 75
52 19
82 81
31 53
21 82
60 30
59 32
85 97
58 69
29 98
65 40
30 92
45 46
86 2
56 2
29 60
73 12
42 57
17 15
39 29
46 98
14 83
95 3
29 6
24 58
4 89
50 86
81 47
85 67
1 93
22 31
53 95
95 47
52 64
63 92
94 61
42 8
44 90
63 25
96 87
35 52
76 86
91 9
33 76
28 87
69 50
18 74
98 65
22 50
29 37
94 75
98 89
35 42
79 98
67 27
85 54
79 13
40 22
22 26
98 51
13 19
46 51
0 68
54 81
5 48
57 55
37 92
97 68
43 16
95 80
70 27
94 63
49 68
41 0
71 54
89 17
28 89
37 82
22 94
83 79
49 72
24 98
41 19
14 88
99 37
15 93
52 17
14 93
69 85
99 40
10 40
10 91
73 3
42 56
81 11
90 74
30 56
62 29
45 30
75 49
47 89
42 16
74 93
8 37
33 18
28 14
66 53
70 60
62 5
51 43
16 93
17 98
50 79
27 47
9 54
97 8
43 91
76 70
85 85
7 70
55 87
37 73
40 7
33 2
45 32
30 62
30 32
80 55
12 29
16 7
20 92
77 5
29 84
76 37
23 13
10 64
72 44
66 36
81 12
68 11
26 98
96 72
7 76
80 71
5 96
31 77
40 8
35 22
45 11
59 68
76 21
32 0
17 99
36 98
63 56
62 41
6 10
14 13
86 46
37 43
94 68
72 34
28 7
8 73
70 19
94 46
41 26
98 10
77 86
9 92
42 23
34 48
33 0
14 71
46 3
66 92
23 38
26 51
46 87
77 16
58 71
15 99
49 65
62 79
52 71
71 46
46 57
95 31
57 61
16 20
99 39
65 19
77 23
42 92
75 92
23 61
60 94
8 58
4 55
89 13
68 43
21 84
15 20
75 25
98 17
34 63
89 11
39 31
55 66
75 16
3 98
78 15
45 86
73 1
14 61
9 35
97 24
8 72
1 6
41 87
22 30
50 61
14 57
79 89
74 82
40 52
49 37
90 35
96 97
92 45
73 0
17 74
58 58
62 80
41 64
93 55
22 72
96 96
0 55
77 90
81 67
25 69
24 73
18 16
18 91
68 87
66 26
97 80
59 90
44 52
45 18
25 94
82 14
91 12
56 72
79 33
42 3
58 12
71 28
4 39
15 22
66 65
54 25
55 50
29 1
69 6
47 83
90 81
50 33
93 58
5 73
92 99
28 50
12 0
31 68
90 57
11 44
34 67
94 64
20 15
22 19
51 64
0 1
97 94
59 55
19 3
54 47
6 18
47 37
86 39
35 76
96 99
72 83
66 19
47 38
34 21
57 85
86 9
38 35
5 45
22 11
15 21
0 2
60 36
30 9
87 3
92 53
74 91
43 60
12 52
98 50
13 36
86 69
38 76
43 44
73 17
91 8
43 3
96 73
12 83
28 56
88 2
99 83
63 64
87 61
14 0
49 52
69 88
81 65
32 54
82 91
95 73
51 38
29 99
64 93
34 92
50 74
47 49
57 62
13 96
75 80
32 18
83 48
20 18
40 67
58 72
91 22
66 25
66 68
0 13
69 9
75 83
6 50
15 55
27 99
25 91
65 61
92 37
79 32
4 74
75 62
47 18
36 65
44 3
33 96
68 2
57 96
37 15
98 4
22 25
4 48
69 69
6 92
45 62
66 20
77 65
39 13
30 35
68 15
83 89
70 40
85 7
8 83
12 30
61 68
30 82
43 95
83 88
57 50
60 86
52 98
86 20
13 69
10 46
43 70
82 7
0 43
75 31
77 64
74 20
11 58
60 20
60 72
7 27
24 59
77 10
31 43
78 42
91 21
12 25
80 64
20 55
95 97
71 70
80 29
55 40
2 14
19 78
73 97
88 56
40 20
1 18
62 93
92 26
18 72
91 39
80 38
36 51
60 6
38 92
87 93
84 41
7 4
19 32
1 8
88 93
28 42
11 43
35 3
21 5
28 64
44 8
3 33
11 15
91 49
8 78
94 92
20 1
48 91
85 1
99 26
94 80
75 3
60 41
13 57
90 61
83 81
62 43
11 57
88 83
10 36
75 96
38 74
22 32
6 42
42 81
97 56
30 57
97 95
14 47
63 4
60 98
37 22
42 1
84 42
66 59
90 56
86 12
41 92
6 83
26 3
39 8
60 37
3 75
84 18
31 96
16 21
70 58
22 2
96 59
18 86
15 56
50 56
0 56
40 78
59 79
38 71
46 52
11 30
48 28
3 71
38 77
73 79
35 21
90 5
7 5
61 57
62 14
13 2
92 24
33 31
24 94
54 36
76 3
26 6
56 51
72 27
49 79
33 62
88 47
76 1
49 69
77 82
52 72
84 76
18 39
64 94
73 20
39 81
23 28
25 95
56 26
26 41
88 14
88 65
67 89
86 44
68 8
66 87
33 93
15 59
13 6
40 36
83 43
43 9
36 84
75 24
1 42
13 39
38 36
77 6
96 95
45 95
30 79
88 98
38 53
4 30
89 43
0 24
86 95
33 74
79 8
98 32
2 63
71 40
52 0
99 48
96 44
96 78
75 84
76 65
38 81
48 79
4 63
95 89
37 75
50 88
59 52
3 31
45 7
31 44
8 79
58 16
88 34
81 26
67 29
6 44
29 62
59 25
51 48
52 53
88 11
94 3
51 78
47 59
9 87
3 4
54 37
30 73
18 88
17 0
50 28
25 54
77 29
7 65
92 65
20 61
65 67
20 74
7 36
94 62
40 0
99 22
73 70
70 13
71 95
19 0
76 79
18 68
96 79
7 17
40 72
36 13
99 43
1 45
6 41
97 57
63 70
27 26
65 97
92 89
44 63
42 59
41 91
39 48
8 31
73 44
96 24
69 46
90 66
3 6
84 6
80 76
95 77
92 36
49 34
48 90
25 39
39 85
70 12
30 19
36 70
68 57
75 71
6 53
21 87
82 16
16 74
5 65
8 53
56 86
92 95
71 14
59 53
85 47
75 54
56 43
17 31
67 34
46 73
39 20
12 21
88 28
95 93
94 56
98 2
42 42
57 8
71 94
42 17
46 9
3 44
34 43
64 99
64 53
27 12
68 97
39 24
79 48
84 50
49 43
6 91
13 52
52 16
97 86
11 61
37 76
40 65
90 60
62 18
22 1
4 45
70 53
40 77
44 53
29 48
70 78
34 81
92 72
9 58
89 1
23 31
61 37
49 83
39 92
37 41
71 41
38 93
46 78
22 42
90 54
82 76
35 74
0 97
33 41
98 8
73 60
46 22
95 37
66 32
30 89
25 68
83 23
65 78
61 55
32 44
84 20
18 84
69 3
26 67
12 51
79 10
73 75
47 92
59 29
81 85
97 16
60 95
74 26
26 35
33 10
31 17
30 50
54 99
5 32
19 69
25 78
0 85
7 82
22 56
50 82
52 24
12 94
88 43
63 71
45 69
22 3
72 36
92 4
45 17
34 45
2 42
79 24
50 30
7 2
6 67
80 70
94 14
66 48
8 91
84 0
47 81
17 81
79 72
23 58
96 74
40 55
21 36
82 87
13 26
3 60
92 21
8 0
12 44
0 11
26 70
93 5
94 8
98 23
7 73
84 28
61 18
68 75
44 71
35 36
89 57
91 41
68 69
26 5
30 42
48 24
50 98
99 9
23 35
89 84
53 57
59 49
80 46
38 73
93 27
82 85
6 32
64 33
27 89
22 77
87 74
38 10
9 27
95 15
37 6
64 17
5 2
42 98
81 76
35 50
79 42
82 95
93 2
13 67
31 0
41 21
63 51
0 10
66 37
16 82
7 21
72 66
78 7
1 2
4 28
26 97
30 39
39 58
86 54
61 87
64 27
76 33
61 83
6 98
85 78
38 85
24 39
68 66
77 50
5 41
64 96
51 2
51 12
89 67
0 53
1 7
37 68
53 75
6 29
15 46
57 83
12 86
85 69
80 49
65 31
4 16
44 93
36 35
59 36
95 92
51 33
12 5
8 18
34 75
16 44
58 28
30 44
49 10
45 15
94 49
83 38
95 19
25 6
8 66
88 22
28 97
41 14
24 9
58 83
90 41
79 39
3 76
54 97
78 90
87 25
9 13
79 3
73 89
74 61
11 2
10 4
68 35
14 79
70 4
43 75
29 50
25 59
40 12
84 1
25 16
19 56
19 44
45 45
99 68
61 67
46 77
31 18
78 27
94 59
77 19
83 3
70 61
17 42
85 63
39 95
72 38
63 33
58 70
61 56
99 92
75 77
19 21
36 48
92 7
17 75
11 88
36 34
29 54
29 67
69 68
7 77
99 87
73 98
27 3
21 15
52 65
23 21
41 86
9 29
20 91
35 49
97 77
1 24
46 0
11 19
98 95
20 25
99 93
40 51
59 63
24 52
1 86
81 22
77 69
23 39
25 93
11 23
70 64
47 16
64 10
6 60
39 5
53 31
8 64
47 32
16 48
70 50
22 47
38 96
39 49
19 62
65 66
30 29
29 18
43 35
78 34
92 84
18 52
48 65
36 17
65 7
19 88
6 90
86 25
87 12
76 18
41 5
36 37
92 67
23 84
3 41
88 51
6 25
20 72
32 91
12 90
33 46
71 82
30 11
46 6
29 39
76 56
36 52
93 39
93 81
43 52
6 15
76 90
7 88
81 92
34 16
64 57
50 94
53 1
71 64
25 7
16 18
99 62
0 42
14 6
9 90
78 30
61 64
98 25
73 49
72 94
47 85
46 18
2 71
78 70
90 77
32 90
48 80
49 18
34 78
87 8
79 11
54 28
88 1
14 34
72 68
58 50
38 48
27 71
38 50
69 38
30 10
88 31
80 67
93 15
97 81
75 28
44 29
82 23
91 29
4 29
77 83
52 67
33 22
58 64
84 46
47 64
65 41
31 63
22 6
43 18
35 0
3 70
23 75
96 34
1 98
22 59
23 23
2 54
61 81
95 48
82 50
18 57
24 82
76 20
16 40
68 17
90 43
29 4
49 86
18 24
9 20
49 92
81 96
46 63
58 96
54 86
16 70
26 37
39 69
80 20
73 81
7 43
58 68
16 323 251
105 86 800
173 199 16
238 457 390
319 404 697
368 175 385
429 246 39
454 352 627
518 518 467
577 10 146
665 29 10
701 136 376
784 52 481
882 139 38
915 219 211
952 329 360
988 88 408
989 221 693
1048 94 748
1111 22 274
1201 370 6
1252 418 946
1336 274 80
1358 320 977
1429 457 494
1486 3 391
1542 428 995
1572 580 252
1573 208 306
1587 432 750
1638 97 927
1655 271 271
1658 163 721
1677 452 868
1711 127 342
1747 287 102
1767 142 857
1814 361 447
1875 46 840
1959 37 871
1965 446 238
1967 494 385
1987 345 429
2077 57 356
2129 103 925
2182 207 497
2261 180 961
2350 406 270
2357 499 689
2448 128 79
2452 552 116
2549 228 762
2591 393 438
2679 199 691
2699 479 818
2764 222 878
2861 244 597
2937 542 422
2985 488 649
3035 558 30
3125 174 226
3224 448 669
3243 76 427
3288 382 860
3306 252 752
3359 541 219
3440 473 723
3478 525 397
3478 291 417
3572 222 649
3594 47 588
3653 372 20
3749 117 391
3843 47 35
3892 55 901
3893 223 24
3893 147 189
3973 272 416
4063 463 359
4070 318 990
4141 444 108
4187 33 523
4243 342 959
4308 355 18
4342 209 740
4418 355 3
4449 391 490
4480 51 340
4484 595 178
4515 411 286
4597 51 953
4691 72 201
4721 350 702
4722 247 568
4813 563 204
4861 495 738
4868 295 78
4940 541 482
4978 72 253
5037 308 706
5104 587 243
5116 530 102
5134 257 105
5149 497 502
5155 144 325
5174 597 608
5242 394 73
5300 364 441
5300 581 664
5310 62 809
5375 291 574
5398 491 524
5454 534 693
5476 553 179
5565 236 522
5655 497 797
5705 32 107
5777 371 361
5851 100 839
5906 465 544
5909 594 530
5917 236 737
5918 417 989
5951 49 475
6012 465 467
6105 495 115
6138 216 207
6158 553 603
6175 307 195
6198 393 645
6278 460 508
6314 513 995
6349 541 471
6399 590 500
6403 230 927
6496 74 899
6566 481 440
6638 43 388
6690 213 831
6712 318 960
6795 342 924
6864 74 714
6909 141 577
7000 390 741
7043 464 17
7129 381 348
7163 413 259
7257 123 559
7315 290 298
7323 81 463
7324 573 527
7337 483 640
7405 321 74
7459 597 395
7557 516 586
7638 427 828
7685 227 370
7768 319 640
7770 400 541
7787 261 192
7793 38 283
7875 436 942
7928 552 221
7969 319 415
8053 553 219
8110 234 792
8197 535 600
8251 245 330
8333 312 412
8372 280 89
8448 84 215
8513 471 914
8573 173 127
8647 587 715
8703 429 222
8707 216 270
8767 392 81
8857 40 126
8907 504 573
8978 125 72
9028 550 688
9079 99 30
9163 194 129
9233 187 568
9238 515 298
9321 426 96
9373 152 518
9378 259 85
9444 249 854
9450 455 77
9472 258 871
9497 85 987
9537 43 113
9564 323 125
9630 134 118
9654 45 500
9691 566 476
9696 112 956
9775 1 25
9794 320 707
9838 251 934
9845 8 11
9881 251 786
9938 86 674
10019 566 453
10063 321 626
10124 321 96
10218 368 69
10305 308 924
10316 162 279
10381 363 558
10470 149 725
10484 235 794
10533 51 608
10593 442 198
10612 443 316
10696 347 567
10760 46 306
10836 589 728
10887 5 185
10957 88 937
11007 36 261
11035 578 974
11045 537 6
11075 127 387
11169 180 629
11203 44 996
11270 255 518
11322 88 712
11387 541 61
11425 33 530
11473 524 616
11498 284 530
11572 278 255
11577 21 154
11635 274 892
11705 173 159
11771 335 536
11823 116 633
11880 107 584
11909 137 156
11926 471 123
11973 549 385
12016 313 72
12083 481 627
12142 62 170
12205 555 573
12208 281 32
12231 295 369
12322 48 712
12328 207 830
12421 498 210
12463 131 43
12497 437 865
12552 102 385
12624 113 851
12705 248 216
12746 99 819
12837 407 912
12870 72 890
12929 267 766
12958 101 31
13039 577 681
13123 168 274
13178 521 149
13265 136 650
13307 114 854
13332 174 424
13337 584 283
13432 48 909
13515 310 642
13550 139 616
13614 195 325
13696 114 119
13774 519 360
13857 491 471
13898 43 861
13991 422 850
14078 70 731
14142 224 549
14179 132 932
14272 312 976
14281 541 951
14312 15 597
14340 241 665
14404 290 774
14459 163 962
14520 224 804
14525 259 1000
14571 463 279
14665 137 503
14681 393 184
14708 35 416
14735 527 51
14735 132 548
14817 472 916
14883 511 916
14926 413 275
14933 204 299
15005 452 4
15095 278 305
15137 527 28
15196 323 444
15250 548 5
15274 104 349
15363 576 78
15453 590 625
15518 535 625
15553 594 648
15630 277 82
15711 29 242
15783 499 177
15805 16 599
15895 205 60
15950 55 936
16000 4 925
16054 150 295
16064 218 249
16075 94 386
16087 481 35
16095 16 231
16152 102 138
16180 354 547
16215 229 829
16300 408 439
16381 176 752
16450 318 707
16501 277 935
16577 170 411
16653 329 199
16728 468 321
16794 381 810
16865 89 564
16951 16 944
17023 133 396
17118 26 503
17194 40 723
17256 68 440
17269 57 593
17332 540 589
17423 121 275
17517 452 596
17552 144 373
17566 209 91
17651 34 180
17693 262 929
17709 578 687
17800 503 9
17852 119 559
17932 564 505
17935 110 55
17947 402 645
17984 95 228
18068 151 421
18115 363 50
18189 35 268
18254 198 260
18322 246 466
18348 10 996
18389 272 464
18485 167 406
18538 346 199
18597 251 95
18664 293 708
18704 242 212
18735 572 985
18798 189 143
18814 555 183
18860 590 61
18888 184 673
18967 546 105
19056 346 885
19078 555 223
19144 191 130
19147 206 509
19206 600 377
19266 512 141
19338 173 480
19389 230 88
19453 441 98
19505 408 609
19559 161 921
19635 440 351
19676 67 366
19714 354 432
19789 533 338
19805 322 987
19860 285 811
19903 171 566
19997 173 707
20093 262 615
20132 167 318
20179 237 848
20234 37 907
20241 484 790
20280 481 864
20319 414 357
20341 355 123
20396 275 469
20481 293 670
20531 551 843
20617 232 803
20643 463 657
20667 201 552
20671 311 847
20701 383 200
20785 196 475
20801 111 200
20803 90 258
20838 55 120
20918 186 756
20924 501 540
20965 343 355
21021 447 675
21068 296 963
21100 362 3
21131 126 139
21194 412 665
21281 478 393
21355 232 497
21412 39 206
21496 38 381
21510 289 224
21567 94 287
21606 546 128
21679 52 554
21775 1 586
21805 324 643
21900 74 737
21904 558 684
21971 373 885
22068 143 676
22110 98 679
22204 135 121
22277 452 664
22376 334 233
22452 270 327
22509 510 316
22524 341 736
22554 510 268
22598 284 228
22694 572 298
22730 513 24
22816 286 672
22868 148 916
22951 555 206
22969 235 12
23005 21 237
23104 389 138
23109 162 391
23119 433 360
23127 561 767
23168 348 349
23244 563 876
23309 424 348
23342 336 596
23343 128 180
23405 467 479
23468 424 806
23516 251 894
23534 466 869
23565 264 596
23610 137 809
23670 266 997
23747 40 184
23766 305 887
23825 225 143
23878 405 59
23906 141 837
23933 236 713
24016 389 361
24089 154 275
24112 177 878
24131 183 996
24190 546 948
24217 504 154
24271 318 600
24300 121 891
24363 376 307
24416 145 487
24502 584 276
24528 221 64
24590 558 112
24618 80 1
24672 528 835
24699 343 693
24760 409 22
24816 48 1000
24857 81 628
24933 109 167
24989 326 729
25000 482 340
25059 70 700
25113 364 153
25185 550 454
25221 97 496
25246 247 758
25329 532 172
25418 86 21
25471 404 276
25533 116 988
25605 133 998
25631 437 787
25716 315 790
25759 288 781
25796 34 495
25861 238 278
25959 320 401
26025 80 404
26105 586 149
26156 330 420
26209 109 749
26215 387 912
26280 537 613
26313 212 838
26326 256 516
26419 130 510
26465 139 804
26486 225 515
26572 69 203
26594 531 850
26671 191 914
26721 495 869
26803 561 446
26834 454 856
26908 164 399
26978 210 386
27034 38 387
27091 164 55
27151 473 78
27213 74 333
27285 487 852
27369 154 595
27409 468 246
27418 307 114
27446 305 936
27524 60 386
27598 135 481
27624 367 859
27720 253 942
27775 401 707
27804 562 203
27805 322 941
27818 109 631
27913 115 777
27947 419 458
27973 290 321
28013 455 754
28093 251 643
28192 452 1000
28270 320 434
28325 253 366
28354 114 245
28382 57 179
28471 47 672
28531 444 597
28533 136 116
28592 357 160
28661 443 226
28673 7 873
28744 284 763
28775 415 522
28859 325 79
28915 19 927
28986 375 706
29079 552 570
29115 559 554
29116 202 624
29184 77 627
29246 109 829
29344 547 867
29419 2 887
29510 261 179
29561 13 838
29649 161 511
29735 544 262
29821 251 517
29888 382 100
29966 395 184
29984 367 485
30002 171 322
30059 104 994
30084 308 188
30131 517 518
30216 214 916
30230 253 808
30238 367 775
30326 84 363
30352 148 769
30381 580 912
30381 358 445
30430 342 506
30442 55 312
30478 84 840
30483 286 194
30566 433 233
30595 78 776
30636 39 120
30673 196 726
30722 442 460
30777 591 401
30864 360 429
30940 71 259
31039 309 456
31077 96 511
31142 77 221
31227 382 801
31251 90 923
31335 87 250
31399 186 765
31494 164 306
31496 271 494
31569 249 138
31589 281 607
31591 380 376
31649 278 173
31736 308 923
31798 200 366
31896 266 867
31909 9 655
32000 109 166
32050 474 552
32064 147 595
32067 310 25
32153 35 555
32173 460 855
32211 242 341
32279 259 805
32292 247 335
32367 365 572
32436 36 384
32505 343 331
32519 119 163
32565 360 985
32633 207 48
32686 63 989
32749 4 565
32754 67 881
32783 234 829
32882 114 329
32903 535 25
32927 248 542
32980 503 617
33074 300 882
33171 356 601
33226 389 795
33231 52 13
33315 312 97
33332 171 324
33335 134 914
33384 27 618
33392 339 386
33446 318 795
33509 282 405
33572 32 588
33664 8 177
33699 548 894
33701 571 629
33761 551 744
33762 58 183
33791 566 850
33821 508 434
33891 444 615
33987 17 674
34063 94 91
34153 539 418
34202 368 957
34293 69 308
34340 44 4
34418 30 258
34508 309 317
34529 37 505
34584 136 137
34627 218 691
34694 299 214
34746 186 918
34845 48 416
34917 577 980
35005 598 99
35021 599 103
35049 503 2
35086 426 983
35163 51 299
35245 321 725
35297 78 353
35337 271 367
35411 440 533
35451 249 467
35545 334 288
35632 480 344
35673 345 915
35749 305 99
35818 67 125
35881 539 187
35953 27 143
35998 512 504
36051 24 632
36072 322 816
36160 262 862
36212 103 942
36263 7 943
36341 268 869
36366 279 676
36372 359 261
36393 91 228
36486 514 589
36544 338 800
36564 122 387
36581 592 98
36627 211 936
36716 515 597
36761 572 909
36796 498 515
36862 436 801
36941 218 544
36981 86 440
36987 84 846
36993 448 900
37073 14 959
37126 422 711
37219 522 888
37292 462 384
37321 125 242
37383 264 857
37419 293 756
37472 493 462
37531 81 812
37572 569 377
37646 372 981
37693 440 624
37786 160 640
37863 403 954
37888 490 645
37907 539 166
37991 72 694
38089 424 81
38153 572 883
38247 250 996
38266 356 274
38347 97 524
38440 471 185
38500 93 459
38579 493 317
38607 358 312
38633 186 166
38691 436 815
38711 446 733
38795 334 447
38811 140 882
38863 457 248
38900 222 946
38961 535 787
38986 332 396
39004 289 76
39027 234 254
39040 539 185
39111 430 33
39145 292 950
39199 414 656
39296 118 793
39329 127 732
39329 329 271
39404 254 353
39414 47 552
39485 515 317
39544 81 397
39553 518 723
39588 410 101
39641 259 954
39721 170 298
39789 118 585
39835 384 655
39875 266 965
39922 94 130
39949 292 856
39967 96 5
40025 311 117
40124 259 776
40126 198 25
40200 124 369
40252 289 274
40292 347 92
40328 209 23
40357 244 573
40415 352 769
40426 362 63
40469 213 369
40499 436 347
40597 56 173
40694 157 550
40773 154 176
40856 244 391
40905 371 519
40959 445 896
41053 46 742
41073 562 765
41086 55 497
41141 542 503
41196 85 903
41263 273 903
41298 451 252
41322 274 416
41387 429 447
41414 164 683
41437 179 834
41529 252 80
41574 593 549
41655 497 695
41747 121 386
41846 451 155
41854 202 417
41950 408 30
41989 77 44
42085 308 305
42162 436 622
42212 30 529
42271 81 551
42291 478 992
42323 343 828
42380 51 485
42450 599 768
42461 311 117
42502 400 409
42521 432 277
42587 395 365
42674 599 38
42714 469 532
42793 540 822
42835 32 933
42882 396 418
42980 102 434
43009 65 145
43032 548 824
43048 104 429
43056 7 943
43103 120 432
43111 217 618
43116 536 788
43196 351 57
43248 522 692
43252 385 60
43292 305 616
43292 86 352
43336 559 265
43372 169 821
43450 539 687
43496 68 585
43592 33 372
43642 250 713
43720 549 545
43725 277 371
43745 205 393
43786 558 130
43884 479 302
43976 165 553
43983 289 290
44068 490 258
44152 382 549
44191 474 919
44218 373 696
44249 514 828
44338 289 457
44346 49 760
44353 50 161
44410 546 757
44426 524 990
44432 170 748
44450 244 966
44471 515 407
44557 186 936
44627 124 734
44653 405 170
44732 120 615
44755 491 21
44777 512 206
44792 193 720
44793 48 246
44813 316 950
44876 591 233
44879 435 592
44929 6 58
44950 268 45
44974 428 33
45065 503 445
45084 594 929
45152 26 370
45203 281 276
45208 153 742
45260 374 368
45302 95 205
45386 326 408
45421 365 86
45504 404 824
45597 244 283
45639 385 948
45680 179 587
45689 329 557
45737 250 651
45796 23 233
45879 456 617
45966 225 163
46047 489 364
46108 586 376
46174 22 950
46178 539 996
46261 324 627
46294 86 2
46351 504 970
46406 440 133
46455 372 690
46516 471 79
46521 228 124
46591 459 234
46628 592 742
46724 432 739
46813 228 125
46818 598 90
46917 37 712
46963 193 121
46972 369 215
47065 470 391
47096 393 197
47140 363 474
47217 429 487
47241 45 218
47280 144 522
47298 2 35
47383 304 483
47422 573 773
47451 561 153
47519 235 372
47545 70 469
47555 232 146
47636 292 899
47680 73 709
47747 24 837
47811 462 365
47841 357 895
47865 4 753
47884 40 902
47963 487 529
48000 180 951
48076 325 542
48077 404 863
48151 163 836
48176 351 980
48218 303 605
48249 327 58
48273 257 129
48362 294 874
48402 109 97
48420 213 829
48440 419 252
48477 229 859
48524 582 103
48620 343 820
48696 510 583
48761 79 300
48842 517 376
48857 197 382
48903 251 448
48905 20 67
48999 79 375
49055 472 547
49138 556 820
49176 53 73
49251 387 82
49251 208 425
49271 295 189
49323 367 414
49394 326 405
49445 544 767
49534 118 404
49582 355 870
49634 515 611
49650 427 876
49723 526 112
49818 453 955
49917 433 963
49966 398 837
50002 360 403
50094 60 897
50161 462 902
50217 537 716
50246 58 884
50312 240 220
50316 536 685
50321 562 123
50404 201 935
50441 165 571
50513 444 95
50542 546 318
50633 577 410
50699 562 858
50737 344 695
50764 202 832
50821 171 831
50834 199 240
50861 169 793
50938 592 231
51003 135 914
51053 195 64
51134 490 393
51141 180 438
51191 525 110
51224 112 290
51299 310 27
51374 551 254
51454 67 9
51528 203 611
51553 69 672
51569 348 635
51635 104 509
51679 443 183
51703 351 420
51750 274 162
51761 464 197
51789 373 513
51793 130 37
51887 159 270
51953 262 718
52030 535 243
52054 350 54
52111 62 264
52206 224 673
52220 320 376
52304 106 136
52356 211 163
52383 14 637
52446 360 653
52528 73 756
52573 494 667
52639 266 282
52702 67 582
52706 298 364
52722 278 189
52770 245 506
52849 287 326
52941 501 465
52970 344 317
52975 139 213
53044 306 73
53141 10 174
53165 103 879
53230 268 98
53304 574 731
53375 242 595
53451 17 522
53453 165 345
53529 18 354
53552 280 495
53572 500 395
53577 388 870
53676 374 406
53706 174 627
53706 153 763
53719 594 254
53785 596 11
53790 164 399
53882 54 881
53912 365 366
53951 187 694
53988 512 647
54036 552 618
54090 551 223
54131 564 100
54195 208 135
54197 562 235
54269 219 364
54277 293 960
54360 127 367
54390 15 571
54419 328 864
54452 168 511
54506 279 705
54601 323 908
54608 393 514
54685 228 222
54756 552 357
54765 35 207
54770 20 458
54816 324 183
54898 375 604
54908 269 280
54953 486 107
54965 412 259
55028 468 187
55086 343 156
55164 264 358
55184 195 334
55235 516 22
55295 159 783
55354 512 361
55394 408 836
55402 313 723
55415 14 762
55497 565 615
55522 350 163
55589 560 499
55595 584 465
55680 68 445
55731 389 556
55767 476 699
55782 578 151
55818 277 497
55908 174 335
55918 175 806
55961 141 454
55981 289 104
56014 495 904
56018 511 966
56043 324 710
56123 127 558
56209 398 36
56245 435 215
56322 54 392
56420 28 573
56471 139 879
56507 174 424
56536 133 907
56607 288 295
56646 4 197
56735 577 373
56817 338 410
56896 343 534
56946 386 30
56993 289 625
57006 378 910
57081 79 47
57147 81 378
57167 497 231
57227 12 309
57296 88 883
57304 401 528
57331 274 97
57336 513 503
57387 263 906
57424 164 59
57472 87 902
57543 363 969
57566 586 191
57619 543 20
57715 521 141
57770 428 1
57809 313 192
57893 385 924
57925 223 702
58015 433 475
58050 375 236
58118 95 844
58137 586 262
58195 550 132
58202 463 682
58262 383 208
58354 257 486
58393 21 379
58403 593 812
58494 179 272
58546 505 470
58631 130 92
58689 34 203
58761 123 70
58859 132 84
58886 187 419
58919 344 59
58944 375 939
59029 361 681
59113 501 780
59128 56 341
59161 85 489
59216 482 118
59254 598 214
59292 124 781
59343 57 284
59436 213 257
59466 545 212
59554 115 385
59631 567 429
59651 96 1
59726 220 630
59824 175 274
59915 252 990
60001 161 158
60058 566 717
60109 30 708
60187 188 307
60283 279 208
60345 197 212
60367 455 792
60416 246 458
60515 442 122
60547 162 702
60620 422 205
60717 418 236
60776 256 8
60782 252 269
60857 500 599
60901 122 377
60991 399 305
61081 363 453
61111 316 338
61156 255 440
61236 453 928
61304 5 448
61353 345 269
61426 289 531
61476 474 276
61565 444 575
61567 451 954
61637 199 820
61701 425 974
61701 91 623
61714 326 504
61764 563 859
61822 409 990
61887 287 422
61968 95 695
62022 401 208
62101 309 194
62104 360 872
62107 468 350
62185 155 693
62220 350 733
62297 173 919
62325 163 966
62371 187 870
62454 151 269
62509 87 927
62552 337 993
62578 42 522
62623 143 261
62648 562 467
62719 261 654
62744 185 843
62789 302 841
62861 516 231
62911 441 327
63007 8 8
63068 330 135
63120 535 291
63186 298 477
63264 454 618
63269 11 409
63301 290 297
63329 383 258
63392 355 489
63489 584 204
63550 121 989
63619 186 731
63647 330 531
63663 22 621
63736 242 914
63794 277 636
63845 127 84
63847 435 292
63933 402 641
63983 512 770
64020 509 263
64061 442 75
64106 187 858
64169 2 357
64207 325 103
64277 209 640
64364 237 335
64427 583 432
64494 66 689
64505 190 307
64570 88 670
64633 95 171
64658 348 722
64728 409 710
64810 571 132
64813 238 202
64888 306 259
64902 598 530
64933 202 956
64971 276 97
65034 134 664
65079 206 231
65086 467 65
65177 14 582
65238 383 870
65270 82 68
65319 225 684
65332 417 137
65418 264 169
65506 140 405
65521 307 478
65597 426 660
65678 107 711
65690 512 293
65781 181 448
65801 197 112
65835 167 519
65913 217 918
65948 161 896
65949 167 935
65991 232 488
66044 144 365
66061 201 865
66128 199 671
66151 137 40
66250 379 27
66320 135 372
66418 410 47
66431 164 764
66484 374 852
66572 262 374
66648 245 655
66746 236 601
66793 421 529
66812 24 97
66872 323 759
66904 19 190
66972 42 809
66997 323 265
67015 53 464
67071 1 31
67163 168 240
67209 332 470
67247 335 705
67251 358 392
67289 503 628
67299 278 893
67389 408 14
67405 485 592
67450 264 392
67541 374 403
67551 149 235
67649 321 769
67657 352 37
67734 191 791
67807 381 836
67866 346 718
67965 371 958
68036 437 282
68060 373 754
68065 396 235
68076 400 567
68128 383 998
68183 291 357
68242 434 46
68313 108 836
68328 571 983
68419 263 73
68459 36 681
68551 372 874
68612 477 174
68660 63 446
68696 424 895
68704 502 498
68790 177 961
68882 200 410
68928 599 566
68976 202 309
69058 342 278
69072 38 421
69118 416 151
69192 389 673
69269 152 377
69365 75 354
69399 102 67
69405 141 726
69475 263 44
69569 69 581
69575 232 105
69668 243 505
69738 453 416
69801 263 472
69806 516 352
69829 445 929
69847 57 875
69911 46 611
70005 335 19
70091 440 3
70098 194 374
70184 150 255
70214 262 751
70234 103 155
70269 381 823
70336 148 293
70416 207 748
70489 415 669
70548 440 867
70626 293 398
70648 293 817
70690 264 223
70735 401 578
70803 593 519
70871 143 784
70893 342 808
70909 489 664
70963 399 361
70991 52 367
71077 141 384
71077 394 249
71163 420 15
71243 153 643
71314 81 175
71363 578 7
71448 29 689
71542 89 107
71610 240 380
71611 348 81
71699 448 893
71705 332 571
71765 9 764
71792 62 766
71828 21 266
71860 384 404
71922 313 1000
71925 179 417
71938 244 592
71973 289 341
71988 204 129
72031 416 593
72040 216 680
72049 12 8
72137 382 868
72166 4 242
72243 356 572
72253 53 24
72299 164 596
72330 328 465
72369 255 587
72401 134 399
72485 314 971
72510 128 361
72574 161 499
72629 224 450
72704 207 342
72705 396 893
72754 387 607
72849 581 681
72903 250 525
72992 114 998
73045 431 13
73111 16 68
73127 195 443
73216 582 543
73315 193 50
73345 244 740
73390 486 231
73454 90 105
73472 556 938
73532 45 680
73539 362 651
73566 367 838
73635 270 212
73731 365 565
73740 134 46
73838 198 365
73844 559 680
73899 106 355
73980 457 541
74077 409 302
74116 253 367
74181 71 80
74204 491 118
74260 480 812
74280 136 78
74330 81 891
74387 122 88
74408 289 579
74505 511 170
74517 245 816
74580 368 722
74630 137 50
74708 578 403
74739 363 863
74830 221 600
74859 342 296
74921 244 577
74957 97 139
75050 437 115
75130 399 346
75178 8 158
75231 213 278
75238 444 944
75307 346 984
75356 79 705
75372 374 123
75391 284 808
75398 22 681
75421 511 728
75422 367 541
75479 241 394
75494 119 234
75512 35 946
75592 477 528
75663 504 545
75754 386 220
75836 207 329
75864 24 936
75876 258 50
75955 230 459
76047 241 884
76122 573 407
76203 330 825
76226 167 354
76285 207 473
76357 429 953
76409 112 961
76430 84 486
76491 34 116
76589 91 664
76590 257 136
76651 224 254
76702 435 998
76762 429 102
76793 301 438
76845 512 358
76874 126 902
76876 376 615
76935 315 260
76987 170 152
76990 398 884
77006 353 110
77073 201 562
77147 67 936
77195 598 119
77285 313 192
77350 215 499
77432 55 676
77451 101 137
77480 25 550
77493 511 778
77556 573 899
77613 391 907
77707 213 754
77793 262 876
77809 409 27
77876 388 92
77915 326 121
77952 226 501
78032 585 833
78069 391 127
78107 278 590
78148 392 168
78188 176 699
78238 165 783
78262 276 425
78354 95 785
78433 357 630
78460 298 693
78463 413 979
78547 485 85
78629 496 868
78701 316 787
78704 117 333
78760 500 270
78780 350 569
78874 371 389
78947 78 732
79002 32 695
79015 592 655
79018 527 727
79086 307 498
79162 503 964
79222 498 525
79285 447 237
79300 303 454
79376 32 684
79458 489 339
79464 231 653
79477 280 956
79539 58 312
79634 300 427
79637 368 658
79692 425 764
79727 569 783
79780 7 675
79860 62 448
79887 364 34
79920 376 748
79927 485 5
80009 345 922
80078 550 908
80119 371 176
80173 298 397
80245 138 218
80343 307 331
80370 68 361
80436 407 412
80507 133 993
80589 595 258
80668 566 397
80742 399 788
80792 153 179
80800 131 255
80886 560 598
80899 348 139
80974 40 758
81036 353 418
81083 117 690
81164 371 156
81239 416 276
81300 187 76
81376 12 758
81406 286 467
81423 184 597
81434 271 464
81518 515 209
81615 49 278
81705 340 865
81774 226 933
81830 550 4
81902 39 11
81940 158 726
82037 10 929
82064 253 591
82126 247 855
82173 363 24
82179 69 354
82208 227 533
82279 514 222
82367 161 133
82427 133 272
82524 437 948
82562 115 802
82582 326 863
82666 168 746
82670 177 201
82765 217 340
82811 95 786
82862 533 968
82938 208 989
83012 97 714
83025 508 942
83077 237 597
83081 572 275
83111 560 940
83126 250 594
83166 172 632
83245 542 639
83250 73 253
83311 108 233
83346 468 850
83376 311 207
83427 257 351
83511 559 619
83520 130 867
83534 296 883
83566 32 533
83581 266 128
83624 410 258
83679 443 206
83682 400 84
83685 4 835
83737 74 943
83830 438 777
83906 278 363
83942 226 847
84039 192 968
84110 498 554
84145 437 413
84194 264 601
84242 54 403
84251 384 236
84265 214 267
84317 434 659
84382 296 42
84478 63 557
84546 570 774
84604 377 460
84679 394 267
84704 513 840
84723 111 10
84785 378 530
84840 76 372
84911 476 729
84957 381 660
85021 203 676
85106 516 511
85136 554 764
85215 565 822
85295 347 212
85332 139 463
85366 589 142
85401 79 994
85491 396 650
85519 116 607
85530 363 247
85608 475 316
85633 268 753
85668 414 455
85681 71 938
85707 37 762
85790 157 412
85864 298 261
85956 466 527
85991 237 260
86031 417 293
86119 84 174
86174 423 827
86272 240 47
86287 49 82
86368 40 10
86437 118 741
86514 256 887
86602 541 698
86642 293 428
86718 115 466
86771 271 253
86848 259 671
86906 576 845
86990 47 9
86999 364 498
87095 23 83
87166 61 957
87263 202 763
87349 537 668
87448 89 712
87456 295 481
87472 532 679
87548 6 526
87591 352 315
87621 12 452
87676 479 171
87754 30 129
87758 379 837
87805 519 258
87871 160 188
87967 112 217
88055 65 657
88076 544 960
88122 491 732
88125 34 276
88179 259 153
88195 134 24
88228 307 51
88271 102 546
88279 115 884
88288 389 976
88384 244 844
88422 116 116
88441 278 228
88473 409 540
88520 509 917
88535 11 103
88538 333 756
88582 469 121
88635 331 92
88689 406 347
88694 257 516
88764 334 392
88795 538 540
88795 246 50
88847 80 794
88885 516 89
88964 349 360
88972 562 644
89057 246 174
89102 375 817
89159 131 945
89184 33 762
89202 181 176
89205 445 745
89234 187 323
89307 20 388
89378 433 412
89440 115 13
89508 23 211
89588 508 978
89611 290 643
89627 12 495
89697 54 984
89739 427 510
89787 113 132
89804 556 534
89814 554 923
89818 440 134
89832 287 66
89847 341 114
89905 328 377
89924 174 641
89961 305 693
90002 553 319
90021 457 424
90062 132 758
90141 509 182
90191 447 102
90241 505 747
90258 227 543
90353 406 269
90360 205 835
90402 562 279
90468 506 869
90530 326 576
90601 574 746
90692 125 296
90778 175 951
90863 32 285
90922 187 941
90940 514 809
91000 379 721
91075 213 422
91163 363 112
91166 116 123
91241 452 252
91246 454 275
91311 256 172
91390 289 853
91461 219 747
91493 105 421
91583 1 512
91673 338 603
91743 163 649
91774 157 214
91836 451 595
91847 183 532
91858 79 667
91870 583 143
91931 49 838
92011 331 743
92071 88 432
92091 500 548
92113 19 314
92139 561 576
92174 281 105
92220 191 887
92237 72 634
92258 59 924
92289 376 856
92317 597 295
92356 347 903
92448 103 117
92451 378 471
92478 28 821
92525 437 261
92555 49 582
92639 118 549
92651 4 341
92661 480 899
92717 594 740
92761 320 74
92813 557 67
92911 432 589
92977 153 460
93060 139 976
93072 355 84
93150 93 966
93196 333 920
93221 278 946
93312 154 311
93338 174 637
93423 429 369
93487 251 914
93536 47 950
93599 405 474
93650 457 657
93745 181 908
93825 118 529
93897 169 672
93975 483 601
94035 356 309
94098 27 555
94168 59 143
94183 498 221
94225 582 285
94294 403 863
94339 445 891
94365 594 189
94398 381 818
94405 293 716
94439 274 611
94469 474 201
94528 17 223
94613 411 477
94709 325 423
94804 470 683
94901 77 535
94927 253 870
94968 407 212
95042 9 373
95060 264 734
95080 592 987
95139 113 817
95173 135 376
95194 130 708
95268 147 731
95353 193 148
95421 108 28
95427 479 915
95436 214 23
95482 362 382
95548 247 385
95620 377 600
95689 263 380
95770 118 804
95784 276 768
95874 294 652
95901 32 277
95993 349 737
96017 238 412
96051 70 888
96130 590 901
96184 534 380
96230 421 65
96294 68 864
96296 151 442
96337 301 907
96350 293 513
96379 596 870
96413 315 490
96501 238 14
96600 250 147
96606 108 924
96705 448 877
96738 291 234
96765 102 384
96839 322 122
96909 294 615
96956 153 726
97036 365 693
97115 342 227
97161 492 450
97208 150 824
97259 452 402
97326 182 194
97406 599 315
97423 122 44
97480 46 325
97487 447 40
97496 403 524
97529 333 936
97623 68 88
97711 333 165
97798 311 472
97890 162 936
97894 226 849
97984 44 900
98017 380 607
98087 68 472
98106 275 334
98125 529 879
98183 285 33
98253 403 791
98279 458 215
98288 391 920
98291 243 496
98296 366 858
98379 393 932
98404 227 868
98409 135 422
98425 516 865
98429 255 705
98480 228 259
98495 278 500
98502 95 741
98520 55 957
98615 179 676
98639 55 671
98666 287 358
98669 109 6
98754 578 360
98815 350 472
98864 114 147
98890 147 664
98938 193 818
98979 126 183
99009 454 821
99099 472 229
99125 494 443
99177 509 530
99238 76 912
99335 129 448
99345 475 168
99376 108 133
99451 400 647
99523 573 218
99609 496 435
99690 98 366
99697 366 793
99708 306 62
99794 286 563
99817 587 764
99884 169 543
99973 6 309
100011 563 638
100085 255 120
100144 566 418
100230 303 988
100280 25 926
100366 425 154
100407 142 789
100443 78 104
100490 126 863
100580 93 13
100642 137 808
100690 358 811
100773 73 580
100817 300 85
100855 59 230
100916 103 503
101013 575 140
101065 33 584
101075 6 625
101134 405 887
101217 75 173
101303 235 196
101334 381 251
101404 535 30
101423 23 843
101514 598 558
101547 504 613
101604 505 420
101618 246 293
101619 157 167
101665 563 742
101670 121 843
101697 206 229
101702 303 83
101745 94 917
101823 111 549
101914 147 742
101998 309 608
102012 411 863
102103 71 992
102129 214 650
102157 263 651
102196 27 148
102257 547 520
102329 384 390
102358 574 777
102380 101 740
102401 547 248
102482 381 105
102514 245 619
102595 39 983
102612 150 575
102630 30 809
102694 298 570
102733 196 799
102822 392 814
102877 26 325
102949 30 349
102995 471 554
103017 511 602
103042 72 607
103134 91 543
103213 470 900
103266 372 798
103315 360 606
103337 98 419
103368 32 760
103461 123 641
103519 163 222
103616 502 196
103700 352 770
103784 408 371
103809 299 91
103884 391 123
103929 116 440
104026 357 105
104082 422 362
104149 55 180
104168 401 401
104258 163 536
104309 82 949
104361 132 485
104368 539 29
104390 134 775
104406 363 108
104504 222 879
104515 196 435
104539 538 384
104609 325 537
104667 324 163
104765 15 772
104813 353 791
104815 401 119
104892 495 147
104893 319 276
104897 31 466
104948 228 848
105032 312 582
105129 487 680
105138 478 425
105219 194 95
105252 209 162
105345 317 557
105351 292 569
105359 346 643
105397 280 380
105452 260 935
105468 402 619
105525 167 707
105551 99 762
105557 518 178
105617 406 570
105647 106 812
105660 210 698
105742 592 635
105789 175 562
105800 322 554
105846 589 515
105869 49 302
105903 1 703
105907 283 923
105928 442 846
105962 589 264
106020 552 6
106118 558 562
106153 488 871
106215 159 731
106216 258 473
106287 27 735
106298 460 40
106308 492 234
106360 298 922
106404 27 759
106407 245 495
106417 397 518
106421 31 658
106514 523 366
106531 416 579
106552 584 31
106554 29 778
106598 194 464
106677 151 208
106739 31 949
106813 255 568
106858 326 707
106903 25 34
106976 571 765
106984 3 693
107027 382 726
107075 571 714
107117 170 736
107164 430 811
107233 152 667
107261 465 107
107318 272 736
107337 477 304
107400 141 681
107472 533 631
107492 300 269
107578 186 736
107661 25 162
107743 73 902
107781 223 145
107861 185 852
107898 43 157
107898 595 350
107982 420 431
108012 364 264
108030 131 816
108087 437 551
108119 52 661
108133 469 802
108170 49 966
108217 65 10
108257 252 458
108339 304 787
108383 600 224
108449 306 533
108539 86 986
108626 38 169
108640 89 354
108725 581 720
108811 159 749
108847 376 60
108860 457 795
108903 303 58
108958 446 547
108987 166 419
109002 345 480
109030 391 927
109045 554 620
109096 302 924
109106 140 57
109112 83 690
109143 410 867
109191 134 714
109197 86 183
109212 275 828
109242 99 903
109266 368 281
109291 188 55
109306 118 177
109344 121 682
109358 32 486
109420 389 540
109499 399 659
109595 258 529
109653 574 730
109698 298 499
109736 193 155
109781 48 130
109792 421 866
109867 77 609
109898 539 695
109945 230 13
109986 110 24
110012 399 424
110067 600 390
110137 206 806
110231 43 222
110314 473 603
110351 529 701
110396 294 80
110441 53 719
110484 170 738
110560 227 253
110605 204 393
110607 8 534
110650 30 612
110678 256 605
110704 212 996
110724 145 762
110767 413 570
110784 150 773
110818 107 777
110875 391 615
110923 530 776
110953 202 871
111020 254 251
111065 229 833
111086 357 694
111098 370 723
111154 144 636
111250 513 81
111345 390 998
111349 388 256
111386 330 581
111407 87 573
111418 330 270
111477 460 938
111544 436 566
111590 581 879
111687 493 641
111699 278 421
111790 163 388
111882 565 560
111922 513 240
112011 122 441
112105 84 500
112141 155 11
112210 572 917
112283 271 548
112339 512 13
112403 370 406
112445 94 746
112536 245 806
112557 231 213
112647 593 175
112720 145 834
112760 31 612
112795 70 128
112841 318 929
112893 264 561
112936 154 551
113031 51 943
113130 499 935
113177 399 689
113261 358 122
113333 414 230
113343 273 517
113387 556 235
113427 234 205
113483 500 124
113576 542 853
113580 71 968
113628 126 108
113713 344 358
113810 330 620
113899 376 284
113931 4 837
113964 240 700
114022 283 280
114079 218 666
114120 87 441
114142 429 659
114241 298 536
114325 368 146
114420 316 126
114509 492 819
114519 291 59
114554 353 199
114630 346 82
114686 379 440
114725 462 234
114744 172 149
114747 198 618
114785 367 245
114804 274 607
114892 223 927
114902 331 415
114931 141 275
114963 580 632
114965 14 436
115051 579 933
115128 600 718
115135 396 207
115221 509 508
115235 243 666
115239 365 966
115314 475 780
115360 134 405
115397 318 888
115482 263 99
115485 508 114
115515 58 775
115522 547 835
115576 355 2
115591 271 629
115645 322 460
115688 394 44
115713 195 526
115802 145 477
115873 315 63
115906 385 934
115934 199 550
116025 545 574
116062 81 473
116080 136 700
116090 38 12
116115 224 514
116143 598 269
116234 93 912
116243 248 931
116274 27 430
116351 410 571
116437 65 782
116527 122 903
116590 41 841
116590 542 538
116684 142 13
116774 194 502
116873 102 250
116956 339 939
117031 458 84
117085 322 990
117098 127 974
117132 349 739
117141 120 544
117221 518 632
117309 69 729
117313 298 737
117318 217 206
117347 411 100
117423 298 36
117514 74 333
117523 581 801
117590 549 665
117618 308 992
117697 254 161
117726 562 78
117731 254 841
117739 52 91
117759 183 787
117773 276 366
117864 211 670
117962 480 979
118014 201 379
118047 476 821
118060 5 720
118064 21 623
118091 319 684
118147 127 2
118150 124 969
118212 153 357
118295 126 480
118353 74 600
118428 299 991
118446 317 760
118465 198 378
118521 551 426
118579 95 773
118602 170 580
118615 150 700
118655 172 219
118754 288 352
118758 350 672
118759 12 797
118777 44 20
118861 292 951
118942 207 797
118989 105 755
119078 396 956
119119 544 290
119139 566 758
119194 294 965
119226 511 737
119296 46 798
119355 314 897
119372 64 890
119455 599 333
119519 566 8
119563 127 486
119654 466 417
119721 549 64
119727 363 507
119802 48 880
119879 413 345
119912 576 818
119957 436 823
120053 533 215
120094 150 536
120149 576 955
120221 488 415
120276 408 373
120371 534 434
120442 519 209
120453 433 516
120550 226 655
120592 46 920
120688 165 144
120766 374 347
120855 461 738
120892 241 137
120911 364 741
120920 136 627
120965 504 17
120968 182 537
121047 61 966
121051 197 79
121071 479 703
121086 390 998
121106 84 546
121122 235 240
121128 447 891
121168 13 635
121242 122 207
121275 496 679
121292 229 600
121299 310 356
121377 481 452
121443 154 318
121444 2 256
121478 599 219
121516 537 154
121572 122 786
121653 560 89
121714 374 6
121781 518 799
121859 3 489
121862 262 426
121877 137 592
121885 595 304
121930 357 406
121935 213 618
122014 90 350
122020 585 181
122070 392 330
122152 492 38
122238 304 16
122244 352 902
122298 410 736
122351 294 495
122378 15 338
122400 272 420
122411 180 534
122478 456 607
122574 288 129
122619 56 859
122655 285 40
122711 202 20
122786 188 808
122788 575 211
122845 155 137
122854 598 897
122946 228 396
123011 580 717
123102 88 235
123108 562 667
123192 203 749
123213 400 274
123222 404 294
123222 296 718
123304 514 982
123310 327 745
123367 528 682
123428 79 217
123441 310 886
123448 9 778
123544 189 751
123595 249 990
123608 170 250
123658 352 65
123662 131 190
123754 525 676
123779 77 314
123846 367 583
123905 60 493
123978 201 563
124042 158 579
124090 296 358
124119 583 885
124159 511 143
124209 340 515
124247 330 459
124248 458 688
124343 76 468
124346 84 628
124390 477 402
124391 267 716
124479 19 384
124545 593 249
124607 54 52
124647 370 233
124695 47 742
124764 335 839
124861 532 49
124922 9 825
125004 376 296
125008 303 280
125065 148 260
125098 538 41
125167 325 201
125227 541 221
125316 8 722
125330 146 257
125415 75 490
125471 524 827
125496 428 469
125554 23 639
125575 15 652
125648 500 351
125688 219 233
125701 75 254
125777 121 644
125855 160 355
125869 172 653
125940 336 273
126022 130 716
126081 286 51
126153 322 435
126175 38 505
126252 258 606
126338 485 965
126400 312 249
126477 300 36
126532 329 177
126543 114 158
126581 472 491
126670 144 722
126737 493 808
126833 2 738
126855 514 590
126891 87 679
126899 319 507
126962 101 178
126964 54 507
127057 59 1
127077 268 275
127105 138 206
127108 46 460
127201 85 767
127202 559 652
127245 452 2
127251 343 507
127328 216 150
127402 567 789
127422 432 455
127422 121 881
127478 344 152
127509 411 456
127533 353 494
127563 469 91
127571 240 261
127582 569 584
127626 123 227
127711 363 385
127729 199 500
127784 114 568
127860 246 835
127868 125 200
127890 336 975
127962 161 590
128044 328 129
128054 501 715
128086 192 282
128132 405 509
128145 450 975
128170 194 722
128188 357 946
128229 93 779
128309 157 224
128320 91 937
128414 475 324
128438 354 162
128455 542 82
128479 397 602
128529 215 184
128618 135 823
128642 309 783
128700 44 736
128721 361 44
128722 546 203
128810 257 275
128891 361 404
128903 467 437
128935 117 323
128954 445 61
128984 584 623
129071 270 979
129166 250 126
129256 115 489
129265 77 818
129284 302 892
129357 268 53
129376 34 957
129427 295 779
129446 112 438
129530 78 874
129558 180 877
129647 575 705
129724 305 968
129732 437 502
129732 188 854
129804 422 375
129888 200 229
129957 476 34
130005 168 423
130039 482 704
130097 546 632
130121 439 688
130213 119 86
130244 113 261
130269 320 437
130349 426 414
130362 270 492
130399 434 211
130463 562 743
130495 39 64
130515 384 271
130566 533 25
130645 561 351
130655 223 764
130667 72 909
130765 407 922
130800 576 535
130884 444 237
130933 239 402
130939 73 902
131007 355 872
131084 114 174
131179 299 367
131225 333 988
131262 108 625
131357 413 879
131427 506 21
131449 220 902
131465 21 385
131483 17 874
131539 189 988
131566 369 53
131608 68 580
131609 160 699
131667 308 302
131687 24 232
131720 116 813
131743 286 945
131752 292 567
131850 259 71
131857 194 293
131886 572 193
131887 107 343
131973 135 976
132065 309 901
132079 51 344
132115 134 807
132142 460 682
132240 344 961
132277 123 234
132363 194 131
132429 169 145
132495 205 254
132576 217 636
132640 316 994
132644 535 269
132673 278 51
132707 579 840
132785 127 828
132830 489 331
132834 7 712
132920 115 726
132992 329 842
133039 151 401
133126 105 723
133209 358 673
133276 438 844
133297 550 685
133355 417 103
133431 570 137
133450 136 373
133516 559 168
133574 492 232
133594 288 346
133598 111 902
133600 125 353
133686 290 283
133779 86 406
133860 187 105
133944 308 317
133974 134 112
134041 365 723
134044 397 496
134141 88 665
134142 200 418
134161 298 91
134214 148 692
134244 164 301
134298 412 743
134329 231 192
134356 594 182
134414 487 352
134431 148 295
134483 397 4
134540 105 824
134597 339 157
134632 407 821
134708 85 973
134786 36 972
134831 497 894
134836 544 605
134885 467 482
134948 39 443
134963 62 266
135032 444 55
135052 510 321
135069 264 286
135077 252 301
135090 338 621
135188 460 167
135280 39 284
135375 468 928
135393 363 531
135440 159 162
135484 488 238
135503 171 708
135570 145 272
135667 300 274
135716 187 718
135789 197 549
135869 573 756
135945 523 290
136028 274 463
136078 8 909
136106 165 440
136147 453 959
136154 249 861
136169 83 699
136238 93 625
136275 392 645
136336 399 185
136410 440 919
136496 386 834
136572 180 294
136661 352 705
136668 120 558
136764 219 479
136822 493 125
136837 511 932
136846 77 411
136855 191 159
136915 452 646
136920 474 81
136947 233 876
137006 492 878
137055 149 755
137101 514 990
137127 426 723
137226 273 161
137321 358 180
137372 597 410
137451 190 976
137474 207 150
137509 464 897
137538 460 489
137542 195 615
137570 218 155
137658 362 263
137729 74 527
137826 408 767
137851 450 767
137935 392 95
137959 215 988
138022 364 525
138083 57 417
138096 339 234
138167 567 686
138224 142 696
138248 127 46
138334 511 125
138353 498 390
138386 449 633
138484 507 511
138508 597 66
138568 412 764
138626 92 455
138651 293 822
138657 468 224
138693 2 111
138717 148 95
138770 590 439
138858 310 793
138862 590 684
138890 207 445
138913 58 280
138998 476 88
139082 363 301
139133 351 674
139159 109 998
139215 379 221
139215 324 839
139266 431 946
139358 276 176
139382 311 262
139449 205 368
139502 66 713
139592 116 60
139630 442 769
139693 73 646
139707 346 280
139783 95 453
139865 500 88
139964 593 925
140039 277 358
140097 249 348
140156 544 7
140241 100 344
140324 264 509
140341 301 212
140362 574 323
140370 301 966
140392 582 594
140401 543 819
140465 109 422
140515 201 136
140599 469 88
140600 582 570
140687 261 10
140774 467 202
140853 486 745
140948 369 984
141036 201 283
141119 125 645
141206 308 480
141270 585 781
141320 258 319
141413 258 280
141467 350 927
141555 275 774
141563 423 731
141583 469 321
141599 18 477
141689 141 702
141708 2 188
141751 437 177
141751 552 661
141829 540 464
141857 64 569
141940 195 811
142035 398 594
142085 473 226
142128 343 985
142145 139 329
142156 96 657
142215 197 573
142235 243 676
142331 514 685
142344 275 507
142351 276 612
142386 353 880
142478 391 863
142480 373 491
142503 172 621
142578 352 655
142619 179 892
142707 314 510
142732 573 264
142766 5 354
142860 584 820
142925 529 691
142967 460 306
142982 301 106
143064 402 637
143148 103 211
143182 266 824
143207 486 887
143291 143 197
143304 330 29
143358 541 941
143426 464 741
143486 26 1000
143542 468 780
143605 92 613
143635 171 221
143702 250 461
143725 126 352
143727 219 780
143742 337 149
143778 67 142
143787 356 459
143790 55 892
143870 442 36
143933 123 234
143959 71 747
144015 200 366
144019 324 188
144085 27 905
144166 147 693
144257 68 925
144270 62 751
144317 222 61
144402 27 107
144430 216 444
144511 175 931
144581 184 349
144643 366 440
144649 521 279
144655 296 549
144682 545 429
144694 229 856
144720 64 504
144760 142 466
144780 186 784
144870 519 879
144892 330 745
144932 121 634
144997 249 16
145021 65 191
145076 379 826
145129 219 446
145214 33 623
145224 104 705
145257 519 235
145257 329 533
145346 108 181
145435 82 206
145491 201 210
145546 40 922
145569 199 962
145668 434 772
145688 298 219
145710 267 547
145795 517 573
145843 465 487
145846 7 640
145853 39 106
145916 338 969
145925 93 779
145938 290 441
145980 398 619
146054 47 67
146094 13 969
146128 495 115
146222 553 321
146304 152 900
146360 42 516
146394 274 324
146441 226 662
146473 108 203
146515 530 653
146567 80 949
146636 201 692
146688 509 241
146773 337 225
146842 134 605
146883 374 261
146910 212 400
146988 466 192
147037 362 8
147087 382 772
147164 549 97
147185 134 741
147257 139 750
147319 428 865
147389 577 264
147464 493 372
147485 303 927
147570 200 252
147606 416 744
147641 523 478
147720 563 943
147782 398 22
147809 268 140
147823 409 879
147880 558 901
147941 268 60
147963 119 550
148006 160 436
148014 6 206
148021 529 993
148058 423 733
148070 127 229
148146 144 805
148188 447 981
148285 20 446
148383 298 866
148418 204 42
148494 482 649
148522 124 4
148558 85 872
148584 413 763
148589 376 178
148647 421 160
